SYM-H
-294
-294
-294
-294
-293
-290
-288
-288
-288
-289
-290
-290
-289
-290
-291
-289
-289
-289
-288
-287
-286
-286
-289
-292
-292
-291
-291
-290
-290
-290
-289
-288
-287
-285
-283
-282
-281
-280
-280
-281
-281
-282
-282
-282
-283
-282
-281
-282
-283
-281
-280
-278
-277
-275
-274
-273
-272
-271
-270
-269
-270
-270
-269
-269
-268
-268
-267
-266
-266
-266
-266
-265
-264
-264
-263
-262
-260
-257
-251
-245
-240
-236
-233
-231
-229
-228
-229
-230
-229
-230
-231
-233
-234
-233
-232
-231
-232
-231
-230
-229
-228
-227
-227
-227
-228
-227
-228
-230
-231
-228
-227
-228
-228
-225
-224
-224
-224
-224
-225
-225
-225
-223
-223
-222
-221
-222
-222
-222
-223
-224
-225
-224
-223
-223
-223
-222
-222
-223
-223
-223
-222
-220
-220
-220
-220
-219
-219
-219
-219
-220
-218
-218
-218
-217
-218
-221
-223
-223
-222
-221
-220
-218
-216
-215
-214
-215
-214
-212
-211
-209
-208
-204
-196
-187
-186
-189
-192
-192
-191
-192
-192
-192
-190
-188
-184
-181
-182
-185
-184
-180
-179
-180
-177
-175
-174
-174
-176
-176
-171
-167
-166
-165
-162
-160
-161
-161
-161
-159
-159
-164
-171
-180
-185
-187
-187
-186
-186
-184
-182
-181
-180
-185
-191
-194
-193
-190
-188
-185
-186
-186
-187
-189
-190
-189
-189
-187
-185
-183
-180
-179
-180
-184
-184
-181
-180
-178
-178
-178
-178
-179
-180
-180
-180
-179
-178
-177
-177
-178
-179
-180
-179
-179
-179
-178
-178
-178
-179
-180
-178
-178
-178
-177
-175
-176
-174
-174
-175
-175
-173
-170
-169
-166
-165
-165
-164
-166
-167
-169
-169
-169
-169
-170
-170
-171
-172
-172
-172
-172
-173
-174
-174
-175
-175
-176
-176
-176
-176
-175
-176
-176
-175
-174
-174
-173
-174
-174
-173
-173
-173
-173
-173
-174
-174
-174
-174
-175
-175
-175
-175
-174
-174
-174
-174
-174
-174
-175
-176
-176
-176
-175
-174
-174
-174
-175
-175
-175
-173
-172
-172
-172
-171
-171
-169
-167
-166
-165
-163
-161
-161
-158
-156
-156
-154
-150
-148
-148
-147
-144
-138
-134
-131
-135
-146
-150
-146
-140
-133
-128
-128
-129
-130
-133
-135
-136
-135
-135
-134
-132
-131
-130
-133
-132
-132
-134
-133
-132
-133
-134
-135
-136
-135
-136
-136
-136
-135
-134
-132
-131
-132
-132
-130
-128
-129
-131
-131
-131
-131
-132
-134
-136
-139
-141
-141
-142
-145
-149
-154
-158
-159
-159
-162
-163
-163
-162
-160
-160
-160
-160
-160
-159
-158
-158
-158
-158
-157
-157
-157
-157
-158
-158
-157
-157
-157
-158
-158
-158
-158
-158
-158
-157
-158
-158
-157
-157
-157
-157
-158
-158
-159
-160
-160
-160
-160
-159
-159
-159
-159
-160
-161
-161
-161
-162
-162
-163
-163
-163
-163
-163
-164
-164
-164
-165
-166
-166
-166
-166
-166
-166
-166
-165
-165
-165
-165
-164
-164
-163
-162
-162
-162
-161
-162
-162
-162
-162
-162
-162
-162
-163
-163
-162
-163
-163
-162
-162
-162
-161
-161
-161
-160
-159
-159
-158
-157
-156
-155
-154
-153
-152
-152
-150
-150
-148
-146
-144
-142
-141
-141
-140
-138
-137
-137
-137
-136
-136
-136
-136
-135
-135
-134
-133
-133
-132
-132
-132
-131
-131
-131
-130
-130
-130
-129
-129
-129
-130
-129
-129
-130
-130
-130
-131
-131
-131
-131
-131
-132
-131
-131
-130
-130
-130
-130
-130
-130
-129
-129
-129
-129
-128
-128
-129
-128
-128
-127
-128
-128
-127
-127
-128
-128
-128
-128
-128
-128
-128
-128
-128
-127
-126
-126
-126
-126
-125
-125
-124
-124
-124
-123
-123
-123
-122
-122
-122
-121
-121
-121
-120
-120
-119
-119
-120
-119
-119
-120
-120
-120
-119
-119
-119
-119
-119
-119
-119
-119
-119
-119
-118
-119
-119
-119
-119
-118
-118
-118
-118
-118
-118
-117
-117
-117
-117
-117
-117
-117
-118
-118
-117
-118
-117
-118
-117
-117
-117
-117
-116
-116
-116
-116
-115
-115
-115
-115
-115
-114
-114
-114
-114
-114
-114
-114
-114
-113
-113
-113
-113
-113
-113
-113
-113
-113
-112
-112
-111
-112
-111
-112
-112
-111
-111
-111
-111
-111
-111
-112
-112
-112
-112
-113
-113
-113
-114
-114
-114
-114
-113
-113
-113
-113
-113
-112
-111
-111
-112
-111
-111
-111
-111
-110
-111
-110
-110
-111
-111
-110
-110
-110
-110
-110
-110
-111
-111
-110
-111
-110
-110
-109
-109
-109
-109
-109
-109
-109
-109
-109
-109
-109
-110
-110
-110
-110
-110
-110
-111
-111
-110
-110
-111
-111
-111
-111
-112
-112
-113
-112
-113
-113
-114
-114
-114
-114
-114
-113
-113
-114
-113
-114
-114
-113
-114
-114
-114
-114
-114
-114
-113
-113
-113
-113
-114
-113
-113
-113
-113
-113
-113
-113
-113
-113
-113
-112
-112
-112
-112
-112
-112
-112
-112
-112
-112
-112
-112
-112
-112
-112
-112
-111
-112
-111
-111
-111
-111
-111
-111
-111
-110
-110
-110
-110
-110
-110
-109
-109
-109
-109
-109
-109
-108
-108
-108
-108
-108
-108
-108
-108
-108
-107
-107
-107
-107
-107
-107
-107
-106
-107
-106
-106
-106
-106
-106
-106
-105
-106
-106
-106
-106
-105
-106
-106
-106
-105
-105
-105
-105
-105
-105
-105
-106
-106
-106
-106
-106
-107
-107
-107
-107
-107
-107
-107
-107
-107
-107
-107
-107
-107
-107
-107
-107
-106
-106
-106
-106
-106
-106
-107
-107
-107
-107
-107
-107
-107
-108
-108
-108
-108
-108
-108
-108
-108
-108
-108
-108
-108
-108
-108
-109
-109
-109
-109
-109
-109
-109
-109
-109
-109
-109
-109
-109
-109
-110
-110
-111
-111
-110
-111
-111
-111
-111
-111
-111
-111
-111
-111
-111
-111
-111
-111
-111
-111
-111
-111
-110
-110
-110
-110
-110
-110
-109
-109
-110
-109
-109
-109
-109
-109
-109
-109
-108
-108
-108
-109
-108
-108
-108
-108
-108
-108
-107
-107
-107
-107
-107
-107
-107
-107
-107
-107
-107
-106
-106
-105
-104
-104
-104
-104
-103
-104
-103
-103
-103
-102
-102
-102
-102
-102
-102
-102
-102
-102
-102
-101
-101
-101
-101
-101
-100
-100
-100
0-99
0-98
0-98
0-98
0-97
0-97
0-97
0-97
0-96
0-96
0-95
0-95
0-95
0-95
0-95
0-96
0-96
0-96
0-96
0-96
0-97
0-97
0-97
0-97
0-96
0-96
0-95
0-95
0-94
0-94
0-94
0-94
0-93
0-93
0-92
0-92
0-92
0-92
0-91
0-91
0-91
0-91
0-90
0-90
0-90
0-90
0-90
0-89
0-89
0-89
0-89
0-89
0-89
0-88
0-88
0-87
0-87
0-87
0-86
0-86
0-86
0-85
0-85
0-85
0-85
0-85
0-84
0-84
0-84
0-84
0-83
0-83
0-83
0-82
0-81
0-81
0-80
0-80
0-80
0-80
0-80
0-81
0-81
0-81
0-81
0-81
0-81
0-80
0-80
0-80
0-80
0-80
0-80
0-81
0-81
0-81
0-81
0-81
0-81
0-80
0-80
0-80
0-80
0-80
0-80
0-81
0-80
0-80
0-80
0-80
0-81
0-81
0-81
0-81
0-81
0-81
0-81
0-82
0-82
0-82
0-82
0-83
0-83
0-83
0-84
0-84
0-84
0-84
0-84
0-84
0-83
0-83
0-83
0-84
0-83
0-83
0-83
0-84
0-84
0-84
0-84
0-84
0-84
0-84
0-84
0-84
0-84
0-84
0-83
0-83
0-83
0-82
0-82
0-82
0-82
0-82
0-82
0-82
0-82
0-82
0-82
0-81
0-80
0-80
0-80
0-79
0-79
0-79
0-79
0-79
0-79
0-79
0-79
0-84
0-78
0-78
0-78
0-77
0-77
0-78
0-78
0-78
0-78
0-78
0-78
0-78
0-78
0-77
0-77
0-76
0-76
0-76
0-76
0-76
0-76
0-75
0-76
0-76
0-76
0-76
0-76
0-77
0-77
0-77
0-76
0-76
0-75
0-75
0-75
0-75
0-74
0-74
0-74
0-74
0-74
0-74
0-74
0-74
0-73
0-73
0-74
0-74
0-74
0-74
0-74
0-75
0-75
0-74
0-74
0-74
0-77
0-74
0-75
0-74
0-75
0-75
0-75
0-74
0-74
0-74
0-73
0-73
0-73
0-73
0-72
0-72
0-72
0-71
0-71
0-71
0-71
0-71
0-71
0-72
0-71
0-71
0-71
0-71
0-71
0-71
0-70
0-69
0-69
0-69
0-69
0-69
0-69
0-68
0-68
0-68
0-68
0-68
0-68
0-68
0-68
0-68
0-68
0-68
0-68
0-68
0-68
0-68
0-67
0-67
0-66
0-65
0-65
0-65
0-65
0-65
0-65
0-65
0-65
0-65
0-65
0-65
0-64
0-64
0-64
0-63
0-63
0-64
0-64
0-64
0-64
0-64
0-64
0-64
0-64
0-64
0-64
0-65
0-65
0-64
0-65
0-65
0-65
0-64
0-65
0-64
0-64
0-64
0-64
0-64
0-64
0-64
0-63
0-63
0-63
0-64
0-63
0-63
0-63
0-63
0-63
0-63
0-63
0-62
0-62
0-62
0-62
0-62
0-62
0-61
0-61
0-61
0-61
0-61
0-61
0-61
0-61
0-60
0-60
0-60
0-59
0-59
0-59
0-59
0-58
0-58
0-58
0-58
0-58
0-58
0-57
0-57
0-56
0-56
0-57
0-57
0-57
0-57
0-57
0-57
0-57
0-57
0-57
0-56
0-57
0-57
0-56
0-56
0-56
0-56
