1996 1996 1996 1996 1996 1996 1996 1996 1996 1996 1996 1996 1996 1996 1996 1996 1996 1996 1996 1996 1996 1996 1996 1996
 300 300 300 300 300 300 300 300 300 300 300 300 300 300 300 300 300 300 300 300 300 300 300 300
  0   1   2   3   4   5   6   7   8   9  10  11  12  13  14  15  16  17  18  19  20  21  22  23
 2229  2229  2229  2229  2229  2229  2229  2229  2229  2229  2229  2229  2229  2229  2229  2229  2229  2229  2229  2229  2229  2229  2229  2229
 51  51  51  51  51  51  51  51  51  51  51  51  51  51  51  51  51  51  51  51  51  51  51  51
 52  52  52  52  52  52  52  52  52  52  52  52  52  52  52  52  52  52  52  52  52  52  52  52
  61   59   59   60   59   60   62   58   60   61   59   58   60   61   61   59   61   59   59   61   59   59   59   62
  42   41   44   40   43   43   43   40   45   41   43   37   44   43   42   42   45   43   41   44   42   43   43   46
   3.4    3.7    4.0    4.4    4.0    3.9    3.4    3.4    3.3    3.4    3.3    3.7    3.8    3.7    3.7    3.8    3.8    4.0    4.0    3.9    4.1    4.0    3.8    4.0
   2.7    3.3    3.4    4.2    3.8    3.0    2.4    2.8    2.7    3.0    3.0    3.4    3.5    3.1    3.4    3.6    3.6    4.0    3.9    3.4    4.0    3.9    3.5    3.3
  -5.3   -3.8    9.5  -40.9  -42.6  -26.1   -6.3    0.4  -14.1  -12.0  -15.5  -42.1   -3.9  -21.6    3.3   -1.6    5.4   -3.8   -8.3   -1.2    2.5   18.0   21.5   17.7
 129.2   98.8  140.0  132.0  168.5  115.4   97.5  102.0   78.8   70.0   98.6  139.7  163.0  132.0   89.0  104.6   61.5   58.4   80.7  101.2  107.6  102.8   95.4   78.1
  -1.7   -0.5   -2.6   -2.1   -2.7   -1.1   -0.3   -0.6    0.5    1.0   -0.4   -1.9   -3.4   -2.0    0.1   -0.9    1.7    2.1    0.6   -0.7   -1.2   -0.8   -0.3    0.6
   2.1    3.3    2.2    2.4    0.6    2.4    2.4    2.8    2.6    2.8    2.8    1.6    1.0    2.2    3.4    3.5    3.2    3.4    3.8    3.4    3.8    3.6    3.3    3.0
  -0.3   -0.2    0.6   -2.8   -2.6   -1.3   -0.3    0.0   -0.7   -0.6   -0.8   -2.3   -0.2   -1.2    0.2   -0.1    0.3   -0.3   -0.6   -0.1    0.2    1.2    1.3    1.0
   2.0    3.2    2.3    1.5   -0.3    1.7    2.0    2.5    1.9    2.1    2.0    0.2    0.8    1.4    3.2    3.2    3.1    3.2    3.5    3.3    3.8    3.7    3.5    3.1
  -0.7   -0.9    0.0   -3.4   -2.6   -2.1   -1.3   -1.3   -1.9   -1.9   -2.1   -2.8   -0.7   -2.1   -1.3   -1.4   -0.8   -1.3   -1.5   -0.8   -0.5    0.6    0.8    0.5
   0.1    0.1    0.3    0.2    0.1    0.1    0.2    0.1    0.1    0.2    0.4    0.2    0.2    0.1    0.1    0.2    0.1    0.1    0.2    0.1    0.1    0.1    0.1    0.1
   2.0    1.5    2.1    1.0    1.3    2.5    2.3    1.8    1.9    1.5    1.4    1.4    1.4    1.9    1.4    1.1    1.1    0.7    0.9    1.7    0.9    1.1    1.3    2.2
   1.4    0.7    0.7    0.6    0.6    1.9    1.9    1.3    1.6    0.6    0.8    0.9    0.3    1.2    0.6    0.8    0.7    0.6    0.5    1.2    0.7    0.9    1.1    1.8
   1.0    0.6    1.0    0.7    1.1    1.2    0.6    0.6    0.8    0.3    0.5    0.8    0.5    0.7    0.3    0.2    0.4    0.3    0.2    0.5    0.2    0.2    0.3    0.4
   1.0    1.2    1.7    0.5    0.4    1.0    1.2    1.1    0.6    1.3    1.0    0.7    1.3    1.2    1.2    0.7    0.8    0.3    0.8    1.1    0.5    0.5    0.7    1.2
   51902.    41543.    40436.    39045.    36978.    35521.    45772.    42138.    41642.    36611.    43936.    40175.    35167.    37829.    33492.    33287.    25008.    23717.    23909.    28260.    26683.    27561.    26837.    21953.
   3.9    4.0    4.2    4.3    3.7    3.8    4.2    4.2    4.6    4.7    4.5    4.4    4.2    4.4    4.7    5.2    5.5    5.6    5.8    5.4    5.6    5.8    5.8    5.9
  392.   390.   379.   379.   372.   375.   384.   379.   380.   382.   370.   363.   348.   355.   365.   361.   372.   372.   363.   354.   352.   350.   349.   354.
  -0.6   -1.3   -0.7   -1.2   -0.3   -1.3   -1.4   -1.5   -1.7   -2.2   -2.3   -1.6   -1.5   -2.0   -3.0   -2.8   -2.2   -2.4   -2.9   -2.5   -2.7   -3.1   -2.8   -2.8
  -1.3   -1.1   -0.9    1.0    1.5    0.9   -0.3   -0.2    0.5    0.2    0.7    1.9    0.7    1.3   -0.2   -0.8   -1.6   -1.2   -1.0   -1.5   -1.4   -2.0   -1.7   -1.2
 0.026  0.024  0.022  0.022  0.024  0.022  0.025  0.024  0.024  0.022  0.024  0.023  0.024  0.022  0.019  0.019  0.018  0.018  0.018  0.019  0.018  0.016  0.017  0.019
    8625.     4568.     5944.     2896.     3892.     3813.     7209.     5668.     6077.     4625.     6183.     3006.     3413.     4364.     4005.     4007.     2615.     1844.     3217.     5603.     2944.     2631.     4543.     3485.
   0.2    0.2    0.3    0.2    0.3    0.2    0.2    0.2    0.2    0.1    0.2    0.3    0.3    0.3    0.2    0.3    0.2    0.2    0.3    0.3    0.2    0.3    0.4    0.4
    6.     4.     5.     4.     4.     7.    11.     9.     8.     3.     5.     5.     3.     8.     4.     3.     4.     4.     3.     7.     4.     7.     5.    10.
   0.8    0.4    0.7    0.5    1.1    0.9    0.6    0.7    0.8    0.3    0.5    0.5    0.7    0.6    0.4    0.2    0.3    0.3    0.4    0.5    0.3    0.2    0.4    0.4
   0.8    1.0    1.1    0.4    0.8    1.0    1.0    1.2    0.5    1.2    0.9    0.6    1.6    1.3    1.1    0.5    0.8    0.4    0.6    1.1    0.4    0.5    0.7    1.4
 0.003  0.002  0.002  0.002  0.003  0.002  0.003  0.002  0.002  0.001  0.003  0.002  0.002  0.002  0.001  0.002  0.001  0.001  0.001  0.002  0.002  0.001  0.003  0.002
  1.10   1.11   1.10   1.12   0.94   0.97   1.14   1.10   1.22   1.25   1.13   1.06   0.93   1.01   1.13   1.22   1.36   1.39   1.37   1.22   1.24   1.26   1.26   1.33
   0.27    0.35   -0.00    1.29    0.97    0.79    0.50    0.49    0.72    0.73    0.78    1.02    0.24    0.75    0.47    0.51    0.30    0.48    0.54    0.28    0.18   -0.21   -0.28   -0.18
   2.53    2.07    1.84    1.55    1.59    1.70    2.63    2.58    2.99    2.79    2.96    2.25    1.98    2.22    2.31    2.42    2.43    2.21    2.30    2.31    2.15    2.35    2.59    2.31
  11.4   10.5    9.7    8.9    8.9    9.4   11.6   11.4   12.3   12.2   11.9   10.3    9.4   10.1   10.7   10.8   11.5   11.0   10.9   10.5   10.2   10.5   11.1   10.7
  6.4   6.3   6.0   5.8   5.8   6.0   6.4   6.4   6.5   6.6   6.3   6.0   5.7   5.9   6.2   6.2   6.5   6.4   6.3   6.1   6.0   6.1   6.1   6.2
 0.0092  0.0107  0.0126  0.0149  0.0149  0.0135  0.0089  0.0091  0.0078  0.0080  0.0084  0.0112  0.0135  0.0117  0.0104  0.0101  0.0090  0.0098  0.0100  0.0107  0.0115  0.0107  0.0097  0.0103
 27  27  27  13  13  13  10  10  10   7   7   7   7   7   7  13  13  13   3   3   3   3   3   3
   7    7    7    7    7    7    7    7    7    7    7    7    7    7    7    7    7    7    7    7    7    7    7    7
   -26    -24    -23    -23    -27    -27    -27    -26    -25    -27    -30    -32    -29    -25    -24    -22    -21    -20    -19    -20    -20    -21    -21    -19
  12   12   12    5    5    5    4    4    4    3    3    3    3    3    3    5    5    5    2    2    2    2    2    2
  70.3   70.3   70.3   70.3   70.3   70.3   70.3   70.3   70.3   70.3   70.3   70.3   70.3   70.3   70.3   70.3   70.3   70.3   70.3   70.3   70.3   70.3   70.3   70.3
   57   183    73    78   100   123   137   141   152   175   130   148    83    61   118   141   138    73    78    52   105    35    20    25
   -32   -142    -33    -32    -56    -48    -49    -86   -130   -152   -103   -107    -58    -26   -100   -136   -126    -61    -63    -41    -86    -19     -4      0
    26     40     40     46     44     75     89     55     23     23     27     41     25     34     18      5     12     12     14     10     19     16     16     25
   0.4    1.7    0.7    0.9    0.8    1.1    1.3    1.0    1.1    1.7    1.0    0.7    0.2    0.6    0.9    0.9    0.9    0.9    0.9    0.5    0.8    0.5    0.2    0.2
 0.006188  0.006188  0.006188  0.006188  0.006188  0.006188  0.006188  0.006188  0.006188  0.006188  0.006188  0.006188  0.006188  0.006188  0.006188  0.006188  0.006188  0.006188  0.006188  0.006188  0.006188  0.006188  0.006188  0.006188
      0.81       0.76 1000000.00 1000000.00       0.86       0.88       0.78       0.88       0.84       0.87       0.73       1.56       0.84       0.82       0.87       0.84       0.85       0.82       0.83       0.83       0.86       0.82       0.83       0.85
     0.81      0.75  99999.99  99999.99      0.86      0.87      0.78      0.87      0.83      0.87      0.73      1.56      0.83      0.81      0.86      0.83      0.85      0.81      0.83      0.82      0.86      0.81      0.83      0.85
     0.78      0.73  99999.99  99999.99      0.83      0.84      0.75      0.84      0.82      0.83      0.72      1.55      0.81      0.79      0.83      0.81      0.81      0.79      0.80      0.80      0.83      0.78      0.80      0.82
     0.74      0.69  99999.99  99999.99      0.80      0.80      0.71      0.80      0.77      0.79      0.68      1.52      0.77      0.75      0.79      0.77      0.77      0.74      0.76      0.75      0.79      0.74      0.75      0.77
     0.66      0.61  99999.99  99999.99      0.68      0.69      0.62      0.71      0.67      0.67      0.64      1.24      0.67      0.66      0.69      0.68      0.67      0.65      0.65      0.66      0.69      0.65      0.66      0.70
     0.55      0.49  99999.99  99999.99      0.53      0.58      0.51      0.57      0.56      0.52      0.58      0.89      0.54      0.53      0.57      0.55      0.53      0.53      0.52      0.54      0.57      0.53      0.56      0.58
 -1  -1   0   0  -1  -1  -1  -1  -1  -1  -1  -1  -1  -1  -1  -1  -1  -1  -1  -1  -1  -1  -1  -1
