1999 1999 1999 1999 1999 1999 1999 1999 1999 1999 1999 1999 1999 1999 1999 1999 1999 1999 1999 1999 1999 1999 1999 1999
 294 294 294 294 294 294 294 294 294 294 294 294 294 294 294 294 294 294 294 294 294 294 294 294
  0   1   2   3   4   5   6   7   8   9  10  11  12  13  14  15  16  17  18  19  20  21  22  23
 2269  2269  2269  2269  2269  2269  2269  2269  2269  2269  2269  2269  2269  2269  2269  2269  2269  2269  2269  2269  2269  2269  2269  2269
 71  71  71  71  71  71  71  71  71  71  71  71  71  71  71  71  71  71  71  71  71  71  71  71
 71  71  71  71  71  71  71  71  71  71  71  71  71  71  71  71  71  71  71  71  71  71  71  71
  16   16   18   15   15   15   15   14   15   15   15   17   15   15   15   16   15   15   15   14   15   15   15   15
  16   16   18   15   15   15   15   14   15   15   15   17   15   15   15   16   15   15   15   14   15   15   15   15
   7.6    8.7   16.2   16.7   14.0   25.8   23.3   20.9   19.5   17.8   21.1   20.3   18.7   17.5   16.4   16.6   20.2   19.0   18.0   19.0   19.9   20.6   21.6   21.5
   7.1    8.6   14.4   12.3    8.6   25.1   23.0   20.5   16.9   17.5   20.9   20.2   18.6   17.4   16.3   16.5   20.1   18.9   17.8   18.2   19.3   20.1   21.2   14.2
   0.0   22.6   16.6   38.2   48.0   33.2   21.4    8.4   -2.4   -2.9   -5.2  -14.4  -19.5   -8.6  -10.0  -12.1  -21.4  -36.0  -21.1   -6.6   -1.3   37.6   54.3  -14.6
 102.9  111.7  106.7   97.9  284.9  280.7  283.5  297.0  286.3  289.2  286.5  288.9  283.4  283.0  278.6  276.5  281.3  277.7  287.4  293.6  302.8  298.4  293.4  328.6
  -1.6   -2.9   -4.0   -1.3    1.5    3.9    5.0    9.2    4.7    5.7    5.9    6.3    4.1    3.9    2.4    1.8    3.7    2.0    5.0    7.2   10.4    7.6    4.9   11.7
   6.9    7.3   13.3    9.5   -5.5  -20.6  -20.9  -18.0  -16.2  -16.5  -20.0  -18.5  -17.0  -16.7  -15.9  -16.0  -18.3  -15.1  -15.8  -16.6  -16.2  -14.0  -11.3   -7.1
   0.0    3.3    4.1    7.6    6.4   13.7    8.4    3.0   -0.7   -0.9   -1.9   -5.0   -6.2   -2.6   -2.8   -3.5   -7.3  -11.1   -6.4   -2.1   -0.4   12.3   17.2   -3.6
   6.8    7.9   13.9   11.4   -2.8  -13.3  -14.9  -14.3  -14.3  -14.6  -18.0  -18.4  -17.8  -15.9  -15.5  -16.1  -19.7  -17.8  -16.9  -16.6  -15.9  -11.5   -8.0   -7.6
  -1.4    1.5    0.4    4.3    7.9   20.9   16.9   11.3    7.6    7.8    8.9    5.3    3.2    5.7    4.5    3.2   -0.3   -5.8   -1.9    1.9    2.9   14.7   18.9   -2.2
   1.1    0.3    7.6    7.2    5.6    0.7    1.0    0.4    1.7    3.0    0.1    0.4    0.2    0.8    0.1    0.5    0.7    0.6    0.2    0.3    0.3    0.4    0.3    0.6
   2.8    1.5    9.0   12.3   11.6    5.3    2.8    3.3    9.3    3.9    2.5    2.1    2.0    1.8    1.3    1.1    2.0    1.9    2.2    4.6    4.8    4.4    3.7   15.7
   0.5    0.4    4.1    3.1    5.3    1.2    1.4    1.6    2.3    0.8    0.7    1.1    0.7    0.6    0.5    0.9    0.8    0.8    1.2    2.2    0.6    2.0    1.7    4.2
   1.3    0.9    6.3   11.4    9.7    3.1    1.7    0.9    4.0    3.7    0.5    0.4    0.7    1.1    0.2    0.4    0.8    1.2    0.7    1.6    0.9    2.0    2.0    5.4
   2.4    1.1    5.0    3.6    3.4    4.1    1.8    2.8    8.1    1.1    2.3    1.7    1.8    1.3    1.2    0.6    1.6    1.2    1.7    3.7    4.6    3.4    2.6   14.2
 9999999.  9999999.    67904.   111286.   177777.   179303.   178085.   169289.   177690.   121657.    94473.   142841.   140032.    71565.    70227.    90508.   111423.   114397.    89927.    55947.    41114.    35029.    43685.    52412.
 999.9  999.9   24.3   42.5   37.5   10.4   10.7   12.3   10.1   10.0    5.6    6.7    7.6    7.5    6.5    6.0    7.0    8.0    9.5   11.9   17.6   13.1    6.7   14.4
  338.   343.   382.   435.   436.   440.   429.   417.   425.   400.   413.   437.   455.   461.   476.   473.   505.   492.   486.   477.   463.   457.   463.   472.
  -3.3   -4.6   -4.8   -2.0    2.0   -1.9   -3.0   -1.6   -3.2   -4.6   -4.9   -6.5   -4.8   -6.4   -6.8   -7.0   -7.3   -5.9   -3.2   -3.5   -3.5   -2.5   -1.3    0.1
   1.8    2.3    4.2    4.4    3.5    8.2    6.6    5.2    2.5    3.0    2.9   -3.0   -4.3   -1.8   -3.2   -3.7   -4.8   -3.5   -2.0   -1.2   -0.6   -0.2    2.3   -1.4
 0.033  0.034  0.037  0.039  0.038  0.028  0.033  0.031  0.028  0.030  0.028  0.027  0.030  0.035  0.036  0.032  0.030  0.035  0.063  0.044  0.036  0.027  0.023  0.041
 9999999.  9999999.    15218.    44670.    14838.    16153.    14982.    12943.    16843.    33611.    16688.    13153.    15532.     6181.     3547.     9705.     9377.     8826.    11888.     9659.     2250.     3752.    11392.    17291.
 999.9  999.9   11.0   11.0   16.4    1.5    1.8    1.6    1.8    4.2    0.3    0.7    0.7    0.6    0.4    0.2    0.4    1.1    1.1    3.1    1.4    4.5    1.4    2.3
    8.     4.    40.     5.     7.     7.     4.     7.     9.     7.     6.    13.     4.     6.     3.     6.     6.     5.     7.     9.     6.     5.     4.     8.
   0.7    0.9    1.1    4.6    1.8    2.2    1.6    1.1    1.4    0.9    0.7    1.1    0.3    0.2    0.4    0.3    0.3    1.3    0.3    0.5    0.4    0.8    0.6    0.6
   0.8    1.1    2.6    0.6    0.9    2.4    0.9    0.8    4.1    1.6    2.1    2.5    1.3    0.9    1.0    0.5    0.4    1.1    1.1    1.0    0.8    1.0    1.4    1.7
 0.006  0.003  0.007  0.009  0.009  0.002  0.004  0.004  0.003  0.005  0.001  0.002  0.006  0.004  0.005  0.004  0.001  0.006  0.006  0.010  0.004  0.005  0.008  0.015
 99.99  99.99   6.80  15.53  13.71   3.74   3.72   4.01   3.39   2.99   1.77   2.37   2.94   3.03   2.81   2.53   3.34   3.69   4.69   5.32   7.21   5.06   2.62   6.24
   0.47   -0.51   -0.15   -1.87   -3.44   -9.20   -7.25   -4.71   -3.23   -3.12   -3.68   -2.32   -1.46   -2.63   -2.14   -1.51    0.15    2.85    0.92   -0.91   -1.34   -6.72   -8.75    1.04
 999.99  999.99    0.76    1.52    2.44    0.20    0.25    0.35    0.34    0.33    0.12    0.18    0.24    0.20    0.20    0.20    0.17    0.22    0.27    0.25    0.31    0.21    0.10    0.23
 999.9  999.9    5.8    8.5    9.5    2.7    3.0    3.5    3.5    3.6    2.3    2.8    3.4    3.6    3.7    3.5    3.3    3.7    4.2    4.3    4.9    4.0    2.8    4.2
 99.9  99.9   4.5   5.6   5.4   2.5   2.7   3.1   3.0   3.1   2.2   2.6   3.0   3.3   3.4   3.2   3.1   3.4   3.8   3.9   4.3   3.7   2.7   3.8
 9.9999  9.9999  0.0352  0.0165  0.0131  0.1573  0.1312  0.0972  0.0992  0.0942  0.2218  0.1532  0.1057  0.0914  0.0869  0.0977  0.1087  0.0887  0.0687  0.0634  0.0499  0.0738  0.1545  0.0686
 33  33  33  50  50  50  20  20  20  20  20  20  17  17  17  30  30  30  33  33  33  47  47  47
 140  140  140  140  140  140  140  140  140  140  140  140  140  140  140  140  140  140  140  140  140  140  140  140
     4      4     19     23     21     15     17     12     11      8      7     10      9      7      8      9     16     13      2     -5     -2     -3     -4     20
  18   18   18   48   48   48    7    7    7    7    7    7    6    6    6   15   15   15   18   18   18   39   39   39
 157.0  157.0  157.0  157.0  157.0  157.0  157.0  157.0  157.0  157.0  157.0  157.0  157.0  157.0  157.0  157.0  157.0  157.0  157.0  157.0  157.0  157.0  157.0  157.0
   94   166   193   621   302    67    52    45    47   128    74    40    72   153   131    57   291   379   501   401   343   269    60   234
   -41   -104   -112   -473   -172    -23     -9      0     -3    -44    -15     -4     -5    -46    -27    -11   -238   -274   -290   -146   -142   -111     -9   -108
    54     62     81    148    130     44     43     45     44     84     59     36     67    107    104     45     53    105    211    255    201    158     51    126
   1.0    1.0    1.2    4.7    1.7   -0.5   -0.6   -0.3   -0.2    0.4    0.2    0.4    1.0    1.2    2.4    3.9    5.2    5.0    3.6    2.3    1.5    0.2   -0.5    1.8
 0.008137  0.008137  0.008137  0.008137  0.008137  0.008137  0.008137  0.008137  0.008137  0.008137  0.008137  0.008137  0.008137  0.008137  0.008137  0.008137  0.008137  0.008137  0.008137  0.008137  0.008137  0.008137  0.008137  0.008137
      1.21       1.38       1.48       2.48       3.27       1.85       1.50       1.40 1000000.00 1000000.00       1.13       1.16       1.09       1.17       1.15       1.20       1.23       1.17       0.91       0.79       0.72       0.74       0.66       0.70
     0.68      0.72      0.68      0.73      0.70      0.68      0.64      0.60  99999.99  99999.99      0.58      0.62      0.57      0.65      0.58      0.63      0.60      0.59      0.60      0.54      0.56      0.62      0.57      0.61
     0.58      0.61      0.59      0.61      0.57      0.57      0.56      0.51  99999.99  99999.99      0.50      0.55      0.49      0.58      0.51      0.56      0.53      0.52      0.55      0.49      0.52      0.58      0.53      0.57
     0.54      0.56      0.54      0.56      0.52      0.53      0.51      0.48  99999.99  99999.99      0.47      0.51      0.45      0.54      0.48      0.52      0.49      0.48      0.52      0.46      0.49      0.55      0.50      0.54
     0.47      0.49      0.47      0.48      0.45      0.46      0.44      0.45  99999.99  99999.99      0.40      0.44      0.39      0.46      0.41      0.45      0.43      0.41      0.45      0.40      0.43      0.48      0.44      0.47
     0.37      0.39      0.38      0.37      0.35      0.37      0.34      0.39  99999.99  99999.99      0.31      0.35      0.30      0.36      0.31      0.36      0.34      0.32      0.35      0.32      0.34      0.38      0.34      0.35
 -1  -1  -1  -1  -1  -1  -1  -1   0   0  -1  -1  -1  -1  -1  -1  -1  -1  -1  -1  -1  -1  -1  -1
