1998 1998 1998 1998 1998 1998 1998 1998 1998 1998 1998 1998 1998 1998 1998 1998 1998 1998 1998 1998 1998 1998 1998 1998
 323 323 323 323 323 323 323 323 323 323 323 323 323 323 323 323 323 323 323 323 323 323 323 323
  0   1   2   3   4   5   6   7   8   9  10  11  12  13  14  15  16  17  18  19  20  21  22  23
 2257  2257  2257  2257  2257  2257  2257  2257  2257  2257  2257  2257  2257  2257  2257  2257  2257  2257  2257  2257  2257  2257  2257  2257
 51  51  51  51  51  51  51  51  51  51  51  51  51  51  51  51  51  51  51  51  51  51  51  51
 99  99  99  99  99  52  52  52  52  52  52  52  52  52  52  52  52  52  52  52  52  52  52  52
  59   60   60   60   60   59   60   60   61   60   60   59   60   60   59   61   59   60   59   61   60   59   61   59
 999  999  999  999  999   22   38   37   38   36   34   35   38   36   37   37   35   31   37   35   37   33   38   38
   3.2    4.3    2.9    1.5    1.6    1.6    4.6    6.0    6.7    6.4    7.6    6.9    6.7    6.4    6.9    6.6    6.6    7.4    8.0    7.7    5.6    5.6    5.4    5.9
   2.9    3.7    2.6    1.4    1.4    1.3    4.3    5.5    5.8    6.3    7.4    6.8    6.2    6.0    6.8    5.3    6.3    7.3    7.8    6.8    4.3    3.2    4.3    5.2
  11.2   13.9  -20.2  -12.1   -8.4  -32.7  -18.3   40.9   -7.9   17.8    9.5   14.6   -8.2    1.8   -2.6  -11.0   -0.2   20.0   22.5    5.9    3.2   11.2   17.7   34.5
 126.0  111.5  131.6   42.7   33.6  108.0  135.9  133.1  117.4  125.9  122.5  115.9  100.2  118.0  119.7  101.6  103.2  131.2  136.4  107.5  172.7   99.5  136.4  204.2
  -1.7   -1.3   -1.6    1.0    1.1   -0.3   -2.9   -2.8   -2.7   -3.5   -4.0   -2.9   -1.1   -2.8   -3.4   -1.0   -1.4   -4.5   -5.2   -2.1   -4.3   -0.5   -2.9   -3.9
   2.3    3.3    1.8    1.0    0.8    1.0    2.8    3.0    5.1    4.9    6.2    6.0    6.0    5.3    5.9    5.1    6.1    5.2    5.0    6.5    0.5    3.1    2.8   -1.7
   0.6    0.9   -0.9   -0.3   -0.2   -0.7   -1.3    3.6   -0.8    1.9    1.2    1.7   -0.9    0.2   -0.3   -1.0    0.0    2.5    3.0    0.7    0.2    0.6    1.3    2.9
   2.3    3.4    1.7    0.9    0.7    0.8    2.2    4.1    4.4    5.2    6.1    6.2    5.2    5.0    5.5    4.6    5.9    5.6    5.4    6.5    0.5    3.1    2.8   -1.6
   0.5    0.6   -1.1   -0.5   -0.4   -1.0   -2.2    2.2   -2.8   -0.3   -1.5   -0.9   -3.1   -1.7   -2.2   -2.4   -1.4    1.5    2.3    0.1    0.2    0.5    1.2    3.0
   0.6    0.3    1.1    0.2    0.5    0.6    1.2    0.2    0.6    0.8    0.3    0.4    0.4    0.4    0.4    0.3    0.3    0.4    0.2    0.4    0.8    0.6    0.4    0.3
   1.4    2.2    1.6    0.5    1.0    1.1    2.1    2.3    3.4    1.3    1.4    0.9    2.5    2.2    1.5    3.9    1.7    1.2    1.4    3.4    3.6    4.5    3.0    2.7
   0.6    1.2    0.5    0.4    0.8    0.4    1.0    0.3    0.6    0.9    0.7    0.5    1.1    1.5    1.2    1.6    1.5    0.5    0.4    2.3    1.2    2.4    1.1    1.6
   0.6    0.9    1.4    0.3    0.3    0.8    1.2    1.8    0.9    0.6    0.3    0.3    0.9    0.6    0.4    1.7    0.3    0.5    0.9    1.4    2.4    2.7    2.1    0.8
   1.2    1.6    0.7    0.2    0.4    0.7    1.3    1.4    3.2    0.8    1.2    0.7    2.1    1.4    0.7    3.2    0.9    0.9    1.0    2.0    2.4    2.6    1.9    2.0
 9999999.  9999999.  9999999.  9999999.  9999999.    42781.    53056.    49904.    62603.    49143.    47094.    42645.    52536.    53796.    45363.    43042.    40143.    46625.    51578.    73954.   105826.    99689.   105078.   101102.
 999.9  999.9  999.9  999.9  999.9   16.4   11.8    8.9    8.8    9.4    5.6    6.7    9.1    9.0    8.5   10.8   11.7    8.4    7.3    7.6   10.0   10.5   10.5   10.2
 9999.  9999.  9999.  9999.  9999.   367.   360.   359.   371.   379.   373.   367.   366.   369.   372.   372.   372.   369.   370.   393.   389.   397.   390.   390.
 999.9  999.9  999.9  999.9  999.9   -0.2   -1.8   -2.9   -0.4    1.4   -0.5   -2.4   -4.1   -3.6   -3.2   -3.6   -4.0   -0.5   -0.3   -0.7    2.5    1.1    0.4    3.4
 999.9  999.9  999.9  999.9  999.9   -3.5   -3.2   -6.0   -4.5   -3.9   -5.1   -5.5   -4.5   -3.7   -2.3   -1.8   -2.1   -3.4   -2.6   -0.2   -0.4   -0.7   -1.4   -2.2
 9.999  9.999  9.999  9.999  9.999  0.045  0.041  0.044  0.041  0.031  0.039  0.048  0.047  0.038  0.033  0.039  0.037  0.032  0.035  0.054  0.066  0.059  0.064  0.066
 9999999.  9999999.  9999999.  9999999.  9999999.     5970.     3785.     2567.    10155.     7220.     8261.     3194.     5677.    18799.     7494.     9818.     4382.    19223.     5722.    13738.    12740.    14469.     8046.     7674.
 999.9  999.9  999.9  999.9  999.9    1.0    2.0    0.6    2.0    2.7    0.7    1.1    0.8    0.7    0.8    1.0    1.2    1.0    0.9    1.0    0.7    0.6    0.4    0.6
 9999.  9999.  9999.  9999.  9999.     1.     4.     2.     7.     4.     4.     3.     3.     7.     2.     3.     4.     6.     3.    13.     6.     7.     5.     6.
 999.9  999.9  999.9  999.9  999.9    0.2    1.2    0.8    1.9    1.2    0.8    0.8    0.6    1.1    0.3    1.0    0.4    1.5    1.1    1.2    1.3    1.1    1.4    0.5
 999.9  999.9  999.9  999.9  999.9    0.3    0.5    0.7    1.5    0.8    0.4    0.2    0.8    1.2    0.6    0.7    0.7    0.5    0.8    1.4    1.0    1.0    1.0    1.2
 9.999  9.999  9.999  9.999  9.999  0.007  0.004  0.004  0.008  0.006  0.006  0.003  0.005  0.007  0.004  0.006  0.005  0.006  0.008  0.007  0.008  0.009  0.005  0.007
 99.99  99.99  99.99  99.99  99.99   4.35   2.97   2.25   2.35   2.53   1.50   1.80   2.42   2.36   2.22   2.89   3.10   2.15   1.90   2.38   3.19   3.42   3.35   3.27
 999.99  999.99  999.99  999.99  999.99    0.37    0.79   -0.79    1.04    0.11    0.56    0.33    1.13    0.63    0.82    0.89    0.52   -0.55   -0.85   -0.04   -0.08   -0.20   -0.47   -1.17
 999.99  999.99  999.99  999.99  999.99   45.61    4.21    1.83    1.56    1.69    0.71    1.00    1.53    1.67    1.29    1.77    1.88    1.12    0.85    1.08    3.11    3.18    3.50    2.80
 999.9  999.9  999.9  999.9  999.9   46.4   13.4    8.9    8.2    9.1    5.8    6.9    8.2    8.6    7.9    9.3    9.6    7.2    6.2    7.0   11.0   11.5   11.7   10.6
 99.9  99.9  99.9  99.9  99.9   7.3   6.2   5.6   5.4   5.8   4.6   5.0   5.4   5.5   5.4   5.8   5.9   5.2   4.7   5.1   5.7   5.9   5.8   5.7
 9.9999  9.9999  9.9999  9.9999  9.9999  0.0006  0.0066  0.0149  0.0176  0.0144  0.0353  0.0251  0.0175  0.0159  0.0193  0.0139  0.0128  0.0228  0.0305  0.0240  0.0099  0.0090  0.0087  0.0107
 27  27  27  20  20  20  17  17  17  20  20  20  20  20  20  23  23  23  13  13  13  10  10  10
  46   46   46   46   46   46   46   46   46   46   46   46   46   46   46   46   46   46   46   46   46   46   46   46
    -8     -6      0      4      6      4      0     -3      0     -3     -3     -3     -4     -7    -12    -13    -15    -18    -15    -10    -10     -8     -6     -3
  12   12   12    7    7    7    6    6    6    7    7    7    7    7    7    9    9    9    5    5    5    4    4    4
 113.7  113.7  113.7  113.7  113.7  113.7  113.7  113.7  113.7  113.7  113.7  113.7  113.7  113.7  113.7  113.7  113.7  113.7  113.7  113.7  113.7  113.7  113.7  113.7
   35    47   137    92    73    55    49    67    84   391   235   116   202   423   218   196   326   136    41    47   133   114    83    49
    -6    -15    -99    -50    -25    -13    -12    -28    -29   -313   -166    -61   -154   -358   -127   -163   -269    -99    -16    -12   -104    -77    -46    -13
    29     32     38     42     48     42     38     40     55     78     70     56     48     65     92     33     57     37     25     34     30     37     38     36
  -0.1   -0.1    1.3    0.9    0.7    0.6    0.5    0.4    0.6    1.8    2.0    1.3    1.5    2.2    1.8    2.0    2.0    0.8    0.2    0.6    0.5    0.9    0.5   -0.2
 0.007736  0.007736  0.007736  0.007736  0.007736  0.007736  0.007736  0.007736  0.007736  0.007736  0.007736  0.007736  0.007736  0.007736  0.007736  0.007736  0.007736  0.007736  0.007736  0.007736  0.007736  0.007736  0.007736  0.007736
      4.90       4.99       4.92       4.96       4.96       4.64       4.60       4.81       4.32       4.29       4.04       3.91       3.57       3.30       2.67       2.43       2.15       2.07       2.17       2.14       2.12       2.19       3.26       2.03
     2.67      2.69      2.66      2.64      2.64      2.52      2.46      2.50      2.30      2.34      2.20      2.11      1.98      1.87      1.58      1.48      1.39      1.33      1.35      1.33      1.32      1.32      1.49      1.26
     1.42      1.44      1.40      1.38      1.36      1.35      1.32      1.30      1.23      1.32      1.25      1.21      1.19      1.13      1.06      1.02      1.01      0.98      1.00      0.97      0.97      0.99      0.93      0.97
     0.91      0.93      0.90      0.89      0.86      0.90      0.87      0.83      0.81      0.90      0.86      0.85      0.85      0.82      0.81      0.80      0.81      0.79      0.80      0.77      0.77      0.80      0.74      0.80
     0.66      0.68      0.64      0.64      0.61      0.65      0.63      0.62      0.58      0.66      0.63      0.64      0.66      0.63      0.63      0.63      0.65      0.63      0.63      0.63      0.62      0.64      0.59      0.66
     0.52      0.55      0.52      0.51      0.50      0.53      0.53      0.51      0.47      0.52      0.50      0.52      0.54      0.50      0.50      0.51      0.53      0.51      0.51      0.50      0.49      0.53      0.48      0.54
 -1  -1  -1  -1  -1  -1  -1  -1  -1  -1  -1  -1  -1  -1  -1  -1  -1  -1  -1  -1  -1  -1  -1  -1
