1998 1998 1998 1998 1998 1998 1998 1998 1998 1998 1998 1998 1998 1998 1998 1998 1998 1998 1998 1998 1998 1998 1998 1998
  74  74  74  74  74  74  74  74  74  74  74  74  74  74  74  74  74  74  74  74  74  74  74  74
  0   1   2   3   4   5   6   7   8   9  10  11  12  13  14  15  16  17  18  19  20  21  22  23
 2247  2247  2247  2247  2247  2247  2247  2247  2247  2247  2247  2247  2247  2247  2247  2247  2247  2247  2247  2247  2247  2247  2247  2247
 51  51  51  51  51  51  51  51  51  51  51  51  51  51  51  51  51  51  51  51  51  51  51  51
 52  52  52  52  52  52  52  52  52  52  52  52  52  52  52  52  52  52  52  52  52  52  52  52
  60   58   61   60   59   60   59   55   59   58   61   56   60   60   59   60   59   60   60   60   62   61   60   57
  38   35   38   37   38   34   36   31   36   30   38   36   37   35   32   31   35   36   38   38   39   36   32   35
   6.0    5.9    6.5    6.1    6.8    7.4    6.6    7.1    7.1    6.9    6.8    6.6    6.9    6.6    6.7    6.7    6.0    6.2    6.4    6.4    6.3    6.3    7.0    7.1
   5.7    5.7    6.3    5.5    6.1    6.6    5.5    7.0    6.9    6.3    6.0    5.8    6.4    6.3    6.5    6.6    5.5    6.0    6.3    6.0    5.9    6.1    6.7    6.8
 -54.0  -46.8  -46.4  -37.7  -49.6  -32.0  -11.4  -29.9  -28.0  -42.6  -35.9  -48.7  -56.3  -46.2  -12.5    0.0   -5.3  -10.4    0.2   13.5   13.3   -9.0   -9.4  -28.1
 237.5  247.4  246.2  260.9  268.7  276.8  286.8  271.1  268.1  281.5  290.2  302.1  328.7    7.8   25.6   38.3   17.1   29.9   30.2    3.7  328.8  284.8  289.9  296.9
  -1.8   -1.5   -1.7   -0.7   -0.1    0.7    1.6    0.1   -0.2    0.9    1.7    2.0    3.0    4.3    5.7    5.1    5.2    5.1    5.4    5.8    4.9    1.5    2.2    2.7
  -2.8   -3.6   -4.0   -4.3   -4.0   -5.6   -5.2   -6.0   -6.1   -4.6   -4.6   -3.2   -1.8    0.6    2.7    4.1    1.6    3.0    3.1    0.4   -3.0   -5.8   -6.2   -5.3
  -4.6   -4.1   -4.5   -3.3   -4.7   -3.5   -1.1   -3.5   -3.3   -4.3   -3.5   -4.3   -5.3   -4.5   -1.4    0.0   -0.5   -1.1    0.0    1.4    1.4   -1.0   -1.1   -3.2
   0.2   -0.9   -1.2   -2.3   -1.7   -3.9   -4.6   -4.7   -5.1   -3.5   -3.7   -2.2   -0.5    1.8    3.0    3.9    1.7    3.2    2.7   -0.4   -3.3   -4.3   -4.5   -2.6
  -5.4   -5.4   -5.9   -4.9   -5.9   -5.3   -2.7   -5.1   -4.7   -5.3   -4.4   -4.9   -5.6   -4.2   -0.5    1.4    0.1    0.3    1.4    1.4   -0.4   -4.0   -4.4   -5.6
   0.2    0.2    0.2    0.2    0.4    0.2    0.4    0.2    0.2    0.2    0.1    0.1    0.2    0.1    0.2    0.1    0.2    0.1    0.1    0.1    0.2    0.3    0.1    0.1
   1.6    1.6    1.6    2.6    2.6    3.1    3.5    1.3    1.2    2.5    2.9    3.1    2.4    2.0    1.7    1.3    2.3    1.5    1.2    2.1    2.1    1.6    1.8    2.1
   1.2    0.8    1.0    1.2    1.0    1.5    2.1    0.4    0.9    1.7    1.7    1.8    1.7    1.0    0.3    0.6    0.5    0.8    0.4    0.5    1.1    0.9    1.0    0.7
   0.9    1.0    0.7    1.5    1.7    1.2    1.4    0.5    0.3    1.3    2.0    1.6    1.5    1.3    1.1    0.7    1.9    1.2    0.7    1.7    1.5    0.4    0.6    1.3
   0.8    0.8    1.0    1.7    1.8    2.5    2.4    1.1    0.8    1.3    1.3    1.9    0.9    1.1    1.3    0.9    1.3    0.4    0.8    1.1    1.0    1.2    1.4    1.6
   45788.    47133.    47020.    56451.    51438.    41107.    63292.    54656.    53859.    57879.    66633.    70093.    65877.    65706.    63383.    62067.    67449.    68755.    69476.    73927.    75682.    72818.    61331.    58328.
   8.5    8.9    9.4   10.3    9.7    8.6    8.7    7.7    7.5    7.6    7.8    7.7    7.6    7.7    7.8    8.1    8.8    8.4    8.9    8.8    9.3   10.2    9.6    9.5
  424.   421.   419.   414.   412.   406.   402.   407.   403.   397.   394.   392.   385.   377.   369.   370.   365.   364.   361.   359.   366.   378.   372.   367.
   1.6    0.7    0.3    0.2    0.5   -1.0    0.4   -0.4   -0.5    0.4    0.1    0.4    0.9    1.9    2.8    3.2    0.7    1.2    1.0   -0.5   -2.5   -3.6   -4.2   -4.1
  -1.9   -1.9   -2.3   -1.8   -2.9   -3.2   -1.3   -2.4   -2.0   -2.3   -1.5   -2.0   -2.8   -3.2   -1.1   -0.7   -0.8   -1.3   -0.5    0.8    0.9   -0.4   -0.9   -2.8
 0.075  0.077  0.079  0.075  0.069  0.071  0.088  0.087  0.087  0.088  0.073  0.069  0.067  0.064  0.056  0.050  0.038  0.034  0.034  0.035  0.034  0.029  0.027  0.024
    3139.     3381.     3743.     5405.     6887.     5923.    11679.     5661.     8190.     7259.     5004.     6547.     4191.     4384.     9581.     4755.     4095.     4247.     4026.     4989.     4862.     5266.     6871.     3310.
   0.4    0.5    0.5    0.7    0.5    0.9    0.6    0.5    0.4    0.8    0.4    0.6    0.3    0.3    0.3    0.5    0.3    0.4    0.4    0.3    0.6    0.5    0.7    0.5
    6.     4.     6.     4.     4.     7.     9.     4.     5.     8.     8.    10.     8.     6.     4.     4.     3.     3.     3.     4.     4.     4.     7.     4.
   0.8    0.8    0.5    1.3    1.2    0.9    1.3    0.6    0.3    0.8    1.6    1.1    0.9    0.9    0.6    0.5    0.8    0.4    0.3    1.3    0.8    0.4    0.6    0.8
   0.5    0.4    0.9    0.8    1.2    1.5    1.6    0.7    0.7    1.0    0.9    1.7    0.5    0.7    1.0    0.7    0.7    0.3    0.6    1.0    0.8    0.9    1.4    1.0
 0.004  0.007  0.006  0.006  0.006  0.009  0.011  0.007  0.007  0.009  0.008  0.007  0.005  0.004  0.006  0.006  0.009  0.004  0.002  0.002  0.003  0.002  0.003  0.002
  3.32   3.45   3.63   3.83   3.51   3.04   3.17   2.87   2.74   2.70   2.61   2.52   2.39   2.30   2.17   2.22   2.26   2.11   2.20   2.16   2.36   2.72   2.46   2.34
   2.29    2.27    2.47    2.03    2.43    2.15    1.09    2.08    1.89    2.10    1.73    1.92    2.16    1.58    0.18   -0.52   -0.04   -0.11   -0.51   -0.50    0.15    1.51    1.64    2.06
   1.71    1.87    1.62    2.13    1.57    1.11    1.59    1.16    1.13    1.24    1.37    1.46    1.29    1.43    1.39    1.43    1.99    1.79    1.79    1.81    1.99    2.15    1.55    1.46
  10.3   10.6    9.9   10.9    9.4    8.0    9.0    8.0    7.8    7.9    8.1    8.2    7.7    7.9    7.7    7.9    9.0    8.5    8.4    8.3    8.9    9.6    8.2    8.0
  6.5   6.6   6.4   6.5   6.1   5.8   5.8   5.6   5.5   5.5   5.5   5.5   5.3   5.3   5.2   5.3   5.5   5.3   5.3   5.2   5.4   5.7   5.4   5.3
 0.0112  0.0105  0.0122  0.0100  0.0134  0.0184  0.0147  0.0188  0.0197  0.0189  0.0182  0.0175  0.0201  0.0189  0.0201  0.0193  0.0146  0.0164  0.0168  0.0172  0.0152  0.0130  0.0175  0.0187
 50  50  50  47  47  47  40  40  40  20  20  20  23  23  23  17  17  17  13  13  13  30  30  30
  94   94   94   94   94   94   94   94   94   94   94   94   94   94   94   94   94   94   94   94   94   94   94   94
   -35    -46    -46    -49    -52    -58    -53    -45    -45    -48    -49    -47    -48    -51    -50    -43    -38    -35    -34    -33    -29    -28    -32    -36
  48   48   48   39   39   39   27   27   27    7    7    7    9    9    9    6    6    6    5    5    5   15   15   15
 131.6  131.6  131.6  131.6  131.6  131.6  131.6  131.6  131.6  131.6  131.6  131.6  131.6  131.6  131.6  131.6  131.6  131.6  131.6  131.6  131.6  131.6  131.6  131.6
  474   511   691   535   504   392   555   541   462   532   628   556   529   625   453   141    95    48    48    45    48   141   397   537
  -306   -375   -468   -393   -298   -236   -352   -338   -311   -259   -274   -265   -411   -451   -306    -99    -47    -20    -28    -21    -22    -65   -253   -354
   169    136    223    142    206    157    203    202    151    274    354    291    119    174    147     43     48     28     20     25     26     76    143    184
   2.7    3.3    5.6    3.7    3.1    2.9    5.0    3.2    3.9    4.2    3.5    3.3    3.3    3.2    2.0    0.6    0.8    0.5    0.5    0.5    0.6    1.6    2.3    3.0
 0.006995  0.006995  0.006995  0.006995  0.006995  0.006995  0.006995  0.006995  0.006995  0.006995  0.006995  0.006995  0.006995  0.006995  0.006995  0.006995  0.006995  0.006995  0.006995  0.006995  0.006995  0.006995  0.006995  0.006995
      0.88       0.82       0.87       0.87       0.80       0.83       0.88       0.90       0.86       0.86       0.86       0.86       0.88       0.87       0.88       0.87       0.88       0.82       0.85       1.00       0.86       0.83       0.87       0.77
     0.87      0.81      0.85      0.86      0.78      0.81      0.85      0.89      0.85      0.84      0.84      0.84      0.83      0.85      0.86      0.86      0.87      0.81      0.83      1.00      0.84      0.81      0.85      0.74
     0.83      0.78      0.82      0.83      0.75      0.78      0.82      0.86      0.82      0.81      0.81      0.81      0.80      0.82      0.83      0.83      0.84      0.77      0.80      0.97      0.81      0.78      0.81      0.71
     0.80      0.74      0.77      0.79      0.71      0.74      0.79      0.82      0.77      0.77      0.77      0.77      0.76      0.78      0.79      0.79      0.80      0.73      0.75      0.93      0.77      0.74      0.77      0.67
     0.70      0.65      0.68      0.69      0.62      0.65      0.69      0.73      0.69      0.68      0.68      0.67      0.66      0.68      0.69      0.70      0.70      0.65      0.65      0.77      0.68      0.65      0.67      0.59
     0.58      0.53      0.55      0.56      0.50      0.51      0.57      0.60      0.57      0.57      0.55      0.55      0.54      0.56      0.57      0.57      0.58      0.52      0.54      0.60      0.55      0.54      0.54      0.47
 -1  -1  -1  -1  -1  -1  -1  -1  -1  -1  -1  -1  -1  -1  -1  -1  -1  -1  -1  -1  -1  -1  -1  -1
