2003 2003 2003 2003 2003 2003 2003 2003 2003 2003 2003 2003 2003 2003 2003 2003 2003 2003 2003 2003 2003 2003 2003 2003
 192 192 192 192 192 192 192 192 192 192 192 192 192 192 192 192 192 192 192 192 192 192 192 192
  0   1   2   3   4   5   6   7   8   9  10  11  12  13  14  15  16  17  18  19  20  21  22  23
 2319  2319  2319  2319  2319  2319  2319  2319  2319  2319  2319  2319  2319  2319  2319  2319  2319  2319  2319  2319  2319  2319  2319  2319
 51  51  51  51  51  51  51  51  51  51  51  51  51  51  51  51  51  51  51  51  51  51  51  51
 52  52  52  52  52  52  52  52  52  52  52  52  52  52  52  52  52  52  52  52  52  52  52  52
  58   61   60   60   61   61   58   60   62   57   59   60   60   61   60   65   60   61   64   64   61   61   59   65
  35   38   36   36   38   38   35   37   38   36   36   37   37   38   35   40   37   38   38   40   37   38   35   32
   8.7    8.9    9.5    9.4    9.4    9.7    9.8   11.8   12.9   12.0   10.0    8.5    8.0    9.3   12.5   13.6   14.2   15.6   16.0   11.2   14.1   16.5   16.1   16.0
   8.5    8.8    9.5    9.4    9.4    9.6    9.8   11.7   12.6   11.9    9.9    8.3    7.8    8.7   11.5   11.6   14.1   14.9   15.5    8.3   10.7   14.9   13.0   15.3
 -27.8  -42.4  -44.0  -41.3  -45.8  -49.6  -50.8  -60.1  -70.7  -74.9  -68.9  -60.8  -58.0  -53.2  -43.6  -38.9  -39.7  -27.6  -11.1  -39.8  -27.1   18.2   -8.0  -43.1
  96.4   77.7   82.9   84.8   88.9   84.1   89.2  103.9   55.6   55.9  106.5  108.9  117.3  129.8  124.1  132.6  359.6  336.7  320.1  336.9  321.1  323.3  321.3  322.4
  -0.8    1.4    0.8    0.6    0.1    0.6    0.1   -1.4    2.4    1.7   -1.0   -1.3   -1.9   -3.3   -4.7   -6.1   10.9   12.1   11.7    5.9    7.4   11.4   10.1    8.8
   7.5    6.3    6.7    7.0    6.6    6.2    6.2    5.7    3.5    2.6    3.4    3.8    3.7    4.0    6.9    6.7   -0.1   -5.2   -9.8   -2.5   -6.0   -8.5   -8.1   -6.8
  -4.0   -5.9   -6.6   -6.2   -6.7   -7.3   -7.6  -10.1  -11.9  -11.5   -9.2   -7.3   -6.6   -6.9   -8.0   -7.3   -9.0   -6.9   -3.0   -5.3   -4.9    4.7   -1.8  -10.4
   7.6    6.3    6.5    6.5    5.8    4.9    4.5    3.0    0.0   -1.1    0.2    1.2    1.4    1.8    4.6    5.0   -1.5   -5.9   -9.9   -2.6   -5.9   -8.7   -8.0   -6.3
  -3.7   -5.8   -6.8   -6.7   -7.4   -8.2   -8.7  -11.2  -12.4  -11.7   -9.8   -8.1   -7.4   -7.8   -9.5   -8.6   -8.9   -6.3   -2.5   -5.3   -5.0    4.3   -2.2  -10.7
   0.4    0.9    0.3    0.1    0.2    0.2    0.2    1.2    0.3    0.9    0.4    0.4    0.3    0.8    0.9    1.2    0.9    0.6    0.6    1.8    1.6    0.7    0.8    0.6
   1.7    1.9    0.9    0.8    0.8    1.4    0.9    2.1    2.5    1.8    1.8    1.4    1.7    3.3    4.6    7.0    1.2    4.5    3.7    7.6    9.2    6.8    9.2    4.2
   0.8    1.2    0.4    0.6    0.7    1.3    0.7    1.5    2.0    1.2    1.4    1.0    1.5    2.6    3.0    3.9    0.5    0.9    0.9    2.6    3.8    2.1    2.0    2.8
   0.8    1.3    0.5    0.4    0.3    0.5    0.4    0.9    1.4    0.8    0.7    0.9    0.8    1.7    2.5    4.3    0.6    2.6    1.8    4.1    5.1    3.7    2.0    1.7
   1.2    0.5    0.6    0.5    0.3    0.2    0.4    1.2    0.5    0.9    0.8    0.4    0.4    1.1    2.4    3.9    1.0    3.6    3.1    5.8    6.6    5.3    8.7    2.5
   22825.    30744.    23462.    18227.    26879.    29713.    31572.    37565.    51296.    48189.    31253.    35237.    34140.    30729.    29130.    40237.    65060.   101689.   112368.   282543.   308198.   314586.   407806.   462224.
  13.0   10.0   10.0   10.8   10.5   12.2   12.6   12.2   12.0   15.0   20.0   20.8   20.8   21.2   18.3   16.3   20.3   21.7   18.1   10.8    8.2    7.3    5.4    4.7
  357.   356.   352.   353.   355.   354.   356.   354.   361.   355.   341.   346.   344.   338.   351.   348.   384.   392.   405.   441.   471.   475.   498.   514.
  -2.3   -1.7   -1.0   -1.6   -1.9   -2.0   -2.3   -4.8   -5.7   -5.1   -4.5   -3.9   -3.7   -5.2   -5.7   -5.5   -3.7   -6.1   -6.5   -0.2    2.0    1.8    3.3    5.5
  -2.3   -2.4   -3.4   -3.0   -3.0   -2.8   -2.8   -1.7   -1.1   -1.6   -4.4   -4.3   -4.6   -5.1   -4.6   -5.1   -5.5   -2.7    2.3   -0.8    1.6    3.0    3.4   -1.1
 0.053  0.109  0.094  0.079  0.115  0.110  0.105  0.144  0.123  0.105  0.090  0.120  0.129  0.111  0.100  0.081  0.016  0.029  0.051  0.135  0.131  0.131  0.128  0.094
    4481.     3783.     4610.     1690.     4882.     6044.     3654.     6524.    10099.     9760.     2270.     4660.     4879.     4152.    10503.    19464.     8303.    14684.    13731.    68771.    58685.    38461.    78586.   157564.
   1.2    2.1    1.1    0.3    0.8    0.6    0.6    1.6    1.2    3.3    0.9    1.3    1.2    1.5    2.7    2.5    2.4    1.5    2.5    1.5    1.1    1.5    1.0    0.9
    2.     3.     3.     2.     2.     4.     3.     5.     5.     8.     4.     3.     2.     4.     6.    11.     3.     6.     9.    14.     9.     8.    17.    19.
   0.6    0.6    0.3    0.2    0.3    0.3    0.5    1.4    0.6    0.5    0.2    0.4    0.3    0.6    1.2    1.9    1.2    0.9    0.7    2.6    1.7    1.0    1.7    1.8
   0.5    0.5    0.4    0.2    0.2    0.2    0.4    1.4    0.6    1.2    0.3    0.4    0.3    0.4    1.6    1.2    0.7    2.2    1.5    2.7    2.1    1.2    4.2    2.4
 0.031  0.024  0.005  0.015  0.014  0.009  0.009  0.032  0.016  0.014  0.020  0.015  0.012  0.009  0.033  0.028  0.011  0.006  0.019  0.035  0.036  0.023  0.041  0.063
  3.35   3.04   2.85   2.96   3.23   3.68   3.79   4.02   3.90   4.48   5.28   6.15   6.23   5.84   5.27   4.36   5.32   6.21   5.97   5.40   4.63   4.19   3.38   2.85
   1.32    2.06    2.39    2.37    2.63    2.90    3.10    3.96    4.48    4.15    3.34    2.80    2.55    2.64    3.33    2.99    3.42    2.47    1.01    2.34    2.35   -2.04    1.10    5.50
   1.08    0.84    0.70    0.75    0.77    0.85    0.87    0.60    0.54    0.77    1.33    1.96    2.20    1.62    0.77    0.62    0.81    0.85    0.71    1.47    0.75    0.49    0.46    0.45
   7.4    6.3    5.9    6.2    6.1    6.4    6.4    5.2    4.8    5.7    7.6    9.3    9.8    8.4    6.0    5.2    6.1    5.9    5.4    6.5    4.8    3.9    3.6    3.5
  5.3   4.8   4.6   4.8   4.7   4.8   4.9   4.2   4.0   4.4   5.2   5.7   5.8   5.4   4.7   4.2   4.7   4.4   4.2   4.3   3.7   3.3   3.0   3.0
 0.0217  0.0297  0.0347  0.0312  0.0318  0.0293  0.0286  0.0433  0.0506  0.0362  0.0205  0.0138  0.0124  0.0170  0.0330  0.0446  0.0320  0.0347  0.0410  0.0284  0.0520  0.0786  0.0921  0.0981
 27  27  27  43  43  43  60  60  60  50  50  50  53  53  53  53  53  53  57  57  57  57  57  57
  94   94   94   94   94   94   94   94   94   94   94   94   94   94   94   94   94   94   94   94   94   94   94   94
     3      0     -5    -10    -17    -21    -24    -34    -44    -47    -55    -51    -44    -44    -41    -40    -49    -56    -60    -60    -63    -62    -58    -63
  12   12   12   32   32   32   80   80   80   48   48   48   56   56   56   56   56   56   67   67   67   67   67   67
 126.1  126.1  126.1  126.1  126.1  126.1  126.1  126.1  126.1  126.1  126.1  126.1  126.1  126.1  126.1  126.1  126.1  126.1  126.1  126.1  126.1  126.1  126.1  126.1
  513   584   579   762   741   791   788   941   834  1053   816   697   504   567   853   714   968   762   778   681   824   466   496   741
  -304   -331   -310   -428   -393   -448   -459   -473   -492   -760   -449   -476   -360   -317   -370   -327   -483   -392   -423   -387   -456   -250   -220   -521
   209    253    269    334    348    343    329    469    342    293    368    221    144    250    483    387    484    370    355    295    368    216    276    221
   1.8    2.3    2.8    3.3    3.8    3.3    5.0    4.1    4.0    5.8    3.4    3.6    2.5    2.4    3.2    2.2    3.7    2.7    2.5    1.7    3.7    1.0    2.4    4.0
 0.007865  0.007865  0.007865  0.007865  0.007865  0.007865  0.007865  0.007865  0.007865  0.007865  0.007865  0.007865  0.007865  0.007865  0.007865  0.007865  0.007865  0.007865  0.007865  0.007865  0.007865  0.007865  0.007865  0.007865
1000000.00 1000000.00 1000000.00 1000000.00 1000000.00 1000000.00 1000000.00 1000000.00 1000000.00 1000000.00 1000000.00 1000000.00 1000000.00 1000000.00 1000000.00 1000000.00 1000000.00 1000000.00 1000000.00 1000000.00 1000000.00 1000000.00 1000000.00 1000000.00
 99999.99  99999.99  99999.99  99999.99  99999.99  99999.99  99999.99  99999.99  99999.99  99999.99  99999.99  99999.99  99999.99  99999.99  99999.99  99999.99  99999.99  99999.99  99999.99  99999.99  99999.99  99999.99  99999.99  99999.99
 99999.99  99999.99  99999.99  99999.99  99999.99  99999.99  99999.99  99999.99  99999.99  99999.99  99999.99  99999.99  99999.99  99999.99  99999.99  99999.99  99999.99  99999.99  99999.99  99999.99  99999.99  99999.99  99999.99  99999.99
 99999.99  99999.99  99999.99  99999.99  99999.99  99999.99  99999.99  99999.99  99999.99  99999.99  99999.99  99999.99  99999.99  99999.99  99999.99  99999.99  99999.99  99999.99  99999.99  99999.99  99999.99  99999.99  99999.99  99999.99
 99999.99  99999.99  99999.99  99999.99  99999.99  99999.99  99999.99  99999.99  99999.99  99999.99  99999.99  99999.99  99999.99  99999.99  99999.99  99999.99  99999.99  99999.99  99999.99  99999.99  99999.99  99999.99  99999.99  99999.99
 99999.99  99999.99  99999.99  99999.99  99999.99  99999.99  99999.99  99999.99  99999.99  99999.99  99999.99  99999.99  99999.99  99999.99  99999.99  99999.99  99999.99  99999.99  99999.99  99999.99  99999.99  99999.99  99999.99  99999.99
  0   0   0   0   0   0   0   0   0   0   0   0   0   0   0   0   0   0   0   0   0   0   0   0
