2000 2000 2000 2000 2000 2000 2000 2000 2000 2000 2000 2000 2000 2000 2000 2000 2000 2000 2000 2000 2000 2000 2000 2000
 338 338 338 338 338 338 338 338 338 338 338 338 338 338 338 338 338 338 338 338 338 338 338 338
  0   1   2   3   4   5   6   7   8   9  10  11  12  13  14  15  16  17  18  19  20  21  22  23
 2284  2284  2284  2284  2284  2284  2284  2284  2284  2284  2284  2284  2284  2284  2284  2284  2284  2284  2284  2284  2284  2284  2284  2284
 71  71  71  71  71  71  71  71  71  71  71  71  71  71  71  71  71  71  71  71  71  71  71  71
 71  71  71  71  71  71  71  71  71  71  71  71  71  71  71  71  71  71  71  71  71  71  71  71
  17   15   15   15   18   14   14   18   15   14   15   14   17   14   15   14   16   15   14   15   14   14   16   15
  17   15   15   15   18   14   14   18   15   14   15   14   17   14   15   14   16   15   14   15   14   14   16   15
   7.9    7.4    7.6    8.0   10.0   11.6   11.7   10.0   11.9   12.3   12.1   10.9    9.4   11.1   11.2   10.6   10.5   10.6    9.7    9.7    9.6    9.2    9.0    8.9
   6.8    6.7    7.1    7.7    9.3   10.8   10.3    8.4   11.4   12.2   12.0   10.8    7.9   10.8   10.5   10.3   10.0    9.8    9.0    9.6    9.6    9.0    9.0    8.7
  34.0  -16.2   -2.2   39.0   27.9   25.7  -20.9   21.0   28.0   24.3   23.9   24.5   34.8   -7.2   -6.1    4.0    5.4  -21.0   -4.0    7.5    4.8   -0.3   -2.4   -8.4
 131.4  133.6  115.3  115.6   95.3   86.5  140.4  105.7   84.1   92.5   93.4   90.0   88.7   65.4   64.4   75.0   81.3   53.5   83.5   96.8  101.2   94.5  106.6   99.5
  -3.7   -4.4   -3.0   -2.6   -0.8    0.6   -7.4   -2.1    1.0   -0.5   -0.6    0.0    0.2    4.4    4.5    2.7    1.5    5.5    1.0   -1.1   -1.9   -0.7   -2.6   -1.4
   4.2    4.6    6.4    5.4    8.2    9.7    6.1    7.6   10.0   11.1   11.0    9.8    6.5    9.7    9.4   10.0    9.8    7.4    9.0    9.5    9.4    9.0    8.6    8.5
   3.8   -1.9   -0.3    4.8    4.4    4.7   -3.7    3.0    5.3    5.0    4.9    4.5    4.5   -1.3   -1.1    0.7    0.9   -3.5   -0.6    1.3    0.8    0.0   -0.4   -1.3
   4.0    4.6    6.4    5.8    8.7   10.4    5.1    8.1   11.1   12.1   12.0   10.7    7.5    9.0    8.9   10.0    9.8    7.1    9.0    9.5    9.4    9.0    8.6    8.6
   4.0   -1.8   -0.5    4.4    3.3    2.8   -5.0    0.8    2.0    1.2    1.0    1.2    2.4   -3.9   -3.2   -1.2   -0.5   -4.2   -1.0    1.3    1.1    0.5    0.1   -0.8
   0.4    0.2    0.3    0.1    2.0    0.6    1.1    0.8    0.8    0.1    0.1    0.8    0.9    0.3    0.2    0.3    0.3    0.5    0.1    0.1    0.1    0.2    0.1    0.1
   3.6    3.0    2.4    2.3    3.9    3.9    4.6    5.0    3.1    1.5    1.0    1.5    4.4    2.2    3.7    2.0    2.6    3.6    3.4    0.6    0.5    1.3    0.7    1.6
   2.1    0.9    0.8    1.4    1.8    2.4    1.4    3.3    0.9    0.7    0.8    1.1    3.2    1.7    2.9    1.3    2.2    1.6    2.4    0.3    0.4    1.1    0.6    1.5
   1.9    1.5    0.7    0.8    1.4    0.8    2.0    1.7    0.7    0.5    0.3    0.8    2.7    0.6    1.5    0.6    0.4    2.9    0.9    0.1    0.1    0.4    0.3    0.2
   2.2    2.4    2.1    1.6    3.2    3.0    3.9    3.4    2.9    1.3    0.4    0.7    1.5    1.2    1.7    1.4    1.3    1.5    2.3    0.5    0.4    0.4    0.3    0.5
   57903.   113460.   110431.    90551.   119449.   141806.   155705.   232404.   198359.   106251.   103003.    88391.   150080.   111754.    65036.    71196.    58512.    62602.    74693.    83030.    75982.    72582.    63330.    52140.
   4.5    3.3    3.2    3.2    4.0    5.5    5.3    5.8    5.5    6.7    6.0    6.9    6.6    6.0    4.9    5.0    5.1    5.0    3.8    3.4    3.1    3.5    3.9    3.6
  361.   368.   377.   378.   416.   451.   421.   461.   477.   467.   457.   453.   459.   484.   471.   470.   439.   456.   434.   420.   400.   413.   390.   392.
  -7.0   -3.3   -4.5   -2.8   -2.8   -3.8   -1.3   -0.9   -4.5   -5.6   -5.0   -6.5   -5.0   -6.0   -4.4   -5.4   -5.9   -3.2   -4.5   -4.9   -4.5   -5.0   -1.8   -1.7
  -6.9   -1.1   -3.5   -3.9   -1.1   -3.0    0.4   -2.7   -4.6   -2.7   -2.5   -3.5   -3.5    0.7    0.4   -0.4   -2.6   -1.2   -2.4   -3.8   -4.1   -0.9   -2.0   -1.4
 0.036  0.031  0.031  0.036  0.040  0.040  0.055  0.045  0.027  0.034  0.034  0.033  0.032  0.031  0.031  0.025  0.023  0.018  0.022  0.015  0.017  0.024  0.023  0.020
   24419.    10223.     7531.     5440.    25691.    10736.    42140.    21425.    51792.     6538.     7429.    24674.    34258.    16628.     6266.     7865.    15421.    18052.    10962.     2625.     5254.     9040.     2998.     6303.
   1.2    0.3    0.3    0.2    1.2    0.6    0.8    1.3    1.0    0.8    0.3    0.8    0.8    0.6    0.5    0.5    0.5    0.8    0.6    0.2    0.3    0.7    0.2    0.2
   16.     6.     4.     8.    30.     7.    10.    20.     8.     5.     5.     8.    13.     9.    16.    16.    10.     4.    13.     2.     9.    11.     3.     6.
   2.3    2.8    1.3    1.1    0.8    1.5    2.3    0.8    1.0    0.7    0.6    1.0    1.6    0.8    1.0    0.8    0.5    1.5    1.2    0.1    0.3    1.3    0.6    0.4
   1.6    2.2    1.5    1.8    2.5    1.7    2.0    1.4    1.2    1.5    0.8    0.5    1.0    0.6    1.2    1.0    0.9    1.0    1.6    0.4    0.9    0.8    0.5    0.3
 0.007  0.006  0.004  0.003  0.004  0.010  0.012  0.037  0.003  0.003  0.002  0.003  0.005  0.006  0.002  0.005  0.006  0.002  0.004  0.001  0.002  0.006  0.002  0.002
  1.12   0.84   0.85   0.87   1.34   2.17   1.91   2.43   2.32   2.77   2.38   2.68   2.62   2.64   2.04   2.03   1.79   1.86   1.30   1.06   0.88   1.09   1.08   1.00
  -1.44    0.66    0.19   -1.66   -1.37   -1.26    2.10   -0.37   -0.95   -0.56   -0.46   -0.54   -1.10    1.89    1.51    0.56    0.22    1.92    0.43   -0.55   -0.44   -0.21   -0.04    0.31
   0.56    0.61    0.55    0.46    0.41    0.46    0.46    0.87    0.53    0.43    0.39    0.52    0.87    0.49    0.31    0.37    0.36    0.35    0.34    0.32    0.29    0.35    0.38    0.34
   4.8    4.5    4.4    4.2    4.2    4.6    4.1    5.6    4.7    4.9    4.6    5.5    6.3    5.3    4.7    5.0    4.7    4.8    4.4    4.0    3.7    4.2    4.3    4.2
  4.0   3.7   3.7   3.6   3.6   3.9   3.5   4.2   3.9   4.2   4.0   4.5   4.7   4.5   4.1   4.3   4.1   4.2   3.8   3.5   3.3   3.7   3.7   3.7
 0.0506  0.0583  0.0604  0.0666  0.0687  0.0572  0.0693  0.0386  0.0538  0.0493  0.0556  0.0399  0.0302  0.0417  0.0549  0.0484  0.0534  0.0514  0.0625  0.0746  0.0884  0.0675  0.0650  0.0681
 10  10  10  20  20  20  30  30  30  20  20  20  30  30  30  30  30  30  30  30  30  13  13  13
 162  162  162  162  162  162  162  162  162  162  162  162  162  162  162  162  162  162  162  162  162  162  162  162
   -11    -16    -18    -17     -5      1     -4     -8     -6     -2     -3     -3     -2      0     -5     -4     -6     -9    -15    -15    -15    -14    -16    -19
   4    4    4    7    7    7   15   15   15    7    7    7   15   15   15   15   15   15   15   15   15    5    5    5
 158.9  158.9  158.9  158.9  158.9  158.9  158.9  158.9  158.9  158.9  158.9  158.9  158.9  158.9  158.9  158.9  158.9  158.9  158.9  158.9  158.9  158.9  158.9  158.9
   26    34    66   110    64    52   175   305   289   240   216   326   181   205   424   475   269   277   514   122   104    84   126   169
   -13    -13    -43    -86    -26    -21   -139   -224   -212   -172   -153   -259   -134   -172   -370   -409   -225   -208   -415   -108    -87    -58    -97   -143
    13     21     24     24     38     31     36     82     77     68     62     67     47     32     53     65     44     70     99     14     17     26     29     26
  -0.3    0.3    0.8    1.2    1.3    1.4    1.6    2.9    3.4    2.9    2.1    1.8    1.5    2.4    2.2    3.1    2.2    2.3    2.7    1.1    1.2    1.4    1.5    1.1
 0.009724  0.009724  0.009724  0.009724  0.009724  0.009724  0.009724  0.009724  0.009724  0.009724  0.009724  0.009724  0.009724  0.009724  0.009724  0.009724  0.009724  0.009724  0.009724  0.009724  0.009724  0.009724  0.009724  0.009724
     49.70      48.00      49.90      55.30      48.50      44.30      44.00      38.20      30.00      27.60      26.60      27.50      33.50      40.90      41.80      41.00      42.60      47.60      47.80      44.10      84.60      88.30     138.00     142.00
    23.20     22.30     22.90     25.30     22.60     20.80     20.40     18.20     14.60     13.40     13.00     14.50     18.00     21.80     21.40     20.70     21.20     23.10     22.60     21.00     31.50     32.20     45.00     45.70
     7.04      6.76      6.91      7.62      6.93      6.42      6.28      5.75      4.84      4.47      4.35      5.03      5.75      6.60      6.37      6.07      6.07      6.35      6.66      5.75      6.83      6.84      8.39      8.18
     1.43      1.36      1.42      1.61      1.43      1.33      1.37      1.30      1.24      1.12      1.08      1.17      1.27      1.41      1.34      1.24      1.24      1.27      1.66      1.18      1.34      1.26      1.37      1.24
     0.39      0.34      0.39      0.47      0.39      0.35      0.38      0.39      0.39      0.35      0.32      0.32      0.36      0.38      0.37      0.34      0.35      0.35      0.65      0.35      0.43      0.37      0.38      0.35
     0.30      0.27      0.31      0.38      0.30      0.28      0.29      0.30      0.29      0.26      0.23      0.24      0.28      0.29      0.28      0.25      0.26      0.26      0.44      0.27      0.34      0.28      0.29      0.27
 -1  -1  -1  -1  -1  -1  -1  -1  -1  -1  -1  -1  -1  -1  -1  -1  -1  -1  -1  -1  -1  -1  -1  -1
