2002 2002 2002 2002 2002 2002 2002 2002 2002 2002 2002 2002 2002 2002 2002 2002 2002 2002 2002 2002 2002 2002 2002 2002
 236 236 236 236 236 236 236 236 236 236 236 236 236 236 236 236 236 236 236 236 236 236 236 236
  0   1   2   3   4   5   6   7   8   9  10  11  12  13  14  15  16  17  18  19  20  21  22  23
 2308  2308  2308  2308  2308  2308  2308  2308  2308  2308  2308  2308  2308  2308  2308  2308  2308  2308  2308  2308  2308  2308  2308  2308
 71  71  71  71  71  71  71  71  71  71  71  71  71  71  71  71  71  71  71  71  71  71  71  71
 71  71  71  71  71  71  71  71  71  71  71  71  71  71  71  71  71  71  71  71  71  71  71  71
  15   14   16   14   15   16   14   11   14   14   15   14   15   15   16   15   13   15   15   16   14   14   16   15
  15   14   16   14   15   16   14   11   14   14   15   14   15   15   16   15   13   15   15   16   14   14   16   15
   7.1    7.3    6.9    7.0    6.2    5.6    6.0    6.0    6.0    5.8    5.8    5.4    5.3    5.2    5.0    5.0    4.9    4.8    4.6    4.5    4.6    4.7    4.7    4.7
   6.7    7.3    6.8    6.8    5.3    4.2    5.5    5.8    5.7    5.2    5.6    5.1    4.8    4.8    4.7    4.7    4.6    4.7    3.2    4.0    4.4    4.6    4.6    4.5
  -5.3   -0.3   -2.2    2.2   -0.7   -1.4    1.6  -34.3  -19.5   -8.1  -26.2  -37.1  -26.4  -23.8  -30.1  -32.2  -20.7  -10.1   -7.3  -14.5  -15.9  -33.4  -33.7  -26.9
 294.5  303.2  300.7  264.2  287.9  298.3  277.1  248.1  239.0  270.6  281.2  290.1  285.3  307.6  281.2  271.1  279.4  317.9  239.2  249.8  244.5  270.7  274.5  272.4
   2.8    4.0    3.5   -0.7    1.6    2.0    0.7   -1.8   -2.8    0.1    1.0    1.4    1.1    2.7    0.8    0.1    0.7    3.4   -1.6   -1.3   -1.8    0.0    0.3    0.2
  -6.1   -6.1   -5.9   -6.7   -5.1   -3.7   -5.5   -4.5   -4.6   -5.2   -5.0   -3.8   -4.2   -3.5   -4.0   -4.0   -4.3   -3.1   -2.7   -3.7   -3.8   -3.8   -3.8   -4.0
  -0.6    0.0   -0.3    0.3   -0.1   -0.1    0.2   -3.3   -1.9   -0.7   -2.5   -3.1   -2.1   -1.9   -2.4   -2.5   -1.6   -0.8   -0.4   -1.0   -1.2   -2.5   -2.6   -2.0
  -6.1   -5.9   -5.8   -6.3   -4.8   -3.5   -4.9   -5.5   -4.9   -4.8   -5.6   -4.9   -4.7   -4.0   -4.7   -4.7   -4.6   -3.2   -2.7   -3.8   -4.0   -4.2   -4.2   -4.3
   0.6    1.4    1.2    2.3    1.6    1.3    2.5   -0.9    0.6    2.0    0.5   -0.7    0.3    0.0   -0.3   -0.6    0.1    0.2    0.4   -0.1   -0.4   -1.7   -1.9   -1.2
   0.1    0.1    0.1    0.1    0.3    0.4    0.2    0.1    0.1    0.1    0.1    0.1    0.1    0.0    0.1    0.1    0.1    0.1    0.3    0.0    0.1    0.1    0.1    0.2
   1.8    0.6    0.7    1.3    2.9    3.4    1.9    1.1    1.6    1.7    1.0    1.3    2.1    1.6    1.6    1.4    1.1    0.9    2.9    1.8    1.3    0.9    0.8    1.0
   1.3    0.3    0.5    1.1    2.5    2.8    1.3    0.8    1.2    1.1    0.5    0.7    1.8    1.1    0.9    1.0    1.0    0.5    2.7    1.6    0.9    0.5    0.5    0.5
   0.7    0.2    0.3    0.2    0.8    1.7    0.6    0.6    0.7    0.5    0.4    0.8    0.8    0.8    0.5    0.6    0.4    0.5    0.8    0.8    0.6    0.3    0.3    0.3
   1.1    0.5    0.4    0.6    1.3    0.9    1.3    0.5    0.7    1.2    0.8    0.8    0.5    0.9    1.2    0.8    0.2    0.6    0.8    0.4    0.8    0.6    0.4    0.8
   87866.    75649.    84120.    71370.   105990.   128855.    82301.    64557.    63786.    62162.    71915.    68560.  9999999.  9999999.  9999999.  9999999.  9999999.  9999999.  9999999.  9999999.  9999999.  9999999.  9999999.  9999999.
   4.8    4.7    4.7    4.3    4.7    4.8    4.1    4.8    4.9    4.2    3.9    3.5  999.9  999.9  999.9  999.9  999.9  999.9  999.9  999.9  999.9  999.9  999.9  999.9
  398.   393.   395.   393.   385.   386.   380.   387.   393.   370.   364.   356.   350.   338.   350.   354.   352.   328.   355.   344.   345.   332.   333.   337.
  -1.3   -1.0   -1.4   -2.2   -0.3    0.8   -0.7   -2.3   -2.4   -2.0   -2.7   -2.3   -2.2   -2.0   -2.5   -2.7   -3.6   -3.4   -2.2   -4.1   -4.8   -5.2   -4.9   -5.3
   0.5    0.9    1.2    1.2    0.9    0.6    1.7   -0.9    0.3    1.2    0.3   -0.2    0.0   -0.0    0.5    0.6    1.3    2.0    2.3    1.6    2.0    1.1    1.8    2.0
 0.012  0.020  0.012  0.018  0.023  0.028  0.022  0.011  0.011  0.014  0.014  0.013  0.014  0.018  0.020  0.024  0.015  0.015  0.016  0.016  0.016  0.014  0.011  0.013
    3973.     2998.     6070.     6903.    29931.    45975.    24824.     6982.     5329.     6660.     9687.    11384.  9999999.  9999999.  9999999.  9999999.  9999999.  9999999.  9999999.  9999999.  9999999.  9999999.  9999999.  9999999.
   0.3    0.4    0.2    0.2    0.8    0.3    0.5    0.4    0.9    0.3    0.3    0.1  999.9  999.9  999.9  999.9  999.9  999.9  999.9  999.9  999.9  999.9  999.9  999.9
    5.     2.     3.     3.    14.    12.    10.     7.     9.     9.     4.     6.    12.    10.     7.     6.     7.     6.    17.    11.     6.     4.     5.     2.
   0.6    0.1    0.4    0.3    0.8    1.5    1.1    0.4    0.5    0.3    0.2    0.5    1.0    0.8    0.6    0.7    0.5    0.7    1.4    1.1    1.2    0.5    0.4    0.4
   0.8    0.6    0.3    0.5    0.9    0.9    0.5    0.6    0.7    1.2    0.6    0.6    0.8    1.0    0.9    0.9    0.5    0.8    1.1    0.7    0.6    0.8    0.7    0.9
 0.003  0.002  0.000  0.002  0.004  0.005  0.006  0.002  0.001  0.003  0.002  0.002  0.003  0.005  0.008  0.003  0.002  0.003  0.003  0.001  0.001  0.002  0.002  0.002
  1.33   1.31   1.28   1.19   1.27   1.33   1.08   1.25   1.32   1.01   0.91   0.78  99.99  99.99  99.99  99.99  99.99  99.99  99.99  99.99  99.99  99.99  99.99  99.99
  -0.24   -0.55   -0.47   -0.90   -0.62   -0.50   -0.95    0.35   -0.24   -0.74   -0.18    0.25   -0.10   -0.00    0.10    0.21   -0.04   -0.07   -0.14    0.03    0.14    0.56    0.63    0.40
   0.86    0.75    0.87    0.73    1.19    1.64    1.00    1.07    1.09    0.99    0.97    0.98  999.99  999.99  999.99  999.99  999.99  999.99  999.99  999.99  999.99  999.99  999.99  999.99
   6.1    5.8    6.2    5.8    6.7    7.6    6.4    7.1    7.2    6.5    6.2    6.2  999.9  999.9  999.9  999.9  999.9  999.9  999.9  999.9  999.9  999.9  999.9  999.9
  4.7   4.5   4.7   4.6   4.7   4.9   4.7   5.1   5.2   4.8   4.6   4.5  99.9  99.9  99.9  99.9  99.9  99.9  99.9  99.9  99.9  99.9  99.9  99.9
 0.0315  0.0349  0.0309  0.0351  0.0263  0.0209  0.0289  0.0238  0.0226  0.0278  0.0310  0.0313  9.9999  9.9999  9.9999  9.9999  9.9999  9.9999  9.9999  9.9999  9.9999  9.9999  9.9999  9.9999
 20  20  20  10  10  10  10  10  10  10  10  10  13  13  13  10  10  10   7   7   7   7   7   7
 149  149  149  149  149  149  149  149  149  149  149  149  149  149  149  149  149  149  149  149  149  149  149  149
   -27    -27    -24    -18    -15    -12    -11    -12    -15    -16    -16    -19    -20    -20    -20    -19    -17    -14    -13    -14    -14    -15    -16    -17
   7    7    7    4    4    4    4    4    4    4    4    4    5    5    5    4    4    4    3    3    3    3    3    3
 199.8  199.8  199.8  199.8  199.8  199.8  199.8  199.8  199.8  199.8  199.8  199.8  199.8  199.8  199.8  199.8  199.8  199.8  199.8  199.8  199.8  199.8  199.8  199.8
  191   231    88    78    55    59    47    92   127   110   100   110    81   171   177   173   193   107    94   106   111   151   129    90
   -79   -101    -38    -30    -20    -14    -16    -30    -69    -46    -65    -52    -40    -92   -123   -117   -141    -73    -51    -53    -54    -74    -55    -29
   112    130     50     48     35     45     31     63     58     64     35     58     41     79     54     56     52     34     43     53     57     77     74     62
   0.8    1.2    0.8    0.6    0.4    0.5    0.3    0.2    0.3   -0.0   -0.3    0.4    0.6    0.9    1.3    1.7    1.5    0.8    0.3    0.4    0.3    0.6    0.8    0.7
 0.009093  0.009093  0.009093  0.009093  0.009093  0.009093  0.009093  0.009093  0.009093  0.009093  0.009093  0.009093  0.009093  0.009093  0.009093  0.009093  0.009093  0.009093  0.009093  0.009093  0.009093  0.009093  0.009093  0.009093
     12.90      24.60     101.00 1000000.00 1000000.00 1000000.00 1000000.00 1000000.00 1000000.00 1000000.00 1000000.00 1000000.00 1000000.00 1000000.00    1180.00    1110.00    1160.00    1170.00    1270.00    1340.00    1330.00    1550.00    1640.00    1550.00
     4.60     18.00     93.00  99999.99  99999.99  99999.99  99999.99  99999.99  99999.99  99999.99  99999.99  99999.99  99999.99  99999.99    860.00    800.00    813.00    820.00    881.00    966.00    951.00   1070.00   1100.00   1040.00
     1.61     14.80     85.80  99999.99  99999.99  99999.99  99999.99  99999.99  99999.99  99999.99  99999.99  99999.99  99999.99  99999.99    469.00    432.00    424.00    426.00    444.00    476.00    479.00    509.00    515.00    475.00
     0.49     12.70     75.00  99999.99  99999.99  99999.99  99999.99  99999.99  99999.99  99999.99  99999.99  99999.99  99999.99  99999.99    158.00    149.00    137.00    132.00    131.00    134.00    135.00    133.00    129.00    121.00
     0.27     11.50     63.30  99999.99  99999.99  99999.99  99999.99  99999.99  99999.99  99999.99  99999.99  99999.99  99999.99  99999.99     18.20     17.60     15.40     14.10     13.40     13.00     12.50     11.40     10.90      9.92
     0.20     10.20     43.30  99999.99  99999.99  99999.99  99999.99  99999.99  99999.99  99999.99  99999.99  99999.99  99999.99  99999.99      7.68      7.48      6.64      6.20      5.89      5.81      5.44      4.84      4.68      4.13
 -1  -1  -1   0   0   0   0   0   0   0   0   0   0   0  -1  -1  -1  -1  -1  -1  -1  -1  -1  -1
