2005 2005 2005 2005 2005 2005 2005 2005 2005 2005 2005 2005 2005 2005 2005 2005 2005 2005 2005 2005 2005 2005 2005 2005
 145 145 145 145 145 145 145 145 145 145 145 145 145 145 145 145 145 145 145 145 145 145 145 145
  0   1   2   3   4   5   6   7   8   9  10  11  12  13  14  15  16  17  18  19  20  21  22  23
 2345  2345  2345  2345  2345  2345  2345  2345  2345  2345  2345  2345  2345  2345  2345  2345  2345  2345  2345  2345  2345  2345  2345  2345
 51  51  51  51  51  51  51  51  51  51  51  51  51  51  51  51  51  51  51  51  51  51  51  51
 52  52  52  52  52  52  52  52  52  52  52  52  52  52  52  52  52  52  52  52  52  52  52  52
  60   57   59   62   60   61   59   59   60   59   63   55   65   58   57   56   66   55   59   60   57   59   61   59
  37   32   35   37   36   20   22   30   33   32   35   31   40   33   32   33   38   34   33   36   31   36   31   34
   5.8    6.2    5.8    6.2    5.7    5.3    5.5    5.2    4.9    5.0    3.8    3.9    4.4    4.9    4.9    4.8    4.2    3.9    4.1    3.9    3.9    3.9    3.8    3.6
   5.0    5.9    5.7    5.9    5.5    4.8    5.2    5.1    4.6    4.8    1.1    3.6    3.7    4.7    4.2    4.4    3.2    3.4    4.0    3.9    3.9    3.8    3.7    3.6
 -50.9    7.4    3.5   13.0    1.4  -16.9    5.0   10.8   16.1    4.0    9.6    2.8   -7.7    8.9   15.0  -13.4    1.1    6.3   -0.7    2.2    1.3   -1.7    1.0    2.4
 166.8  161.2  186.2  156.2  155.6  156.2  148.5  152.8  154.1  148.1   81.2  104.6   86.2   60.8   72.5  129.5   88.0  122.9  167.1  170.1  167.7  151.3  141.0  148.8
  -3.1   -5.6   -5.7   -5.2   -5.0   -4.2   -4.5   -4.4   -4.0   -4.1    0.2   -0.9    0.2    2.3    1.2   -2.7    0.1   -1.8   -3.9   -3.8   -3.8   -3.3   -2.9   -3.1
   0.7    1.9   -0.6    2.3    2.3    1.9    2.7    2.3    1.9    2.5    1.1    3.5    3.7    4.1    3.8    3.3    3.2    2.8    0.9    0.7    0.8    1.8    2.4    1.9
  -3.9    0.8    0.3    1.3    0.1   -1.4    0.5    1.0    1.3    0.3    0.2    0.2   -0.5    0.7    1.1   -1.0    0.1    0.4    0.0    0.1    0.1   -0.1    0.1    0.1
   2.0    1.5   -0.7    1.9    2.2    2.1    2.6    2.2    1.9    2.5    1.1    3.5    3.7    4.1    3.7    3.4    3.1    2.6    0.9    0.6    0.7    1.7    2.2    1.7
  -3.4    1.4    0.1    1.8    0.6   -1.1    0.8    1.1    1.4    0.3    0.2    0.2   -0.5    0.8    1.4   -0.6    0.6    1.0    0.2    0.3    0.4    0.6    1.0    0.8
   0.2    0.5    0.1    0.2    0.3    0.5    0.3    0.1    0.2    0.2    0.9    0.5    0.4    0.1    0.2    0.2    0.3    0.2    0.1    0.1    0.0    0.0    0.1    0.1
   2.7    1.7    1.0    1.9    1.4    2.1    1.5    1.2    1.5    1.4    3.7    1.4    2.2    1.2    2.5    1.7    2.8    1.9    0.8    0.7    0.5    0.6    0.5    0.4
   1.3    0.7    0.1    0.3    0.5    0.8    0.6    0.5    1.1    0.4    3.2    1.0    1.8    1.0    2.2    0.9    2.5    1.5    0.1    0.2    0.1    0.2    0.2    0.2
   2.3    1.2    0.9    0.9    0.7    1.4    0.9    0.6    0.9    0.7    1.5    0.8    0.8    0.4    0.5    0.9    0.4    0.5    0.7    0.5    0.5    0.4    0.2    0.3
   0.8    1.1    0.4    1.6    1.2    1.4    1.0    0.9    0.6    1.2    1.0    0.6    1.1    0.5    1.1    1.1    1.0    1.0    0.5    0.5    0.2    0.4    0.4    0.3
  112245.   111736.   109271.    91852.   101994.    94659.    87786.    88873.    95432.    72119.    75694.    74370.    63114.    60894.    61608.    57763.    47422.    44444.    47055.    57055.    47734.    42638.    42613.    44602.
   6.3    5.8    5.8    5.2    5.6    5.7    5.6    5.1    4.7    4.3    5.2    5.3    5.5    5.1    5.4    4.8    5.8    5.1    4.4    4.8    3.6    3.6    3.4    3.4
  410.   400.   389.   400.   401.   400.   394.   395.   390.   384.   400.   381.   387.   392.   385.   365.   375.   363.   351.   353.   341.   337.   337.   336.
   3.1    3.2    3.1    1.8    2.0    1.2    0.5    0.4    0.2   -0.1    0.5   -1.4   -0.9   -1.5   -1.5   -1.6   -1.2   -0.4    0.5    1.3    1.3   -0.1   -0.9   -0.4
   0.4   -1.0   -0.3   -0.5   -0.9   -0.8   -2.0   -2.6   -3.2   -2.6   -1.9   -1.8   -1.6   -2.1   -3.1   -1.8   -1.7   -1.7   -1.6   -1.7   -1.6   -1.9   -2.0   -2.0
 0.043  0.049  0.042  0.045  0.046  0.041  0.044  0.045  0.045  0.035  0.033  0.044  0.047  0.038  0.039  0.048  0.044  0.038  0.042  0.039  0.039  0.043  0.038  0.035
   17414.    27195.    16520.    18914.    24324.    18271.    11533.    12382.    21198.    15266.    30309.    12474.     9194.     9153.    22425.    13101.    10523.     7774.    11024.    29569.    18807.    10059.     9494.    11256.
   0.8    0.6    0.6    0.5    0.4    0.8    0.6    0.4    0.4    0.3    1.0    0.5    0.5    0.7    0.8    0.6    1.0    0.6    0.4    0.4    0.7    0.5    0.4    0.6
    4.     7.     4.     6.     3.     3.     3.     3.     6.     4.    12.    10.     9.     4.     8.     5.    12.     7.     2.     2.    10.     5.     4.     6.
   0.9    0.6    1.1    0.5    0.6    1.1    1.1    0.6    0.6    0.8    1.0    0.9    1.0    0.6    0.4    0.6    0.9    0.7    0.8    0.6    0.7    0.6    0.6    0.6
   0.9    1.4    1.2    0.9    0.8    1.1    1.4    1.4    1.4    1.3    1.2    0.8    1.2    0.8    1.1    1.2    1.0    1.1    0.9    0.8    0.9    0.7    0.7    0.7
 0.005  0.007  0.006  0.004  0.004  0.006  0.006  0.006  0.005  0.005  0.004  0.007  0.008  0.006  0.009  0.009  0.010  0.006  0.006  0.004  0.010  0.008  0.007  0.005
  2.07   1.85   1.71   1.64   1.78   1.77   1.71   1.57   1.41   1.21   1.57   1.51   1.63   1.51   1.55   1.27   1.60   1.29   1.06   1.15   0.81   0.80   0.74   0.73
   1.39   -0.56   -0.04   -0.72   -0.24    0.44   -0.32   -0.43   -0.55   -0.12   -0.08   -0.08    0.19   -0.31   -0.54    0.22   -0.23   -0.36   -0.07   -0.11   -0.14   -0.20   -0.34   -0.27
   1.87    1.51    1.70    1.24    1.65    1.88    1.66    1.70    1.82    1.43    3.06    2.94    2.26    1.67    1.78    1.61    2.40    2.41    1.91    2.43    1.73    1.68    1.67    1.89
   8.9    7.8    8.1    7.4    8.3    9.0    8.5    8.6    8.6    8.0   12.0   11.2   10.3    9.0    9.1    8.3   10.8   10.5    9.0    9.9    8.3    8.2    8.2    8.6
  5.5   5.1   5.1   5.1   5.3   5.6   5.4   5.5   5.4   5.3   6.3   6.0   6.0   5.8   5.7   5.4   6.1   6.0   5.5   5.6   5.2   5.2   5.2   5.3
 0.0151  0.0197  0.0182  0.0220  0.0172  0.0147  0.0166  0.0162  0.0160  0.0188  0.0083  0.0094  0.0112  0.0146  0.0143  0.0171  0.0103  0.0108  0.0148  0.0121  0.0173  0.0177  0.0178  0.0161
 13  13  13  10  10  10  13  13  13  10  10  10   7   7   7  13  13  13   3   3   3   0   0   0
  43   43   43   43   43   43   43   43   43   43   43   43   43   43   43   43   43   43   43   43   43   43   43   43
    -6     -4     -3     -2     -1     -2     -4     -6     -4     -2     -2     -3     -5     -5     -4     -5     -4     -7     -7     -7     -7     -7     -7     -7
   5    5    5    4    4    4    5    5    5    4    4    4    3    3    3    5    5    5    2    2    2    0    0    0
  86.0   86.0   86.0   86.0   86.0   86.0   86.0   86.0   86.0   86.0   86.0   86.0   86.0   86.0   86.0   86.0   86.0   86.0   86.0   86.0   86.0   86.0   86.0   86.0
  123    61    61    47    36    53   124   257   147    61    52    62    65   109   108    87   106    47    33    31    33    47    42    38
   -43    -20    -23    -23    -20    -23    -28   -188   -106    -30    -34    -39    -33    -59    -54    -50    -62    -16     -3     -7    -12    -27    -27    -26
    80     42     38     23     16     31     96     69     40     31     18     23     31     51     54     37     45     31     30     24     20     20     15     13
   1.0    0.4    0.7   -0.2   -0.1    0.5    1.1    1.0    0.5    0.5    1.0    1.0    0.8    0.9   -0.0   -0.7    0.1   -0.7   -0.7   -0.6   -0.6   -0.7   -0.6   -0.5
 0.006716  0.006716  0.006716  0.006716  0.006716  0.006716  0.006716  0.006716  0.006716  0.006716  0.006716  0.006716  0.006716  0.006716  0.006716  0.006716  0.006716  0.006716  0.006716  0.006716  0.006716  0.006716  0.006716  0.006716
      0.52       0.54       0.48       0.49       0.51       0.45       0.54 1000000.00 1000000.00 1000000.00 1000000.00 1000000.00 1000000.00 1000000.00 1000000.00 1000000.00 1000000.00       0.42       0.40       0.42       0.43       0.43       0.41       0.41
     0.31      0.33      0.30      0.31      0.31      0.27      0.35  99999.99  99999.99  99999.99  99999.99  99999.99  99999.99  99999.99  99999.99  99999.99  99999.99      0.29      0.27      0.29      0.30      0.28      0.28      0.27
     0.20      0.21      0.20      0.21      0.19      0.17      0.24  99999.99  99999.99  99999.99  99999.99  99999.99  99999.99  99999.99  99999.99  99999.99  99999.99      0.21      0.19      0.21      0.22      0.20      0.20      0.19
     0.14      0.14      0.15      0.16      0.14      0.13      0.18  99999.99  99999.99  99999.99  99999.99  99999.99  99999.99  99999.99  99999.99  99999.99  99999.99      0.17      0.15      0.17      0.18      0.16      0.16      0.14
     0.12      0.12      0.14      0.14      0.13      0.11      0.15  99999.99  99999.99  99999.99  99999.99  99999.99  99999.99  99999.99  99999.99  99999.99  99999.99      0.16      0.14      0.15      0.15      0.14      0.15      0.12
     0.12      0.12      0.14      0.13      0.13      0.11      0.13  99999.99  99999.99  99999.99  99999.99  99999.99  99999.99  99999.99  99999.99  99999.99  99999.99      0.16      0.13      0.14      0.13      0.13      0.15      0.12
 -1  -1  -1  -1  -1  -1  -1   0   0   0   0   0   0   0   0   0   0  -1  -1  -1  -1  -1  -1  -1
