2004 2004 2004 2004 2004 2004 2004 2004 2004 2004 2004 2004 2004 2004 2004 2004 2004 2004 2004 2004 2004 2004 2004 2004
  24  24  24  24  24  24  24  24  24  24  24  24  24  24  24  24  24  24  24  24  24  24  24  24
  0   1   2   3   4   5   6   7   8   9  10  11  12  13  14  15  16  17  18  19  20  21  22  23
 2327  2327  2327  2327  2327  2327  2327  2327  2327  2327  2327  2327  2327  2327  2327  2327  2327  2327  2327  2327  2327  2327  2327  2327
 71  71  71  71  71  71  71  71  71  71  71  71  71  71  71  71  71  71  71  71  71  71  71  71
 71  71  71  71  71  71  71  71  71  71  71  71  71  71  71  71  71  71  71  71  71  71  71  71
  15   15   14   15   15   15   16   14   16   14   15   15   15   15   15   15   14   16   15   14   15   15   15   15
  15   15   14   15   15   15   16   14   16   14   15   15   15   15   15   15   14   16   15   14   15   15   15   15
   6.7    5.2    5.7    5.7    4.2    4.9    9.4   10.6   11.0   10.8   10.0   10.4    9.4    9.5    9.0    8.4    8.1    9.3   10.0   10.0   10.3   11.0   11.5   11.4
   6.6    5.0    5.5    5.6    3.7    4.7    7.8   10.3   10.2   10.7    9.9   10.2    9.2    9.0    8.8    8.4    7.9    9.2    9.9    9.9   10.1   10.9   11.4   11.1
 -16.5   -3.1    2.7   14.4   13.1    0.2    8.5   50.0    8.6  -14.5  -23.6   -4.5   10.0   25.7   10.1   26.0   23.7  -19.0   -9.5   -8.8   -9.6  -16.1  -26.1  -37.4
 349.2  356.9  353.6  344.7  324.7  326.6  325.1  336.4  319.5  312.5  308.7  319.4  321.9  320.5  319.2  316.4  313.6  315.5  316.6  318.6  323.5  337.3  353.7   13.0
   6.2    5.0    5.5    5.3    3.0    3.9    6.3    6.0    7.7    7.0    5.7    7.7    7.1    6.2    6.6    5.5    5.0    6.2    7.1    7.3    8.0    9.7   10.2    8.6
  -1.2   -0.3   -0.6   -1.4   -2.1   -2.6   -4.4   -2.6   -6.6   -7.7   -7.1   -6.6   -5.6   -5.1   -5.7   -5.2   -5.2   -6.1   -6.7   -6.5   -5.9   -4.1   -1.1    2.0
  -1.9   -0.3    0.3    1.4    0.9    0.0    1.1    7.9    1.5   -2.7   -4.0   -0.8    1.6    3.9    1.5    3.7    3.2   -3.0   -1.6   -1.5   -1.7   -3.0   -5.0   -6.7
  -0.3   -0.2   -0.7   -1.8   -2.3   -2.5   -4.5   -3.5   -6.7   -7.5   -6.9   -6.6   -5.7   -5.4   -5.8   -5.7   -5.8   -5.1   -5.9   -5.6   -4.8   -2.6    1.1    4.6
  -2.2   -0.4    0.1    0.9    0.3   -0.5    0.4    7.6    1.0   -3.1   -4.3   -1.1    1.2    3.4    0.8    2.8    2.0   -4.5   -3.6   -3.6   -3.8   -4.4   -5.0   -5.3
   0.5    1.0    0.4    0.5    0.6    0.7    1.5    0.1    0.5    0.4    0.3    0.1    0.3    0.3    0.3    0.2    0.3    1.0    0.1    0.1    0.2    0.2    0.2    0.3
   1.3    1.6    1.2    0.8    1.8    1.4    5.2    2.3    3.9    1.1    0.9    1.8    1.9    2.9    1.7    0.8    1.2    1.7    1.1    1.4    1.5    1.2    1.4    2.4
   0.4    1.0    0.5    0.6    1.5    0.9    1.1    0.8    1.0    0.4    0.5    0.7    0.7    0.7    0.6    0.6    0.8    0.8    0.2    0.3    0.5    0.4    0.1    1.0
   0.5    1.0    0.4    0.4    1.0    0.6    1.3    1.8    1.9    0.5    0.6    0.4    0.6    1.4    0.5    0.2    0.5    0.6    0.3    0.4    0.5    0.7    1.2    1.8
   1.1    0.9    1.0    0.4    0.2    0.9    4.9    1.1    3.3    0.9    0.5    1.6    1.7    2.4    1.6    0.6    0.8    1.4    1.0    1.3    1.3    0.9    0.5    1.2
   87891.    80541.    65836.    61298.    48775.    52338.    66020.    78671.   100549.    88091.    76244.    59132.    41602.    53755.    52300.    33431.    48159.    32334.    17017.    13299.    16428.    17433.    17225.    22926.
  11.5   13.0   11.6   11.9   16.2   19.0   10.1    6.5    5.7    5.0    5.6    3.9    6.2    5.5    6.2    9.4   10.1    7.2    5.6    7.2    8.7    8.4    6.9    4.5
  542.   536.   522.   514.   513.   509.   509.   519.   526.   516.   495.   494.   491.   486.   480.   486.   484.   480.   480.   475.   470.   463.   457.   462.
  -2.2   -2.1   -2.1   -2.3   -3.1   -3.8   -4.0   -2.1   -2.8   -2.6   -4.3   -2.2   -2.0   -2.2   -3.1   -2.5   -2.3   -2.1   -1.6   -1.1   -0.7   -0.2    1.5    3.5
  -0.4   -0.2    0.4    1.0    0.9    1.1    1.8    3.2    0.9    0.1   -0.3    2.3    2.8    3.6    2.3    3.6    4.5    3.3    5.5    5.3    5.2    4.7    3.7    2.6
 9.999  9.999  9.999  9.999  9.999  9.999  9.999  9.999  9.999  9.999  9.999  9.999  9.999  9.999  9.999  9.999  9.999  9.999  9.999  9.999  9.999  9.999  9.999  9.999
    6810.    10786.    13149.     4542.     2826.     8493.    23381.     8764.    12568.    18263.     7178.    11645.     5510.     5107.    11175.     1207.     7226.    14068.     3496.     1827.     2196.     2930.     1874.     3206.
   1.1    1.8    0.5    1.7    2.8    1.7    4.4    0.6    1.6    0.9    0.6    0.4    0.5    0.4    1.1    0.4    0.7    2.2    0.8    0.6    0.5    0.4    1.4    0.3
    5.     5.     5.     2.     1.     3.     9.     5.     6.     9.     6.     4.     4.     6.     3.     2.     3.     3.     2.     5.     3.     2.     1.     3.
   0.2    0.3    0.3    0.4    0.3    0.3    1.4    1.1    0.5    0.5    0.7    0.5    0.3    1.0    0.3    0.4    0.4    0.5    0.2    0.4    0.4    0.4    1.0    0.8
   0.3    0.4    0.4    0.3    0.1    0.4    1.6    1.0    0.6    0.7    0.5    0.6    0.7    1.4    0.7    0.6    0.8    0.6    0.7    0.7    0.7    0.2    0.4    0.6
 9.999  9.999  9.999  9.999  9.999  9.999  9.999  9.999  9.999  9.999  9.999  9.999  9.999  9.999  9.999  9.999  9.999  9.999  9.999  9.999  9.999  9.999  9.999  9.999
  6.76   7.47   6.32   6.29   8.53   9.85   5.23   3.50   3.15   2.66   2.74   1.90   2.99   2.60   2.86   4.44   4.73   3.32   2.58   3.25   3.84   3.60   2.88   1.92
   1.19    0.21   -0.05   -0.46   -0.15    0.25   -0.20   -3.94   -0.53    1.60    2.13    0.54   -0.59   -1.65   -0.38   -1.36   -0.97    2.16    1.73    1.71    1.79    2.04    2.29    2.45
   2.30    4.18    2.88    2.89    6.77    5.95    0.92    0.50    0.45    0.39    0.48    0.28    0.50    0.46    0.58    0.90    1.13    0.56    0.34    0.42    0.49    0.42    0.32    0.22
  13.7   18.6   15.6   15.6   24.6   22.6    8.6    6.2    5.7    5.3    5.9    4.7    6.5    6.0    6.6    8.9    9.5    6.9    5.7    6.4    6.7    6.1    5.2    4.3
  7.9   8.7   8.3   8.3   9.4   9.1   6.4   5.2   4.8   4.6   4.9   4.2   5.4   5.1   5.4   6.7   6.8   5.7   5.0   5.5   5.6   5.2   4.6   3.9
 0.0063  0.0034  0.0049  0.0049  0.0020  0.0023  0.0161  0.0305  0.0365  0.0417  0.0347  0.0541  0.0281  0.0331  0.0270  0.0151  0.0132  0.0248  0.0369  0.0293  0.0263  0.0320  0.0437  0.0644
 50  50  50  30  30  30  23  23  23  33  33  33  23  23  23  27  27  27  30  30  30  33  33  33
  55   55   55   55   55   55   55   55   55   55   55   55   55   55   55   55   55   55   55   55   55   55   55   55
   -52    -42    -42    -31    -24    -23    -35    -38    -41    -43    -42    -48    -38    -35    -38    -33    -29    -34    -40    -38    -39    -43    -41    -43
  48   48   48   15   15   15    9    9    9   18   18   18    9    9    9   12   12   12   15   15   15   18   18   18
 104.1  104.1  104.1  104.1  104.1  104.1  104.1  104.1  104.1  104.1  104.1  104.1  104.1  104.1  104.1  104.1  104.1  104.1  104.1  104.1  104.1  104.1  104.1  104.1
  508   674   303   203   200   164   281   108   124   407   441   288   326   108    65    78    92   266   549   530   396   370   510   529
  -331   -513   -210    -47    -47    -41   -134    -41    -34   -263   -273   -106    -92     -7    -14     -6    -13   -195   -405   -348   -226   -215   -353   -388
   178    161     93    156    153    123    147     67     91    144    168    182    234    101     51     72     79     71    145    182    169    155    157    141
   2.7    3.5    1.9    0.6    0.6    0.5    0.8    0.1    0.0    2.0    3.1    0.9    0.8   -0.0    0.3   -0.1   -0.1    1.4    2.1    1.6    0.6    0.5    2.1    3.0
 0.007847  0.007847  0.007847  0.007847  0.007847  0.007847  0.007847  0.007847  0.007847  0.007847  0.007847  0.007847  0.007847  0.007847  0.007847  0.007847  0.007847  0.007847  0.007847  0.007847  0.007847  0.007847  0.007847  0.007847
     14.10      11.40      11.10       9.24       8.47       9.87       9.70       9.59      14.30      11.20      11.60      13.20      10.90       8.68       6.96 1000000.00 1000000.00 1000000.00 1000000.00 1000000.00 1000000.00 1000000.00 1000000.00       2.23
     1.77      1.44      1.41      1.28      1.19      1.29      1.23      1.10      1.47      1.22      1.18      1.18      1.02      0.90      0.81  99999.99  99999.99  99999.99  99999.99  99999.99  99999.99  99999.99  99999.99      0.38
     0.32      0.29      0.27      0.26      0.29      0.26      0.28      0.19      0.33      0.28      0.29      0.23      0.25      0.25      0.23  99999.99  99999.99  99999.99  99999.99  99999.99  99999.99  99999.99  99999.99      0.14
     0.19      0.17      0.16      0.16      0.18      0.16      0.17      0.10      0.21      0.18      0.19      0.14      0.16      0.18      0.16  99999.99  99999.99  99999.99  99999.99  99999.99  99999.99  99999.99  99999.99      0.10
     0.17      0.15      0.15      0.15      0.16      0.15      0.15      0.09      0.19      0.16      0.18      0.13      0.14      0.17      0.15  99999.99  99999.99  99999.99  99999.99  99999.99  99999.99  99999.99  99999.99      0.10
     0.16      0.15      0.15      0.15      0.16      0.15      0.14      0.09      0.18      0.16      0.18      0.13      0.13      0.17      0.15  99999.99  99999.99  99999.99  99999.99  99999.99  99999.99  99999.99  99999.99      0.10
 -1  -1  -1  -1  -1  -1  -1  -1  -1  -1  -1  -1  -1  -1  -1   0   0   0   0   0   0   0   0  -1
