2005 2005 2005 2005 2005 2005 2005 2005 2005 2005 2005 2005 2005 2005 2005 2005 2005 2005 2005 2005 2005 2005 2005 2005
 125 125 125 125 125 125 125 125 125 125 125 125 125 125 125 125 125 125 125 125 125 125 125 125
  0   1   2   3   4   5   6   7   8   9  10  11  12  13  14  15  16  17  18  19  20  21  22  23
 2344  2344  2344  2344  2344  2344  2344  2344  2344  2344  2344  2344  2344  2344  2344  2344  2344  2344  2344  2344  2344  2344  2344  2344
 51  51  51  51  51  51  51  51  51  51  51  51  51  51  51  51  51  51  51  51  51  51  51  51
 52  52  52  52  52  52  52  52  52  52  52  52  52  52  52  52  52  52  52  52  52  52  52  52
  59   60   60   64   59   59   59   59   61   60   60   63   59   59   61   58   59   60   61   63   57   61   59   59
  38   35   37   38   37   36   36   34   37   35   37   37   37   34   37   35   37   37   37   39   33   37   37   36
   3.2    3.2    3.1    3.1    3.5    4.2    5.2    5.5    5.4    5.5    5.7    5.2    5.1    5.2    5.3    5.4    4.1    3.6    3.6    3.6    3.5    3.8    3.0    2.8
   3.1    3.1    3.0    2.9    3.3    2.8    4.1    5.3    5.1    5.4    5.6    2.9    4.8    5.0    4.7    5.2    2.2    3.6    3.5    3.1    3.5    3.8    2.8    2.5
 -36.2  -36.7  -37.0  -44.8  -33.6  -35.6  -37.0  -15.6  -13.6  -25.0  -40.6  -31.7   21.0   -0.4    2.8    9.9   12.9   17.2    5.7   16.7    4.4   -3.6   -9.0  -12.7
 338.3  349.7  326.8  272.2  301.8  303.0   14.3   28.2   19.0  334.0  343.3  300.0  257.0  283.4  254.4  233.6  229.5  121.3  122.4  128.7  105.4  102.2   97.2  160.5
   2.3    2.5    2.0    0.1    1.5    1.2    3.1    4.5    4.7    4.4    4.1    1.2   -1.0    1.2   -1.3   -3.1   -1.4   -1.8   -1.9   -1.8   -0.9   -0.8   -0.3   -2.3
  -0.9   -0.5   -1.3   -2.1   -2.4   -1.9    0.8    2.4    1.6   -2.1   -1.2   -2.1   -4.4   -4.9   -4.5   -4.2   -1.6    2.9    2.9    2.3    3.3    3.7    2.7    0.8
  -1.8   -1.9   -1.8   -2.0   -1.9   -1.6   -2.4   -1.4   -1.2   -2.3   -3.7   -1.5    1.7    0.0    0.2    0.9    0.5    1.1    0.4    0.9    0.3   -0.2   -0.4   -0.6
   0.0    0.3   -0.5   -1.3   -1.7   -1.4    1.3    2.6    1.8   -1.8   -0.8   -1.9   -4.6   -4.8   -4.5   -4.3   -1.7    2.4    2.5    1.7    2.8    3.4    2.6    1.0
  -2.0   -1.9   -2.2   -2.6   -2.5   -2.0   -2.2   -1.0   -1.0   -2.5   -3.8   -1.7    1.1   -0.7   -0.6   -0.1    0.0    2.0    1.5    1.8    1.7    1.5    0.9   -0.2
   0.1    0.1    0.1    0.1    0.2    0.5    0.4    0.1    0.2    0.1    0.2    0.4    0.1    0.1    0.1    0.1    1.3    0.1    0.3    0.7    0.2    0.5    0.5    0.2
   0.5    0.7    0.6    1.1    1.1    3.0    3.2    1.4    1.9    1.1    1.1    4.2    1.4    1.1    2.5    1.1    3.7    0.5    0.7    1.9    0.4    0.7    1.1    1.1
   0.3    0.4    0.4    0.9    0.6    2.0    1.9    0.4    0.6    0.6    0.2    2.6    1.0    0.8    2.0    0.7    1.4    0.3    0.5    0.8    0.3    0.3    0.3    0.7
   0.4    0.5    0.5    0.5    0.8    1.4    2.5    0.9    1.0    0.6    0.7    2.3    0.5    0.2    0.7    0.3    3.3    0.2    0.3    1.7    0.2    0.6    0.8    0.7
   0.1    0.3    0.1    0.5    0.5    1.8    0.7    1.0    1.5    0.7    0.8    2.4    0.9    0.8    1.3    0.8    0.8    0.3    0.3    0.5    0.1    0.4    0.7    0.5
   34241.    32858.    26111.    25411.    28984.    36721.    42600.    44105.    32661.    27154.    26685.    41931.    47713.    49361.    41598.    33426.    26709.    15751.    20663.    26684.    28717.    28287.    26052.    22865.
   2.8    3.1    4.6    6.1    6.4    7.4    6.4    5.1    3.8    3.0    3.4    5.0    6.4    7.2    7.2    7.4    8.6    8.8    8.1    8.1    7.4    6.9    9.1   10.4
  343.   344.   343.   357.   352.   357.   351.   342.   343.   352.   350.   361.   368.   352.   360.   355.   347.   345.   350.   355.   351.   356.   354.   348.
  -3.8   -3.0   -3.6   -3.9   -4.2   -2.6   -0.1    1.7    0.8   -4.3   -3.8   -4.3   -6.7   -7.1   -5.7   -4.9   -2.9   -0.8   -1.5   -1.2    1.1    1.0    0.1   -0.5
  -2.7   -2.7   -3.4   -3.4   -3.9   -4.2   -4.6   -3.7   -2.0   -3.0   -5.0   -3.3   -1.4   -2.9   -2.8   -2.6   -2.9   -2.2   -2.2   -1.2   -0.6   -0.8   -0.4   -0.4
 0.015  0.015  0.011  0.010  0.009  0.016  0.023  0.029  0.031  0.033  0.025  0.025  0.022  0.023  0.023  0.021  0.030  0.038  0.034  0.021  0.013  0.017  0.026  0.023
    4649.     7052.     4868.     3247.     5582.     7313.     3675.     6348.    10664.    11294.     4164.     9021.     5150.     4345.     7422.     4376.     6582.     2412.     3303.     3297.     1533.     2094.     1422.     1980.
   0.5    0.7    0.5    0.6    0.7    0.6    1.0    0.6    0.8    0.5    0.3    1.1    0.6    0.3    0.5    0.4    2.4    0.7    1.0    1.2    0.3    0.6    1.0    0.4
    2.     2.     2.     6.     4.     7.     8.     5.     6.     8.     3.    11.     4.     5.     6.     5.     3.     1.     2.     6.     5.     3.     2.     2.
   0.5    0.4    0.3    0.5    0.6    0.9    2.2    0.8    1.3    0.9    0.9    1.7    0.6    0.3    0.6    0.5    1.9    0.2    0.4    1.3    0.8    0.4    0.6    0.6
   0.5    0.4    0.3    0.4    0.3    1.3    1.0    1.1    1.1    0.9    1.0    2.0    0.8    0.8    1.1    0.8    0.6    0.2    0.2    0.8    0.2    0.3    0.4    0.2
 0.002  0.003  0.002  0.001  0.002  0.002  0.003  0.002  0.004  0.003  0.005  0.003  0.002  0.001  0.003  0.002  0.010  0.003  0.007  0.006  0.001  0.002  0.003  0.002
  0.58   0.65   0.94   1.35   1.37   1.68   1.44   1.11   0.84   0.70   0.77   1.20   1.57   1.63   1.70   1.69   1.94   2.02   1.88   1.85   1.60   1.56   2.10   2.30
   0.69    0.65    0.75    0.93    0.88    0.71    0.77    0.34    0.34    0.88    1.33    0.61   -0.40    0.25    0.22    0.04   -0.00   -0.69   -0.53   -0.64   -0.60   -0.53   -0.32    0.07
   1.85    2.03    3.08    4.06    3.42    2.88    1.68    1.21    0.87    0.64    0.67    1.31    1.80    1.97    1.81    1.71    3.30    4.07    3.87    4.03    3.95    3.11    6.50    8.35
   9.0    9.5   11.9   14.2   12.7   11.6    8.5    7.0    6.2    5.5    5.7    7.8    9.1    9.1    9.1    8.9   12.4   14.2   13.8   14.0   13.6   12.3   17.8   20.0
  5.6   5.7   6.2   6.7   6.4   6.2   5.5   4.9   4.7   4.4   4.5   5.3   5.7   5.5   5.7   5.7   6.3   6.7   6.6   6.6   6.5   6.4   6.9   7.0
 0.0148  0.0133  0.0084  0.0059  0.0073  0.0089  0.0163  0.0241  0.0310  0.0387  0.0371  0.0197  0.0143  0.0144  0.0143  0.0149  0.0077  0.0059  0.0062  0.0060  0.0064  0.0079  0.0038  0.0030
 10  10  10  13  13  13  10  10  10  13  13  13  10  10  10  17  17  17   7   7   7   3   3   3
  58   58   58   58   58   58   58   58   58   58   58   58   58   58   58   58   58   58   58   58   58   58   58   58
    -8    -10     -8     -8    -10     -8     -8     -8     -8     -7     -2      0      0      1      1     -1      4      3      5      8     10      7     10     13
   4    4    4    5    5    5    4    4    4    5    5    5    4    4    4    6    6    6    3    3    3    2    2    2
 111.0  111.0  111.0  111.0  111.0  111.0  111.0  111.0  111.0  111.0  111.0  111.0  111.0  111.0  111.0  111.0  111.0  111.0  111.0  111.0  111.0  111.0  111.0  111.0
   94    83   100   125   162   151   177   135   129   273   210   178   121   100   127   203   110   164   145    46    57    56    53    56
   -53    -46    -50    -59    -86    -44    -42    -64    -48   -169    -89    -50    -68    -55    -68   -154    -65   -122    -99    -16    -16    -21    -19    -23
    41     37     50     66     76    107    135     71     80    104    121    127     53     44     59     49     45     42     45     30     41     35     34     33
   0.9    1.1    1.1    1.0    1.2    1.2    1.5    1.5    1.5    0.8    1.0    0.7    0.0    1.7    2.0    2.0    1.5    1.2    0.6   -0.3   -0.4   -0.2    0.1    0.4
 0.007204  0.007204  0.007204  0.007204  0.007204  0.007204  0.007204  0.007204  0.007204  0.007204  0.007204  0.007204  0.007204  0.007204  0.007204  0.007204  0.007204  0.007204  0.007204  0.007204  0.007204  0.007204  0.007204  0.007204
1000000.00 1000000.00 1000000.00 1000000.00 1000000.00 1000000.00 1000000.00 1000000.00 1000000.00 1000000.00 1000000.00 1000000.00 1000000.00 1000000.00 1000000.00 1000000.00 1000000.00 1000000.00 1000000.00 1000000.00 1000000.00 1000000.00 1000000.00 1000000.00
 99999.99  99999.99  99999.99  99999.99  99999.99  99999.99  99999.99  99999.99  99999.99  99999.99  99999.99  99999.99  99999.99  99999.99  99999.99  99999.99  99999.99  99999.99  99999.99  99999.99  99999.99  99999.99  99999.99  99999.99
 99999.99  99999.99  99999.99  99999.99  99999.99  99999.99  99999.99  99999.99  99999.99  99999.99  99999.99  99999.99  99999.99  99999.99  99999.99  99999.99  99999.99  99999.99  99999.99  99999.99  99999.99  99999.99  99999.99  99999.99
 99999.99  99999.99  99999.99  99999.99  99999.99  99999.99  99999.99  99999.99  99999.99  99999.99  99999.99  99999.99  99999.99  99999.99  99999.99  99999.99  99999.99  99999.99  99999.99  99999.99  99999.99  99999.99  99999.99  99999.99
 99999.99  99999.99  99999.99  99999.99  99999.99  99999.99  99999.99  99999.99  99999.99  99999.99  99999.99  99999.99  99999.99  99999.99  99999.99  99999.99  99999.99  99999.99  99999.99  99999.99  99999.99  99999.99  99999.99  99999.99
 99999.99  99999.99  99999.99  99999.99  99999.99  99999.99  99999.99  99999.99  99999.99  99999.99  99999.99  99999.99  99999.99  99999.99  99999.99  99999.99  99999.99  99999.99  99999.99  99999.99  99999.99  99999.99  99999.99  99999.99
  0   0   0   0   0   0   0   0   0   0   0   0   0   0   0   0   0   0   0   0   0   0   0   0
