2002 2002 2002 2002 2002 2002 2002 2002 2002 2002 2002 2002 2002 2002 2002 2002 2002 2002 2002 2002 2002 2002 2002 2002
 112 112 112 112 112 112 112 112 112 112 112 112 112 112 112 112 112 112 112 112 112 112 112 112
  0   1   2   3   4   5   6   7   8   9  10  11  12  13  14  15  16  17  18  19  20  21  22  23
 2303  2303  2303  2303  2303  2303  2303  2303  2303  2303  2303  2303  2303  2303  2303  2303  2303  2303  2303  2303  2303  2303  2303  2303
 71  71  71  71  71  71  71  71  71  71  71  71  71  71  71  71  71  71  71  71  71  71  71  71
 71  71  71  71  71  71  71  71  71  71  71  71  71  71  71  71  71  71  71  71  71  71  71  71
  15   15   15   14   16   14   16   14   15   15   15   15   15   15   15   16   15   14   15   15   14   15   16   15
  15   15   15   14   16   14   16   14   15   15   15   15   15   15   15   16   15   14   15   15   14   15   16   15
   5.2    5.7    5.4    5.8    5.3    5.3    5.1    5.3    5.4    5.2    5.4    5.5    5.7    5.5    5.7    6.0    5.7    6.1    6.0    5.7    5.9    5.9    6.1    6.3
   4.7    5.4    5.1    5.6    4.2    4.3    3.6    5.0    4.9    4.6    4.3    4.8    5.0    5.1    3.1    5.2    4.0    5.5    5.1    4.9    4.6    5.6    5.2    5.5
 -35.3  -48.1  -49.5  -45.8  -41.0  -44.1  -26.9   28.2   17.2  -35.4  -28.8    6.5   12.9   18.0   -1.6  -45.2  -44.1   -9.8   12.4    2.1   12.1  -14.0    6.0   27.0
 136.3  197.1  199.0  223.6  164.6  156.4  152.2  144.0  140.5  151.1  166.9  128.6  100.7  118.5  150.2  174.9  169.3  107.4  106.3  109.9  107.4  138.6  112.2  113.7
  -2.8   -3.5   -3.2   -2.8   -3.1   -2.8   -2.8   -3.6   -3.6   -3.2   -3.7   -3.0   -0.9   -2.3   -2.7   -3.6   -2.8   -1.6   -1.4   -1.7   -1.4   -4.1   -2.0   -2.0
   2.7   -1.1   -1.1   -2.7    0.8    1.2    1.5    2.6    3.0    1.8    0.9    3.7    4.8    4.2    1.6    0.3    0.5    5.2    4.8    4.6    4.3    3.6    4.8    4.5
  -2.7   -4.0   -3.9   -4.0   -2.8   -3.0   -1.6    2.4    1.4   -2.6   -2.1    0.5    1.1    1.6   -0.1   -3.7   -2.8   -0.9    1.1    0.2    1.0   -1.4    0.5    2.5
   3.7    0.9    0.7   -0.9    1.7    2.1    1.9    2.0    2.7    2.2    1.2    3.6    4.5    3.8    1.6    1.3    1.4    5.2    3.9    4.0    3.3    3.8    3.9    2.6
  -1.0   -4.0   -4.0   -4.7   -2.3   -2.5   -1.1    2.9    2.0   -2.2   -1.9    1.1    2.0    2.4    0.3   -3.5   -2.5    1.1    3.0    2.3    3.0    0.6    2.9    4.4
   0.3    0.1    0.3    0.1    0.2    0.3    0.1    0.1    0.1    0.2    0.2    0.1    0.2    0.1    0.4    0.2    0.2    0.1    0.2    0.1    0.1    0.1    0.2    0.1
   1.9    1.3    1.3    1.0    2.4    2.4    2.8    1.6    2.0    2.0    3.1    1.9    2.1    1.5    4.5    2.8    3.7    2.1    2.3    1.8    2.8    1.2    2.7    2.1
   0.5    0.7    0.7    0.8    1.3    0.8    1.4    1.2    1.2    0.4    0.5    1.0    1.6    0.8    0.7    1.1    1.0    1.3    1.3    1.1    2.2    0.3    1.7    1.0
   1.6    0.9    0.9    0.3    1.7    1.6    1.4    0.9    1.2    1.6    2.2    0.9    0.7    0.6    2.3    2.3    2.8    0.7    1.1    0.5    0.9    0.8    0.6    1.0
   1.0    0.5    0.4    0.5    1.1    1.5    2.0    0.6    1.1    1.3    2.1    1.4    1.2    1.1    3.8    1.1    2.2    1.5    1.6    1.4    1.5    0.9    2.0    1.6
  133049.   123158.   126612.   122804.   146687.   146873.   151637.   117865.   126381.   145985.   141465.   129887.   122585.   118450.   115948.   111015.   127886.   128613.   119379.   111466.    99478.    99045.    94365.   101663.
   2.5    2.3    2.2    2.2    2.6    3.0    2.7    2.6    2.9    3.1    3.1    3.1    3.2    3.1    3.2    3.4    3.5    3.6    3.5    3.6    3.4    3.4    3.4    3.5
  451.   448.   445.   450.   438.   432.   430.   413.   408.   418.   415.   418.   433.   417.   424.   416.   420.   426.   429.   423.   422.   397.   414.   411.
  -1.7    3.3    3.7    4.5    1.0    0.7    0.0   -3.7   -3.6   -0.5    0.4   -4.6   -5.4   -4.7   -1.4    1.7    1.2   -4.3   -4.8   -4.6   -4.3   -2.7   -4.5   -4.5
   0.5    0.1    0.3   -0.7   -0.2    0.3   -0.4   -5.9   -3.9    0.4   -0.9   -3.1   -2.9   -3.6   -3.3    0.4    0.0   -1.0   -2.4   -1.1   -1.9    0.7   -1.1   -3.0
 0.031  0.033  0.037  0.045  0.034  0.039  0.038  0.046  0.044  0.049  0.036  0.033  0.032  0.035  0.040  0.040  0.038  0.033  0.035  0.037  0.031  0.035  0.040  0.038
    8540.     6003.     7479.     8139.    13232.     6525.    10608.     8960.    12210.     9300.     8327.    11254.     9635.     5724.    12499.    12865.    12279.     4260.    11377.     6638.     6568.     3522.     7384.     9040.
   0.2    0.1    0.2    0.1    0.2    0.2    0.2    0.2    0.2    0.2    0.2    0.2    0.3    0.2    0.2    0.2    0.3    0.2    0.3    0.3    0.3    0.2    0.4    0.3
    4.     5.     6.     9.    11.    10.    16.    14.    14.     4.     6.     7.    13.     8.     5.    10.     9.    11.    11.     8.    18.     3.    13.     8.
   2.2    1.0    1.3    0.7    2.7    2.9    3.1    1.7    1.6    2.9    3.3    1.4    1.0    1.0    3.7    3.1    4.2    1.3    1.6    0.9    1.4    1.3    1.3    1.1
   0.9    0.8    0.9    0.6    0.9    1.3    2.7    0.8    1.8    1.0    1.8    1.6    1.8    1.6    3.2    1.1    1.3    1.5    2.4    1.8    1.7    1.0    2.2    2.1
 0.003  0.005  0.005  0.004  0.002  0.005  0.005  0.011  0.005  0.010  0.006  0.004  0.004  0.008  0.004  0.008  0.007  0.003  0.005  0.005  0.003  0.005  0.010  0.006
  0.95   0.87   0.84   0.88   0.95   1.08   0.96   0.88   0.95   1.08   1.02   1.02   1.13   1.03   1.11   1.14   1.19   1.24   1.23   1.23   1.14   1.02   1.13   1.14
   0.45    1.79    1.78    2.12    1.01    1.08    0.47   -1.20   -0.82    0.92    0.79   -0.46   -0.87   -1.00   -0.13    1.46    1.05   -0.47   -1.29   -0.97   -1.27   -0.24   -1.20   -1.81
   1.01    0.74    0.80    0.68    1.06    1.22    1.21    0.95    1.05    1.31    1.19    1.10    1.03    1.05    1.00    0.94    1.15    1.03    1.00    1.11    0.93    0.92    0.85    0.84
   6.9    6.0    6.1    5.8    6.7    7.1    6.9    6.3    6.4    7.1    6.8    6.7    6.8    6.7    6.7    6.4    6.9    6.6    6.7    7.0    6.6    6.2    6.3    6.1
  5.0   4.7   4.7   4.6   4.8   4.9   4.8   4.7   4.7   4.8   4.7   4.8   4.9   4.8   4.9   4.7   4.9   4.8   4.9   5.0   4.9   4.6   4.8   4.6
 0.0253  0.0335  0.0318  0.0359  0.0268  0.0239  0.0248  0.0301  0.0287  0.0238  0.0260  0.0266  0.0258  0.0267  0.0269  0.0291  0.0250  0.0271  0.0266  0.0240  0.0274  0.0309  0.0304  0.0319
 27  27  27  40  40  40  17  17  17  17  17  17  23  23  23  30  30  30  20  20  20  10  10  10
 144  144  144  144  144  144  144  144  144  144  144  144  144  144  144  144  144  144  144  144  144  144  144  144
   -47    -45    -51    -55    -48    -53    -45    -38    -35    -37    -37    -39    -36    -32    -31    -32    -35    -40    -38    -38    -38    -41    -41    -36
  12   12   12   27   27   27    6    6    6    6    6    6    9    9    9   15   15   15    7    7    7    4    4    4
 171.7  171.7  171.7  171.7  171.7  171.7  171.7  171.7  171.7  171.7  171.7  171.7  171.7  171.7  171.7  171.7  171.7  171.7  171.7  171.7  171.7  171.7  171.7  171.7
  529   421   644   697   651   334   114    69    49    67   228   248   264    92   113   121   380   464   185    48    53    54    52    54
  -304   -208   -393   -462   -299   -138    -38    -33    -38    -40   -103   -110   -168    -68    -75    -85   -217   -281   -106    -18    -21    -33    -31    -36
   226    214    251    235    352    196     76     36     11     27    124    139     95     24     38     36    164    184     79     29     31     22     22     18
   4.9    4.4    5.1    4.7    6.3    3.0    0.1    0.1    0.7    1.7    1.9    1.5    1.7    0.0    0.9   -0.3    3.1    2.9    0.3    0.2    0.2    0.4    0.4   -0.3
 0.008650  0.008650  0.008650  0.008650  0.008650  0.008650  0.008650  0.008650  0.008650  0.008650  0.008650  0.008650  0.008650  0.008650  0.008650  0.008650  0.008650  0.008650  0.008650  0.008650  0.008650  0.008650  0.008650  0.008650
   5580.00    5580.00    5500.00    5650.00    5660.00    5810.00    5950.00 1000000.00 1000000.00 1000000.00 1000000.00 1000000.00 1000000.00 1000000.00 1000000.00 1000000.00 1000000.00 1000000.00    3720.00    3830.00    3410.00    2950.00    2600.00    2390.00
  4780.00   4660.00   4500.00   4490.00   4460.00   4630.00   4660.00  99999.99  99999.99  99999.99  99999.99  99999.99  99999.99  99999.99  99999.99  99999.99  99999.99  99999.99   1880.00   1920.00   1690.00   1380.00   1180.00   1130.00
  3120.00   2880.00   2580.00   2540.00   2530.00   2620.00   2570.00  99999.99  99999.99  99999.99  99999.99  99999.99  99999.99  99999.99  99999.99  99999.99  99999.99  99999.99    779.00    794.00    684.00    565.00    508.00    481.00
  1310.00   1150.00    997.00    956.00    914.00    911.00    874.00  99999.99  99999.99  99999.99  99999.99  99999.99  99999.99  99999.99  99999.99  99999.99  99999.99  99999.99    305.00    311.00    278.00    238.00    224.00    212.00
   203.00    185.00    177.00    165.00    157.00    153.00    147.00  99999.99  99999.99  99999.99  99999.99  99999.99  99999.99  99999.99  99999.99  99999.99  99999.99  99999.99     65.10     65.60     60.60     53.70     51.00     47.80
    70.60     62.10     63.60     53.50     50.80     48.50     45.70  99999.99  99999.99  99999.99  99999.99  99999.99  99999.99  99999.99  99999.99  99999.99  99999.99  99999.99     17.50     17.20     16.20     14.60     13.90     12.90
 -1  -1  -1  -1  -1  -1  -1   0   0   0   0   0   0   0   0   0   0   0  -1  -1  -1  -1  -1  -1
