2011 2011 2011 2011 2011 2011 2011 2011 2011 2011 2011 2011 2011 2011 2011 2011 2011 2011 2011 2011 2011 2011 2011 2011
 218 218 218 218 218 218 218 218 218 218 218 218 218 218 218 218 218 218 218 218 218 218 218 218
  0   1   2   3   4   5   6   7   8   9  10  11  12  13  14  15  16  17  18  19  20  21  22  23
 2429  2429  2429  2429  2429  2429  2429  2429  2429  2429  2429  2429  2429  2429  2429  2429  2429  2429  2429  2429  2429  2429  2429  2429
 51  51  51  51  51  51  51  51  51  51  51  51  51  51  51  51  51  51  51  51  51  51  51  51
 52  52  52  52  52  52  52  52  52  52  52  52  52  52  52  52  52  52  52  52  52  51  52  52
  63   60   59   58   59   64   55   59   61   61   59   58   61   56   63   63   59   45   57   60   65   68   58   60
  35   37   36   34   33   38   28   33   37   32   33   36   36   23   11    5   10   10    3    2   23   19   11   36
  22.5   14.8   12.3   12.1   11.9   13.5   13.3   13.9   10.1   14.9   17.2   11.8    7.7    7.2    7.7    7.7    4.9    6.1    7.0    5.8    7.3    5.1    5.8    6.9
   6.6   13.1   11.9   10.9   11.7   10.9   10.2   10.8    6.0    6.0   16.4   10.9    6.3    6.0    3.0    6.6    3.9    2.7    4.7    5.2    7.0    4.7    3.3    6.7
 -26.3  -29.2  -35.3   -8.3  -21.3  -18.5  -21.9  -23.7   16.9   34.7  -17.1  -29.7   -5.1   23.3  -35.7  -29.1   84.4   73.0   57.0   71.4   78.0   83.4   64.2  -28.5
  95.4  341.3  281.2  332.9  339.1  293.3  295.2  301.9  285.9   47.2  296.8  286.0  260.3  225.7  283.3  312.0  304.2  250.7  154.3  152.4  281.4  189.3  138.0  136.9
  -0.6   10.8    1.9    9.6   10.2    4.1    4.0    5.2    1.6    3.3    7.1    2.6   -1.1   -3.8    0.6    3.9    0.2   -0.3   -2.3   -1.5    0.3   -0.5   -1.1   -4.3
   5.9   -3.7   -9.5   -4.9   -3.9   -9.5   -8.6   -8.4   -5.6    3.6  -14.0   -9.1   -6.2   -3.9   -2.4   -4.3   -0.3   -0.7    1.1    0.8   -1.4   -0.1    1.0    4.0
  -2.9   -6.4   -6.9   -1.6   -4.2   -3.5   -3.8   -4.3    1.8    3.4   -4.8   -5.4   -0.6    2.4   -1.8   -3.2    3.9    2.6    3.9    4.9    6.8    4.6    3.0   -3.2
   5.5   -4.6  -10.6   -5.1   -4.9  -10.1   -9.4   -9.4   -4.3    4.7  -14.7  -10.6   -5.8   -2.5   -2.9   -5.2    0.9    0.0    1.9    1.6   -0.4    0.5    1.3    3.6
  -3.6   -5.8   -5.0   -0.5   -3.0   -0.4   -0.5   -0.7    4.0    1.5    2.0   -0.7    2.2    3.8   -0.7   -1.5    3.8    2.7    3.6    4.7    6.9    4.6    2.9   -3.6
   3.1    1.7    0.4    0.4    0.3    1.3    3.5    2.8    2.2    3.3    1.1    2.5    1.6    0.5    1.1    1.1    0.6    0.8    0.4    0.4    0.7    0.4    0.8    0.2
  21.6    6.9    3.2    5.1    2.2    7.8    8.9    8.8    8.1   13.4    4.9    4.9    4.5    3.9    7.0    4.0    2.7    5.4    5.1    2.6    2.1    2.1    4.7    1.6
  13.1    5.3    2.7    3.3    1.0    2.5    4.8    4.7    3.6    5.0    3.3    2.1    2.3    2.2    3.8    0.8    1.6    1.3    2.2    1.4    1.3    1.5    2.6    0.5
  13.3    4.3    1.1    2.3    1.5    4.6    4.9    5.9    5.5    9.9    2.2    3.3    2.6    2.5    2.6    1.0    2.0    5.0    3.9    2.1    1.3    1.3    3.4    0.7
  10.9    1.4    1.2    3.0    1.4    5.8    5.6    4.5    4.7    7.4    3.0    2.9    2.9    2.1    5.2    3.8    0.9    1.5    2.4    0.7    1.0    0.6    1.9    1.4
  426778.   482676.   496265.   489175.   457868.   490865.   436516.   203502.   405703.  1079052.   265821.   108175.    99457.   166785.   215212.   305635.  1901074.  1179483.   455822.  1399632.   384429.   687868.    78073.    21237.
   8.4    8.0    8.1    8.5    8.8    8.9    8.1    8.4   10.9    7.3    4.8    6.8    5.3    2.2    1.1    0.4    0.5    0.4    0.4    0.4    0.8    0.3    0.6    1.6
  579.   597.   600.   566.   548.   570.   573.   519.   520.   518.   553.   543.   525.   536.   480.   583.   521.   489.   419.   453.   451.   547.   565.   585.
   1.2    7.8    6.6    5.3    5.8    4.7    3.8    0.2    0.7   -7.0    0.6    3.3    4.3    0.9    1.9   -1.8  -12.0  -10.5    5.8  -26.9  -17.2  -20.6    2.2    6.5
  -1.4    1.9    4.0    6.4    8.4   10.1   10.2    9.5    6.0    3.6   -0.6    1.2    2.4    7.1    8.8    8.1   -1.3    0.2   -3.7    3.9    4.1    8.7    3.1   -1.6
 0.131  0.037  0.046  0.040  0.027  0.053  0.078  0.101  0.140  0.150  0.146  0.155  0.122  0.129  0.163  9.999  9.999  9.999  9.999  9.999  0.151  9.999  0.042  0.022
  134483.   114691.    39330.    75153.    51982.    59578.   221015.    73127.    90635.  1160040.   230318.    34654.    32765.    72085.   165737.   200322.  1278589.   736689.        0.        0.   102418.   152684.    79279.     5614.
   2.3    1.4    0.5    1.1    0.6    1.5    1.5    1.5    2.1    1.8    1.2    1.5    3.0    0.9    0.3    0.1    0.2    0.1    0.1    0.1    0.1    0.1    0.2    0.5
   18.    16.     7.    10.     7.    23.    19.    21.    11.    28.    21.     8.     8.    23.    25.    25.    46.    75.    19.     5.    10.   162.    47.     8.
   2.5    1.1    0.7    0.5    0.7    1.8    3.0    2.5    1.8    5.1    3.2    1.5    0.9    3.4    3.2    2.3    6.3   16.7    1.6    2.7    1.0   29.2   11.3    0.5
   2.4    1.1    1.2    0.7    1.5    1.3    2.3    1.5    1.7    4.0    1.7    1.5    1.5    2.2    1.9    4.2    4.3    6.3    2.1    4.8    1.1    8.0    1.8    1.0
 0.050  0.002  0.005  0.015  0.010  0.013  0.017  0.031  0.020  0.042  0.034  0.033  0.023  0.054  0.112  9.999  9.999  9.999  9.999  9.999  0.024  9.999  0.011  0.008
  7.17   5.47   5.77   5.28   4.89   5.85   5.83   5.31   7.68   5.23   3.88   5.42   3.63   1.60   0.70   0.27   0.27   0.19   0.14   0.16   0.44   0.18   0.37   0.99
   2.08    3.46    3.00    0.28    1.64    0.23    0.29    0.36   -2.08   -0.78   -1.11    0.38   -1.16   -2.04    0.34    0.87   -1.98   -1.32   -1.51   -2.13   -3.11   -2.52   -1.64    2.11
   0.38    0.93    1.39    1.49    1.52    1.26    1.08    0.60    2.37    1.65    0.27    0.48    0.85    0.52    0.27    0.12    1.76    0.58    0.20    0.76    0.32    0.39    0.15    0.21
   3.7    5.7    6.9    6.8    6.8    6.3    6.1    5.4    8.5    4.7    3.5    6.0    7.8    5.5    3.3    2.4    3.8    2.5    1.9    2.5    2.8    2.9    3.8    5.4
  3.2   4.2   4.7   4.5   4.5   4.4   4.4   4.4   4.9   3.0   3.2   5.0   6.0   4.6   2.9   2.3   2.4   2.1   1.7   1.9   2.4   2.5   3.5   4.9
 0.0855  0.0365  0.0247  0.0256  0.0255  0.0300  0.0316  0.0406  0.0165  0.0539  0.0959  0.0330  0.0193  0.0390  0.1113  0.2075  0.0842  0.1851  0.3320  0.1950  0.1558  0.1379  0.0836  0.0414
 63  63  63  50  50  50  37  37  37  40  40  40  37  37  37  33  33  33  13  13  13  30  30  30
  79   79   79   79   79   79   79   79   79   79   79   79   79   79   79   79   79   79   79   79   79   79   79   79
   -78    -90   -104   -115    -99    -84    -77    -75    -65    -60    -60    -66    -74    -71    -70    -71    -70    -65    -64    -60    -54    -56    -53    -47
  94   94   94   48   48   48   22   22   22   27   27   27   22   22   22   18   18   18    5    5    5   15   15   15
 113.2  113.2  113.2  113.2  113.2  113.2  113.2  113.2  113.2  113.2  113.2  113.2  113.2  113.2  113.2  113.2  113.2  113.2  113.2  113.2  113.2  113.2  113.2  113.2
  399   876  1108   740   230   675   594   658   278   167   278   393   356   127    87   323   313    70    59    60    67    37    45   235
  -156   -500   -716   -458    -98   -309   -311   -305   -103    -67   -135   -313   -312    -87    -48   -216   -212    -31    -36    -43    -28    -25    -31   -100
   243    376    393    282    133    366    284    353    175    100    143     79     44     39     39    107    100     39     23     17     39     12     14    136
   1.7    5.7    7.4    4.9    2.0    3.0    1.9    2.8    0.8    1.7    0.8    2.5    1.2   -0.0   -0.3    3.0    0.3   -1.0    0.5   -1.0    0.1   -0.5   -0.4    1.3
 0.006978  0.006978  0.006978  0.006978  0.006978  0.006978  0.006978  0.006978  0.006978  0.006978  0.006978  0.006978  0.006978  0.006978  0.006978  0.006978  0.006978  0.006978  0.006978  0.006978  0.006978  0.006978  0.006978  0.006978
1000000.00 1000000.00 1000000.00 1000000.00 1000000.00 1000000.00 1000000.00 1000000.00 1000000.00 1000000.00 1000000.00 1000000.00 1000000.00 1000000.00 1000000.00 1000000.00 1000000.00 1000000.00 1000000.00 1000000.00 1000000.00 1000000.00 1000000.00 1000000.00
 99999.99  99999.99  99999.99  99999.99  99999.99  99999.99  99999.99  99999.99  99999.99  99999.99  99999.99  99999.99  99999.99  99999.99  99999.99  99999.99  99999.99  99999.99  99999.99  99999.99  99999.99  99999.99  99999.99  99999.99
 99999.99  99999.99  99999.99  99999.99  99999.99  99999.99  99999.99  99999.99  99999.99  99999.99  99999.99  99999.99  99999.99  99999.99  99999.99  99999.99  99999.99  99999.99  99999.99  99999.99  99999.99  99999.99  99999.99  99999.99
    25.52     14.97     13.09     11.70     10.38      8.99      6.79      5.31      4.83      4.21      3.70      3.19      2.61      1.92      1.41      1.37      0.97      0.80      0.82      0.82      0.66      0.55      0.51      0.54
     0.57      0.35      0.34      0.28      0.24      0.25      0.20      0.20      0.18      0.19      0.18      0.17      0.16      0.15      0.13      0.13      0.12      0.11      0.10      0.11      0.11      0.10      0.10      0.10
     0.08      0.07      0.08      0.06      0.05      0.06      0.05      0.05      0.05      0.05      0.05      0.05      0.05      0.05      0.05      0.05      0.05      0.05      0.05      0.05      0.05      0.05      0.05      0.05
 -1  -1  -1  -1  -1  -1  -1  -1  -1  -1  -1  -1  -1  -1  -1  -1  -1  -1  -1  -1  -1  -1  -1  -1
