2015 2015 2015 2015 2015 2015 2015 2015 2015 2015 2015 2015 2015 2015 2015 2015 2015 2015 2015 2015 2015 2015 2015 2015
 170 170 170 170 170 170 170 170 170 170 170 170 170 170 170 170 170 170 170 170 170 170 170 170
  0   1   2   3   4   5   6   7   8   9  10  11  12  13  14  15  16  17  18  19  20  21  22  23
 2481  2481  2481  2481  2481  2481  2481  2481  2481  2481  2481  2481  2481  2481  2481  2481  2481  2481  2481  2481  2481  2481  2481  2481
 51  51  51  51  51  51  51  51  51  51  51  51  51  51  51  51  51  51  51  51  51  51  51  51
 52  52  52  52  52  52  52  52  52  52  52  52  52  52  52  52  52  52  52  52  52  52  52  52
  57   59   61   60   50   57   58   58   58   58   57   63   58   59   60   60   60   58   58   60   62   57   58   56
  34   34   38   36   27   33   26   28   28   34   35   38   33   36   37   36   35   34   35   37   36   35   34   35
   3.9    3.6    3.6    4.0    3.8    3.8    3.8    3.9    3.4    4.1    4.7    5.0    5.0    5.3    4.8    4.5    4.4    4.3    4.3    4.3    4.4    4.3    4.3    4.6
   3.7    3.0    3.4    3.7    3.7    3.5    3.8    3.9    3.1    4.0    4.6    4.5    5.0    5.2    4.6    4.4    4.3    4.2    4.1    4.3    4.3    4.2    4.2    4.5
 -64.3  -50.8  -25.0  -29.8  -18.9  -19.7   -3.4   -5.3  -20.6  -11.0   -3.9  -10.0    4.9   20.3   36.3   18.9   12.7   -0.2    5.0   10.0    8.3    3.6    7.5   -4.7
 144.9  169.6  167.5  184.1  212.1  191.0  148.4  143.8  124.2  128.2  136.5  133.9  112.6  121.5  135.9  120.5  105.4  114.7  134.6  127.2  131.6  121.9  123.7  148.2
  -1.3   -1.9   -3.0   -3.2   -3.0   -3.2   -3.2   -3.1   -1.6   -2.4   -3.3   -3.1   -1.9   -2.5   -2.6   -2.1   -1.1   -1.8   -2.9   -2.6   -2.8   -2.2   -2.3   -3.8
   0.9    0.3    0.7   -0.2   -1.9   -0.6    2.0    2.3    2.4    3.1    3.1    3.2    4.6    4.2    2.6    3.6    4.0    3.8    2.9    3.4    3.2    3.6    3.5    2.4
  -3.3   -2.4   -1.4   -1.8   -1.2   -1.2   -0.2   -0.4   -1.1   -0.8   -0.3   -0.8    0.4    1.8    2.7    1.4    0.9    0.0    0.4    0.7    0.6    0.3    0.6   -0.4
   1.5    0.7    0.9   -0.1   -1.9   -0.6    2.0    2.3    2.2    2.9    3.0    3.0    4.6    4.4    2.9    3.7    4.0    3.8    2.8    3.3    3.1    3.5    3.3    2.4
  -3.1   -2.3   -1.3   -1.8   -1.3   -1.2   -0.3   -0.6   -1.4   -1.3   -0.8   -1.3   -0.3    1.2    2.4    1.2    0.9    0.2    0.7    1.2    1.1    1.0    1.3    0.1
   0.1    0.1    0.2    0.1    0.1    0.1    0.1    0.1    0.6    0.1    0.2    0.1    0.1    0.2    0.1    0.1    0.0    0.1    0.1    0.0    0.1    0.1    0.1    0.1
   1.0    1.8    1.2    1.6    0.9    1.6    0.4    0.4    1.4    0.8    0.9    2.1    0.7    0.9    1.4    0.8    0.7    1.0    1.3    0.4    0.6    0.4    0.7    0.7
   0.5    1.0    0.6    0.3    0.3    0.3    0.2    0.1    1.0    0.1    0.3    0.6    0.5    0.5    0.5    0.6    0.4    0.5    0.9    0.2    0.3    0.3    0.4    0.3
   0.8    0.8    0.7    1.3    0.6    1.4    0.3    0.2    0.7    0.4    0.2    0.8    0.3    0.4    1.1    0.4    0.2    0.3    0.6    0.2    0.3    0.2    0.3    0.4
   0.4    1.3    0.9    1.0    0.5    0.6    0.2    0.4    0.7    0.7    0.8    1.9    0.4    0.7    0.8    0.4    0.4    0.8    0.6    0.2    0.4    0.2    0.4    0.5
   96597.   105302.    78983.    88950.    90174.    78692.    76956.    71918.    48550.    39523.    22821.    20759.    30158.    17213.    19533.    24276.    25180.    20778.    19554.    24904.    21406.    26846.    22923.    17983.
   2.3    2.3    2.0    2.3    2.3    1.8    2.0    1.9    2.9    2.0    2.1    2.0    2.5    2.0    1.8    2.0    2.2    2.0    2.0    2.3    2.2    2.4    2.7    2.4
  410.   406.   390.   393.   390.   383.   388.   384.   373.   370.   356.   358.   366.   354.   350.   349.   355.   347.   332.   342.   338.   343.   331.   315.
   1.5    1.9    1.4    2.3    3.6    1.7   -0.0   -0.7   -2.5   -2.8   -4.6   -4.2   -4.8   -4.5   -4.0   -4.7   -4.7   -4.5   -3.2   -4.6   -4.8   -5.0   -4.6   -2.1
   3.8    2.3    1.7    2.3    1.7    2.1    1.2    1.4    1.2    2.2    1.5    1.3    0.8   -0.6   -1.8   -1.2   -0.8    0.6    0.5   -0.3    0.1    0.4    0.1    2.0
 0.027  0.031  0.033  0.029  0.030  0.028  0.029  0.028  0.022  0.024  0.021  0.019  0.015  0.016  0.017  0.015  0.015  0.015  0.020  0.017  0.019  0.016  0.016  0.020
    9757.    22639.    22555.    13608.    10171.    21678.    25616.    29117.    13716.    14761.     6273.     7747.     9557.     2587.     8447.     6557.     6294.     7422.     8455.     3952.     5969.     8117.     6986.     2958.
   0.1    0.3    0.4    0.3    0.2    0.6    0.3    0.2    0.6    0.5    0.4    0.4    0.3    0.3    0.2    0.3    0.3    0.3    0.3    0.2    0.3    0.5    0.5    0.3
    4.    12.    11.     7.    10.    11.     5.     3.     6.     5.     4.     7.     7.     4.     4.     5.     5.     6.    11.     3.     4.     5.     6.     4.
   1.1    1.0    1.1    1.5    0.9    2.1    1.0    0.7    0.7    1.0    0.5    0.7    0.8    0.4    1.1    0.4    0.4    0.6    1.0    0.4    0.8    0.7    0.7    0.8
   0.7    1.7    2.0    1.3    0.9    0.5    0.5    0.5    1.1    0.7    1.2    1.2    0.7    0.5    0.7    0.6    0.9    1.6    1.6    0.6    0.9    0.6    0.9    1.1
 0.002  0.004  0.005  0.002  0.003  0.002  0.003  0.004  0.004  0.003  0.004  0.003  0.002  0.003  0.004  0.002  0.002  0.002  0.003  0.003  0.003  0.003  0.002  0.003
  0.72   0.71   0.58   0.66   0.65   0.49   0.56   0.52   0.73   0.50   0.48   0.46   0.59   0.45   0.39   0.43   0.49   0.43   0.40   0.48   0.45   0.50   0.53   0.43
   1.27    0.93    0.51    0.71    0.51    0.46    0.12    0.23    0.52    0.48    0.28    0.47    0.11   -0.42   -0.84   -0.42   -0.32   -0.07   -0.23   -0.41   -0.37   -0.34   -0.43   -0.03
   1.42    1.73    1.33    1.30    1.45    1.07    1.18    1.04    1.85    0.83    0.60    0.50    0.66    0.43    0.48    0.63    0.73    0.67    0.67    0.79    0.71    0.84    0.92    0.69
   8.0    8.6    7.7    7.5    7.8    6.8    7.2    6.8    9.3    6.4    5.5    5.1    5.8    4.7    4.9    5.5    6.0    5.7    5.5    6.0    5.7    6.2    6.3    5.3
  5.3   5.4   5.2   5.1   5.2   4.9   5.1   4.9   5.8   4.9   4.5   4.2   4.6   4.0   4.1   4.4   4.7   4.5   4.4   4.6   4.5   4.7   4.7   4.2
 0.0187  0.0163  0.0203  0.0214  0.0196  0.0260  0.0228  0.0258  0.0136  0.0292  0.0395  0.0464  0.0355  0.0533  0.0497  0.0395  0.0332  0.0365  0.0399  0.0327  0.0366  0.0312  0.0297  0.0423
 23  23  23   7   7   7   3   3   3  10  10  10   7   7   7   3   3   3   3   3   3   0   0   0
  68   68   68   68   68   68   68   68   68   68   68   68   68   68   68   68   68   68   68   68   68   68   68   68
   -19    -22    -25    -23    -22    -23    -25    -22    -17    -17    -18    -18    -18    -18    -20    -20    -18    -16    -13    -11    -11    -12    -13    -16
   9    9    9    3    3    3    2    2    2    4    4    4    3    3    3    2    2    2    2    2    2    0    0    0
 141.8  141.8  141.8  141.8  141.8  141.8  141.8  141.8  141.8  141.8  141.8  141.8  141.8  141.8  141.8  141.8  141.8  141.8  141.8  141.8  141.8  141.8  141.8  141.8
  198   370   196   184   242   236   130    61    92   165   146   185    99    81    73    44    36    35    67    49    58    56    46    48
   -70   -194    -77    -49    -69    -68    -33    -24    -39   -116    -96   -101    -59    -43    -41    -17    -12    -11    -42    -28    -37    -37    -31    -29
   128    176    120    135    173    168     97     38     53     49     50     85     40     38     32     28     23     23     25     21     21     20     15     19
   1.2    1.5    0.9    1.2    1.0    0.1   -0.1   -0.2    0.3    0.5    0.5    1.2    0.9    0.4   -0.6   -0.9   -0.9   -1.3    0.0    0.1    0.4    0.5    0.2   -0.1
 0.007860  0.007860  0.007860  0.007860  0.007860  0.007860  0.007860  0.007860  0.007860  0.007860  0.007860  0.007860  0.007860  0.007860  0.007860  0.007860  0.007860  0.007860  0.007860  0.007860  0.007860  0.007860  0.007860  0.007860
1000000.00 1000000.00 1000000.00 1000000.00 1000000.00 1000000.00 1000000.00 1000000.00 1000000.00 1000000.00 1000000.00 1000000.00 1000000.00 1000000.00 1000000.00 1000000.00 1000000.00 1000000.00 1000000.00 1000000.00 1000000.00 1000000.00 1000000.00 1000000.00
 99999.99  99999.99  99999.99  99999.99  99999.99  99999.99  99999.99  99999.99  99999.99  99999.99  99999.99  99999.99  99999.99  99999.99  99999.99  99999.99  99999.99  99999.99  99999.99  99999.99  99999.99  99999.99  99999.99  99999.99
 99999.99  99999.99  99999.99  99999.99  99999.99  99999.99  99999.99  99999.99  99999.99  99999.99  99999.99  99999.99  99999.99  99999.99  99999.99  99999.99  99999.99  99999.99  99999.99  99999.99  99999.99  99999.99  99999.99  99999.99
     6.43      7.39      6.11      6.16      6.32      6.30      6.19      5.92      5.01      4.70      4.25      3.97      3.79      3.45      3.00      2.40      1.95      2.01      1.85      1.81      1.77      1.53      1.47      1.45
     0.25      0.25      0.23      0.24      0.24      0.22      0.21      0.21      0.21      0.20      0.19      0.19      0.20      0.20      0.16      0.16      0.16      0.18      0.13      0.16      0.13      0.16      0.16      0.14
     0.06      0.06      0.06      0.06      0.06      0.06      0.06      0.06      0.05      0.06      0.05      0.05      0.06      0.06      0.05      0.06      0.06      0.06      0.05      0.06      0.05      0.06      0.06      0.05
 -1  -1  -1  -1  -1  -1  -1  -1  -1  -1  -1  -1  -1  -1  -1  -1  -1  -1  -1  -1  -1  -1  -1  -1
