2003 2003 2003 2003 2003 2003 2003 2003 2003 2003 2003 2003 2003 2003 2003 2003 2003 2003 2003 2003 2003 2003 2003 2003
 146 146 146 146 146 146 146 146 146 146 146 146 146 146 146 146 146 146 146 146 146 146 146 146
  0   1   2   3   4   5   6   7   8   9  10  11  12  13  14  15  16  17  18  19  20  21  22  23
 2318  2318  2318  2318  2318  2318  2318  2318  2318  2318  2318  2318  2318  2318  2318  2318  2318  2318  2318  2318  2318  2318  2318  2318
 51  51  51  51  51  51  51  51  51  51  51  51  51  51  51  51  51  51  51  51  51  51  51  51
 52  52  52  52  52  52  52  52  52  52  52  52  52  52  52  52  52  52  52  52  52  52  52  52
  56   60   54   59   62   60   64   61   56   65   51   60   61   61   63   58   60   59   66   55   57   60   64   58
  34   37   31   37   36   36   38   38   34   41   30   35   39   38   35   35   37   37   37   31   34   35   39   34
   5.9    6.9    6.3    6.1    5.8    5.0    5.5    6.1    5.5    5.7    5.8    5.7    5.3    6.1    6.6    6.9    7.0    6.7    6.8    6.8    7.2    7.4    8.0    8.5
   4.0    5.9    5.4    5.9    4.9    3.3    4.6    5.7    4.2    5.1    3.9    5.3    5.1    5.3    4.5    6.7    6.7    6.2    5.2    4.9    6.4    6.6    6.8    6.9
  -4.5  -39.2  -30.4  -11.0  -17.9  -28.9  -56.9  -58.6  -45.7  -54.2  -34.1    9.0    0.6   34.8  -23.6   43.9   39.3   17.2   16.8   13.3   24.1  -13.2  -33.2   19.0
 248.8  304.3    7.0    7.7   18.3  336.0  300.1  250.7  266.8  255.0  304.4  346.9  343.8  322.8  293.8  347.6  324.6  320.2  299.2  307.2  307.2  331.6  290.8  297.5
  -1.5    2.6    4.6    5.8    4.5    2.6    1.3   -1.0   -0.2   -0.8    1.8    5.1    4.9    3.5    1.6    4.7    4.2    4.6    2.4    2.9    3.6    5.6    2.0    3.0
  -3.7   -3.8    0.6    0.8    1.5   -1.2   -2.2   -2.8   -3.0   -2.9   -2.6   -1.2   -1.4   -2.6   -3.7   -1.0   -3.0   -3.8   -4.4   -3.8   -4.7   -3.0   -5.3   -5.8
  -0.3   -3.7   -2.7   -1.1   -1.5   -1.6   -3.8   -4.9   -3.0   -4.1   -2.2    0.8    0.1    3.0   -1.8    4.7    4.2    1.8    1.5    1.1    2.6   -1.5   -3.7    2.2
  -3.4   -2.4    1.3    1.0    1.8   -1.0   -1.8   -2.5   -2.9   -2.9   -2.6   -1.2   -1.4   -2.7   -3.6   -1.5   -3.7   -4.1   -4.6   -4.0   -5.3   -2.3   -3.6   -6.2
  -1.6   -4.7   -2.4   -0.9   -1.2   -1.8   -4.0   -5.1   -3.1   -4.1   -2.2    0.8    0.1    2.9   -2.0    4.6    3.6    0.9    0.3   -0.1    0.8   -2.5   -5.4    0.0
   0.4    0.6    0.7    0.2    0.3    0.6    0.4    0.2    0.3    0.6    0.2    0.2    0.1    0.4    0.3    0.1    0.1    0.1    0.2    0.4    0.1    0.1    0.3    0.6
   4.1    3.6    3.3    1.4    3.0    3.7    3.0    1.9    3.4    2.6    4.2    1.8    1.4    2.8    4.8    1.4    2.1    2.2    4.1    4.6    3.0    3.1    4.1    4.7
   1.6    1.7    1.3    0.5    1.0    1.4    1.8    1.3    2.7    1.8    2.7    0.5    0.6    1.0    1.9    0.8    0.6    0.6    2.9    2.6    1.5    0.8    1.9    1.5
   1.1    1.8    2.1    0.6    1.3    2.2    1.6    1.2    1.2    1.6    1.7    1.0    1.0    1.8    2.1    0.9    1.9    0.9    1.6    1.8    1.0    1.3    1.3    1.7
   3.7    2.6    2.2    1.2    2.6    2.6    1.7    0.6    1.6    0.9    2.7    1.4    0.8    1.9    3.9    0.7    0.6    1.9    2.4    3.2    2.4    2.7    3.4    4.1
  154553.   129645.   144803.   168128.   149601.   169091.   166577.   141658.   192535.   155716.   138065.   115328.   101271.   122320.   108305.    73494.    85901.   111202.   114212.   102834.    69373.    72398.    71908.   102804.
   3.5    3.8    3.6    3.5    3.7    3.2    3.0    2.8    2.8    3.1    3.3    2.4    2.0    3.7    4.0    3.7    4.0    3.9    4.4    4.4    4.5    5.1    6.5    6.4
  523.   478.   464.   449.   450.   474.   486.   503.   494.   503.   482.   438.   432.   461.   474.   458.   463.   458.   482.   476.   466.   454.   487.   484.
  -1.4   -2.2    1.0    1.9    2.7    0.4   -0.7   -1.8   -2.6   -2.7   -3.1   -2.3   -3.1   -3.4   -4.1   -2.1   -4.3   -5.8   -4.6   -3.5   -4.7   -3.2   -3.9   -4.8
  -0.6   -3.0   -2.5   -2.8   -2.7   -1.5   -4.5   -4.8   -3.2   -4.3   -3.1   -0.1   -1.1    2.0   -1.3    3.6    3.2    1.0    0.1   -0.2    1.6   -2.8   -2.3    1.4
 0.028  0.032  0.040  0.042  0.040  0.035  0.031  0.029  0.037  0.028  0.031  0.033  0.039  0.036  0.028  0.027  0.032  0.048  0.077  0.080  0.072  0.095  0.112  0.119
   22758.    36499.    29756.    24492.    20112.    38829.    45819.    17602.    27778.    53485.    31620.    24876.    24694.    27545.    13248.     7510.    11811.    15936.    18078.    24656.     9791.    14041.    12468.    26627.
   0.3    0.3    0.4    0.5    0.5    0.5    0.5    0.3    0.4    0.3    0.3    0.4    0.5    0.7    0.3    0.2    0.3    0.4    0.4    0.5    0.4    0.4    0.7    0.8
   18.    18.    12.     7.    14.    13.    15.     8.    21.    14.    21.     7.     8.    16.    11.     9.     6.     7.    22.    22.    11.     8.    13.    11.
   1.2    1.9    1.7    1.2    1.7    2.2    1.1    0.7    1.0    1.5    1.9    1.7    1.6    2.3    1.9    1.3    2.0    1.1    1.5    1.9    1.1    1.5    1.0    0.7
   2.9    2.1    1.9    1.9    2.9    2.2    1.7    1.0    1.2    0.9    3.2    2.6    1.7    2.1    2.9    0.9    0.9    2.4    2.2    3.4    2.5    2.8    1.7    2.9
 0.006  0.005  0.007  0.004  0.006  0.009  0.006  0.002  0.010  0.005  0.004  0.004  0.006  0.006  0.003  0.002  0.004  0.007  0.015  0.013  0.008  0.012  0.014  0.029
  1.78   1.64   1.50   1.38   1.45   1.37   1.33   1.32   1.31   1.46   1.44   0.87   0.72   1.50   1.67   1.44   1.62   1.63   2.23   2.20   2.10   2.42   3.73   3.70
   0.84    2.25    1.11    0.40    0.54    0.85    1.94    2.57    1.53    2.06    1.06   -0.35   -0.04   -1.34    0.95   -2.11   -1.67   -0.41   -0.14    0.05   -0.37    1.14    2.63   -0.00
   1.18    0.86    1.03    1.16    1.27    1.58    1.22    0.85    1.24    1.13    1.09    0.75    0.68    1.04    0.90    0.65    0.73    0.87    0.96    0.92    0.71    0.78    0.85    0.85
   8.3    6.8    7.0    6.9    7.5    8.5    7.7    6.9    7.5    7.8    7.5    6.0    5.8    7.3    7.2    6.4    6.6    6.7    7.4    7.3    6.9    6.9    7.8    7.2
  5.8   5.1   5.1   4.9   5.2   5.5   5.3   5.2   5.2   5.5   5.4   4.6   4.6   5.3   5.4   5.1   5.2   5.1   5.5   5.5   5.4   5.4   5.9   5.5
 0.0173  0.0261  0.0244  0.0251  0.0214  0.0165  0.0203  0.0250  0.0211  0.0197  0.0209  0.0336  0.0358  0.0225  0.0231  0.0292  0.0272  0.0261  0.0215  0.0221  0.0252  0.0248  0.0198  0.0229
 43  43  43  27  27  27  37  37  37  23  23  23  23  23  23  23  23  23  27  27  27  40  40  40
  83   83   83   83   83   83   83   83   83   83   83   83   83   83   83   83   83   83   83   83   83   83   83   83
   -20    -22    -20    -23    -21    -22    -18    -21    -23    -24    -27    -30    -27    -24    -21    -23    -20    -15     -9    -12    -14    -13    -15    -25
  32   32   32   12   12   12   22   22   22    9    9    9    9    9    9    9    9    9   12   12   12   27   27   27
 128.4  128.4  128.4  128.4  128.4  128.4  128.4  128.4  128.4  128.4  128.4  128.4  128.4  128.4  128.4  128.4  128.4  128.4  128.4  128.4  128.4  128.4  128.4  128.4
  716   472   679   193   152   114   131   649   585   414   466   204   178   135   178    89    79   108   130   223   267   367   598   578
  -540   -273   -386    -86    -50    -44    -33   -435   -334   -206   -220    -78   -109    -88    -81    -39    -43    -40    -37    -91   -136   -170   -332   -347
   177    199    292    107    102     70     98    214    251    208    246    125     69     47     96     50     36     68     92    131    131    197    266    231
   3.6    1.5    5.1    0.3    1.0    0.8    0.9    2.0    3.5    2.7    1.6   -0.0    0.3   -1.3    2.4   -1.8   -0.0    1.5    0.8    0.5    0.6    2.1    2.6    1.6
 0.008236  0.008236  0.008236  0.008236  0.008236  0.008236  0.008236  0.008236  0.008236  0.008236  0.008236  0.008236  0.008236  0.008236  0.008236  0.008236  0.008236  0.008236  0.008236  0.008236  0.008236  0.008236  0.008236  0.008236
1000000.00 1000000.00 1000000.00 1000000.00 1000000.00 1000000.00 1000000.00 1000000.00 1000000.00 1000000.00 1000000.00 1000000.00 1000000.00 1000000.00 1000000.00 1000000.00 1000000.00 1000000.00 1000000.00 1000000.00 1000000.00 1000000.00 1000000.00 1000000.00
 99999.99  99999.99  99999.99  99999.99  99999.99  99999.99  99999.99  99999.99  99999.99  99999.99  99999.99  99999.99  99999.99  99999.99  99999.99  99999.99  99999.99  99999.99  99999.99  99999.99  99999.99  99999.99  99999.99  99999.99
 99999.99  99999.99  99999.99  99999.99  99999.99  99999.99  99999.99  99999.99  99999.99  99999.99  99999.99  99999.99  99999.99  99999.99  99999.99  99999.99  99999.99  99999.99  99999.99  99999.99  99999.99  99999.99  99999.99  99999.99
 99999.99  99999.99  99999.99  99999.99  99999.99  99999.99  99999.99  99999.99  99999.99  99999.99  99999.99  99999.99  99999.99  99999.99  99999.99  99999.99  99999.99  99999.99  99999.99  99999.99  99999.99  99999.99  99999.99  99999.99
 99999.99  99999.99  99999.99  99999.99  99999.99  99999.99  99999.99  99999.99  99999.99  99999.99  99999.99  99999.99  99999.99  99999.99  99999.99  99999.99  99999.99  99999.99  99999.99  99999.99  99999.99  99999.99  99999.99  99999.99
 99999.99  99999.99  99999.99  99999.99  99999.99  99999.99  99999.99  99999.99  99999.99  99999.99  99999.99  99999.99  99999.99  99999.99  99999.99  99999.99  99999.99  99999.99  99999.99  99999.99  99999.99  99999.99  99999.99  99999.99
  0   0   0   0   0   0   0   0   0   0   0   0   0   0   0   0   0   0   0   0   0   0   0   0
