2002 2002 2002 2002 2002 2002 2002 2002 2002 2002 2002 2002 2002 2002 2002 2002 2002 2002 2002 2002 2002 2002 2002 2002
 282 282 282 282 282 282 282 282 282 282 282 282 282 282 282 282 282 282 282 282 282 282 282 282
  0   1   2   3   4   5   6   7   8   9  10  11  12  13  14  15  16  17  18  19  20  21  22  23
 2309  2309  2309  2309  2309  2309  2309  2309  2309  2309  2309  2309  2309  2309  2309  2309  2309  2309  2309  2309  2309  2309  2309  2309
 71  71  71  71  71  71  71  71  71  71  71  71  71  71  71  71  71  71  71  71  71  71  71  71
 71  71  71  71  71  71  71  71  71  71  71  71  71  71  71  71  71  71  71  71  71  71  71  71
  15   15   15   15   15   14   16   15   15   15   14   15   15   15   15   15   15   15   14   16   14   16   15   15
  15   15   15   15   15   14   16   15   15   15   14   15   15   15   15   15   15   15   14   16   14   16   15   15
   5.0    4.5    5.3    6.4    6.6    6.0    6.7    7.1    7.4    7.3    6.4    6.9    6.9    6.5    7.0    6.9    6.2    6.6    6.4    6.3    6.1    5.5    6.0    6.3
   4.8    3.6    4.2    5.6    5.1    5.4    6.3    6.7    7.2    7.0    5.2    6.7    6.8    6.2    6.6    6.8    5.6    6.5    6.3    6.2    5.9    4.7    5.8    6.3
  17.4   42.0   45.1    9.2   -7.7   -3.9   -1.6  -14.5  -14.7    2.6   -6.0  -10.5  -14.1  -14.6  -28.9  -20.7  -17.1  -32.4  -26.8  -35.8  -34.3  -27.2  -24.1  -14.8
 118.2  216.5  120.9   98.2   91.3   80.8   91.6   77.1   69.9   55.5  110.2   97.5   93.0   93.9   85.8   84.3  104.5   65.7   73.4   79.7   84.1  100.9   84.6   81.3
  -2.2   -2.2   -1.5   -0.8   -0.1    0.9   -0.2    1.4    2.4    4.0   -1.8   -0.9   -0.3   -0.4    0.4    0.6   -1.3    2.3    1.6    0.9    0.5   -0.8    0.5    0.9
   4.1   -1.6    2.5    5.4    5.0    5.4    6.3    6.3    6.5    5.8    4.9    6.6    6.6    6.0    5.8    6.3    5.2    5.0    5.4    4.9    4.8    4.1    5.3    6.0
   1.4    2.4    3.0    0.9   -0.7   -0.4   -0.2   -1.7   -1.8    0.3   -0.5   -1.2   -1.7   -1.6   -3.2   -2.4   -1.6   -3.5   -2.8   -3.6   -3.3   -2.1   -2.4   -1.6
   4.3   -0.9    3.3    5.4    4.4    4.7    5.5    4.6    4.6    5.0    3.8    4.9    4.7    4.4    3.6    4.7    4.2    3.5    4.3    3.8    3.9    3.5    4.7    5.5
   0.4    2.7    2.1   -1.0   -2.6   -2.7   -3.1   -4.6   -4.9   -2.9   -3.1   -4.6   -4.9   -4.4   -5.5   -4.9   -3.5   -5.0   -4.3   -4.8   -4.3   -2.9   -3.5   -2.9
   0.3    0.2    0.5    0.3    0.5    0.1    0.3    0.4    0.1    0.2    0.9    0.2    0.4    0.3    0.2    0.2    0.4    0.1    0.1    0.1    0.1    0.4    0.1    0.0
   1.1    2.3    3.0    2.9    4.2    2.2    2.0    2.2    1.5    1.2    3.6    0.9    1.2    1.6    1.9    1.0    2.6    0.8    0.9    1.1    1.5    2.7    1.1    0.7
   0.7    1.3    1.4    1.6    3.5    1.9    0.8    1.7    0.9    0.8    2.4    0.8    1.1    1.1    1.1    0.8    1.8    0.7    0.7    0.6    1.5    2.1    0.7    0.5
   0.8    1.3    2.5    1.0    1.5    0.7    0.9    0.4    0.5    0.4    2.3    0.3    0.4    0.4    0.9    0.2    0.6    0.2    0.4    0.7    0.2    1.3    0.4    0.1
   0.5    1.3    1.1    2.2    1.9    0.9    1.6    1.3    1.1    0.9    1.3    0.3    0.5    1.0    1.2    0.6    1.7    0.5    0.4    0.7    0.4    1.0    0.7    0.4
   83228.   104730.    73631.    55850.    69598.    54036.    42018.    46631.    46076.    52716.    83981.    69265.    62256.    76941.    48687.    50049.    67825.    56498.    57947.    57068.    66095.    79460.    63631.    57669.
   3.8    4.9    4.8    5.0    4.7    4.4    4.7    4.9    5.1    5.5    5.2    4.5    4.3    4.8    4.4    4.3    4.4    3.8    3.8    4.1    4.2    4.4    4.2    4.2
  436.   431.   430.   431.   427.   424.   421.   422.   430.   436.   403.   406.   402.   397.   401.   400.   382.   405.   395.   391.   389.   386.   394.   395.
  -0.8    2.9   -0.3   -1.7   -1.5   -1.9   -3.1   -2.5   -1.8   -1.4   -0.9   -3.0   -2.3   -1.7   -1.5   -2.5   -2.2   -2.0   -2.7   -2.5   -2.4   -2.2   -4.2   -4.6
  -2.6   -3.4   -4.0   -1.6   -0.5   -1.1   -0.7    0.5    0.3   -1.4   -1.1   -0.3   -0.3   -0.7   -0.2   -1.4   -3.3   -1.0   -1.8   -0.9   -1.6   -2.8   -1.9   -2.5
 0.057  0.053  0.053  0.051  0.046  0.053  0.048  0.045  0.046  0.046  0.054  0.042  0.040  0.042  9.999  9.999  9.999  9.999  9.999  9.999  9.999  9.999  9.999  9.999
   13248.    21532.    13061.    10917.    14344.    11300.     3766.     3563.     2622.     4174.    22174.     7230.    10647.     8897.     3841.     4367.     8261.     6061.     3255.     2951.     4424.    15693.     5066.     2026.
   0.2    0.3    0.2    0.4    0.5    0.3    0.3    0.4    0.3    0.3    0.8    0.2    0.3    0.3    0.4    0.3    0.7    0.4    0.3    0.3    0.3    0.5    0.2    0.2
    3.     5.     7.     5.    18.    13.     6.     5.     4.     3.    12.     6.     6.     5.     6.     5.     9.     7.     6.     4.     8.    13.     4.     2.
   0.8    0.7    1.8    0.5    1.2    0.7    0.6    0.5    0.5    0.3    2.0    0.3    0.7    0.9    1.3    0.5    0.7    0.4    0.5    0.7    0.4    1.5    0.5    0.1
   0.7    0.7    0.7    1.3    1.3    0.7    1.4    0.9    0.7    0.7    1.1    0.3    0.4    0.7    0.6    0.6    1.4    0.5    0.4    0.7    0.2    1.2    0.7    0.4
 0.005  0.004  0.005  0.004  0.005  0.005  0.004  0.006  0.005  0.009  0.007  0.009  0.006  0.002  9.999  9.999  9.999  9.999  9.999  9.999  9.999  9.999  9.999  9.999
  1.48   1.84   1.80   1.87   1.69   1.60   1.66   1.72   1.86   2.07   1.71   1.45   1.35   1.48   1.42   1.38   1.28   1.25   1.19   1.25   1.27   1.31   1.30   1.31
  -0.17   -1.16   -0.90    0.43    1.11    1.14    1.31    1.94    2.11    1.26    1.25    1.87    1.97    1.75    2.21    1.96    1.34    2.02    1.70    1.88    1.67    1.12    1.38    1.15
   1.34    2.35    1.44    0.94    0.89    0.93    0.74    0.71    0.68    0.78    1.12    0.78    0.72    0.97    0.66    0.67    0.93    0.67    0.72    0.80    0.91    1.26    0.93    0.82
   8.5   10.6    8.9    7.5    7.0    7.4    6.8    6.6    6.6    7.0    7.2    6.2    6.0    6.7    6.0    6.0    6.5    6.0    6.0    6.3    6.5    7.4    6.7    6.4
  5.8   6.1   5.9   5.6   5.3   5.5   5.3   5.2   5.2   5.4   5.1   4.8   4.7   4.9   4.8   4.8   4.8   4.8   4.7   4.8   4.9   5.1   5.0   4.9
 0.0165  0.0106  0.0151  0.0210  0.0242  0.0217  0.0256  0.0275  0.0276  0.0242  0.0231  0.0305  0.0326  0.0266  0.0329  0.0329  0.0285  0.0332  0.0329  0.0301  0.0279  0.0220  0.0263  0.0288
 10  10  10  30  30  30  43  43  43  33  33  33  37  37  37  40  40  40  37  37  37  33  33  33
 164  164  164  164  164  164  164  164  164  164  164  164  164  164  164  164  164  164  164  164  164  164  164  164
   -51    -49    -46    -46    -52    -55    -54    -60    -61    -62    -56    -54    -57    -63    -65    -69    -70    -66    -63    -68    -69    -67    -68    -71
   4    4    4   15   15   15   32   32   32   18   18   18   22   22   22   27   27   27   22   22   22   18   18   18
 166.8  166.8  166.8  166.8  166.8  166.8  166.8  166.8  166.8  166.8  166.8  166.8  166.8  166.8  166.8  166.8  166.8  166.8  166.8  166.8  166.8  166.8  166.8  166.8
  118    86    49   156   348   328   411   628   788   559   322   389   636   461   494   576   554   615   700   541   482   557   377   347
   -63    -40     -9    -78   -220   -209   -247   -420   -422   -270   -140   -287   -504   -307   -306   -357   -362   -376   -417   -297   -318   -347   -166   -145
    55     46     40     78    128    119    164    208    366    288    181    102    131    154    187    218    193    239    284    244    165    210    211    202
   0.5   -0.4   -0.6    0.6    1.4    1.8    2.7    2.8    6.3    3.1    2.3    2.5    3.8    2.6    2.1    1.9    2.0    2.9    3.3    2.3    2.1    3.2    2.2    1.9
 0.009017  0.009017  0.009017  0.009017  0.009017  0.009017  0.009017  0.009017  0.009017  0.009017  0.009017  0.009017  0.009017  0.009017  0.009017  0.009017  0.009017  0.009017  0.009017  0.009017  0.009017  0.009017  0.009017  0.009017
1000000.00 1000000.00 1000000.00 1000000.00 1000000.00 1000000.00       0.27       0.31       0.28       0.34       0.29       0.31       0.31       0.32       0.28       0.24       0.29       0.34       0.31       0.36       0.31       0.32 1000000.00 1000000.00
 99999.99  99999.99  99999.99  99999.99  99999.99  99999.99      0.21      0.25      0.21      0.24      0.18      0.24      0.22      0.22      0.21      0.18      0.23      0.25      0.23      0.27      0.23      0.23  99999.99  99999.99
 99999.99  99999.99  99999.99  99999.99  99999.99  99999.99      0.21      0.23      0.20      0.21      0.17      0.24      0.22      0.22      0.20      0.17      0.22      0.23      0.21      0.25      0.21      0.19  99999.99  99999.99
 99999.99  99999.99  99999.99  99999.99  99999.99  99999.99      0.21      0.22      0.19      0.20      0.17      0.23      0.21      0.21      0.20      0.17      0.22      0.22      0.20      0.25      0.20      0.17  99999.99  99999.99
 99999.99  99999.99  99999.99  99999.99  99999.99  99999.99      0.20      0.21      0.18      0.19      0.17      0.23      0.21      0.21      0.20      0.17      0.22      0.22      0.20      0.24      0.19      0.17  99999.99  99999.99
 99999.99  99999.99  99999.99  99999.99  99999.99  99999.99      0.18      0.20      0.18      0.19      0.16      0.22      0.21      0.21      0.20      0.17      0.22      0.22      0.19      0.21      0.18      0.17  99999.99  99999.99
  0   0   0   0   0   0  -1  -1  -1  -1  -1  -1  -1  -1  -1  -1  -1  -1  -1  -1  -1  -1   0   0
