2001 2001 2001 2001 2001 2001 2001 2001 2001 2001 2001 2001 2001 2001 2001 2001 2001 2001 2001 2001 2001 2001 2001 2001
 268 268 268 268 268 268 268 268 268 268 268 268 268 268 268 268 268 268 268 268 268 268 268 268
  0   1   2   3   4   5   6   7   8   9  10  11  12  13  14  15  16  17  18  19  20  21  22  23
 2295  2295  2295  2295  2295  2295  2295  2295  2295  2295  2295  2295  2295  2295  2295  2295  2295  2295  2295  2295  2295  2295  2295  2295
 71  71  71  71  71  71  71  71  71  71  71  71  71  71  71  71  71  71  71  71  71  51  51  51
 71  71  71  71  71  71  71  71  71  71  71  71  71  71  71  71  71  71  71  71  71  52  52  52
  15   16   14   15   15   14   15   15   15   16   15   15   14   16   15   14   15   15   15   14   15   59   60   60
  15   16   14   15   15   14   15   15   15   16   15   15   14   16   15   14   15   15   15   14   15   32   35   37
   5.2    4.7    4.2    4.0    4.7    5.0    5.0    5.1    6.0    5.8    5.7    6.0    5.5    5.2    5.2    5.4    5.2    5.4    5.5    5.4    6.8   22.9   24.7   11.4
   4.3    4.0    3.5    2.8    3.9    4.4    4.6    4.8    5.8    5.5    5.5    5.9    5.0    5.1    5.1    5.4    5.0    5.0    5.4    5.3    6.4   17.8   11.6    6.6
  32.4   77.2   80.9  -15.8  -43.8  -37.9  -34.3  -20.6   -9.3   -3.1   -2.2  -21.0  -17.2   -8.5   -2.4    8.8    2.2  -12.8  -20.5  -17.6  -18.1  -19.5  -31.0   -8.6
 331.5  300.6   13.8  358.4  353.8    2.5  293.9  285.5  272.0  252.0  240.3  235.8  254.8  264.3  258.8  252.5  246.4  272.6  276.9  280.0  328.1  305.7  266.7  149.6
   3.2    0.4    0.5    2.7    2.8    3.5    1.5    1.2    0.2   -1.7   -2.7   -3.1   -1.3   -0.5   -1.0   -1.6   -2.0    0.2    0.6    0.9    5.2    9.8   -0.6   -5.6
  -1.7   -0.8    0.1   -0.1   -0.3    0.2   -3.5   -4.4   -5.7   -5.3   -4.7   -4.6   -4.6   -5.1   -5.0   -5.1   -4.6   -4.9   -5.0   -5.0   -3.2  -13.6  -10.0    3.3
   2.3    3.9    3.5   -0.8   -2.7   -2.7   -2.6   -1.7   -0.9   -0.3   -0.2   -2.1   -1.5   -0.8   -0.2    0.8    0.2   -1.1   -1.9   -1.6   -2.0   -5.9   -6.0   -1.0
  -1.1    0.3    1.2   -0.4   -1.3   -1.0   -4.3   -4.7   -5.3   -4.6   -4.0   -5.0   -4.7   -4.8   -4.5   -4.2   -4.1   -5.0   -5.3   -5.2   -3.6  -14.6  -11.1    3.0
   2.6    4.0    3.3   -0.7   -2.4   -2.5   -0.6    0.8    2.3    2.7    2.4    0.8    1.2    1.9    2.2    3.0    2.0    0.7   -0.2   -0.1   -1.1   -2.6   -3.6   -1.7
   0.4    0.1    0.2    0.3    0.1    0.3    0.4    0.1    0.5    0.3    0.3    0.2    0.1    0.2    0.1    0.2    0.1    0.2    0.1    0.4    1.3    5.4    6.9    6.7
   2.7    2.1    1.8    2.5    2.4    2.0    1.8    1.5    1.6    1.7    1.5    0.9    2.1    0.8    0.7    0.9    1.1    1.7    0.7    0.7    2.3   14.4   22.2   11.2
   0.6    1.7    1.1    0.9    0.5    0.6    1.5    1.2    1.3    1.2    0.6    0.3    1.4    0.7    0.5    0.4    0.8    1.0    0.4    0.4    2.2    5.6   14.3    6.0
   2.4    1.2    0.9    1.0    2.1    1.9    0.7    0.5    0.6    0.6    0.4    0.7    1.2    0.2    0.1    0.4    0.3    0.4    0.3    0.4    0.6    5.3   11.8    8.6
   1.1    0.6    1.1    2.1    1.0    0.4    0.7    0.6    0.6    1.0    1.3    0.5    1.1    0.3    0.4    0.6    0.7    1.3    0.6    0.4    0.5   12.2   12.3    3.9
   66468.    53406.    50224.    61438.    50778.    50080.    30402.    19731.    21461.    24888.    30092.    30295.    29787.    23275.    19766.    21265.    24235.    21928.    15769.    11496.    26239.   706049.   508506.   422526.
   6.7    7.9    8.9    7.8    7.0    6.4    6.6    5.8    3.4    3.6    3.9    3.9    4.0    4.0    4.1    3.9    4.4    4.7    5.3    4.6    5.0   17.6   39.2   27.7
  399.   411.   417.   406.   398.   392.   386.   381.   389.   400.   408.   409.   397.   391.   391.   390.   389.   382.   377.   372.   371.   675.   673.   671.
   0.8    1.2    2.4   -0.1   -0.9   -0.4   -3.3   -4.3   -3.9   -3.1   -2.6   -4.1   -2.9   -2.9   -2.6   -1.8   -1.6   -1.3   -2.1   -2.6   -2.9  -18.7  -12.1   -9.4
   5.0    5.5    4.8    2.4    0.9    0.1    0.1    0.4    1.9    3.1    4.2    3.5    3.8    4.7    5.9    6.8    7.5    6.8    5.3    5.1    6.9    1.7    0.7   -3.8
 0.032  0.029  0.029  0.024  0.021  0.028  0.038  0.057  0.118  0.105  0.092  0.104  0.113  0.110  0.100  0.099  0.079  0.063  0.076  0.084  0.080  0.080  0.062  0.048
    6254.     3023.     6411.     4636.     3604.     3743.     4532.     1944.     5707.     6578.     2442.     3717.     6457.     1802.     1314.     1723.     3424.     5828.     4950.     2896.    10157.   264067.   587420.    97060.
   0.8    0.7    0.8    1.0    0.5    0.4    0.2    0.3    0.2    0.5    0.4    0.1    0.4    0.3    0.2    0.3    0.2    0.4    0.5    0.3    1.1    6.6   13.9    8.1
    3.     9.     5.     5.     3.     5.     2.     3.     6.     8.     2.     2.     6.     3.     2.     3.     4.     3.     2.     4.     5.    11.    19.     8.
   1.3    0.6    0.8    1.1    1.2    1.0    0.5    0.4    0.2    0.7    1.3    0.3    0.2    0.3    0.2    0.5    0.2    0.6    0.4    0.4    1.9    2.9    2.0    0.9
   0.9    0.7    0.9    1.4    1.2    0.6    0.4    0.5    0.7    0.8    0.5    0.4    0.7    0.5    0.5    0.4    0.4    0.6    0.5    0.5    0.7    2.0    2.5    1.7
 0.004  0.002  0.002  0.003  0.001  0.005  0.015  0.024  0.025  0.066  0.012  0.010  0.013  0.010  0.008  0.012  0.011  0.013  0.011  0.014  0.033  0.031  0.031  0.012
  2.01   2.49   2.88   2.35   2.01   1.83   1.89   1.73   1.26   1.37   1.48   1.54   1.53   1.47   1.47   1.38   1.46   1.43   1.64   1.42   1.52  17.68  37.00  24.83
  -1.04   -1.64   -1.38    0.28    0.96    0.98    0.23   -0.30   -0.89   -1.08   -0.98   -0.33   -0.48   -0.74   -0.86   -1.17   -0.78   -0.27    0.08    0.04    0.41    1.75    2.42    1.14
   2.01    2.70    3.75    3.85    2.36    1.90    1.74    1.37    0.59    0.68    0.79    0.72    0.87    0.93    0.93    0.83    1.03    1.01    1.05    0.92    0.70    1.16    1.70    4.88
   9.9   12.3   14.8   14.2   11.2    9.9    9.9    9.0    6.0    6.5    7.1    6.7    7.2    7.5    7.6    7.1    7.8    7.7    7.9    7.4    6.1    6.2    8.5   15.5
  6.0   6.7   7.2   6.8   6.4   6.1   6.3   6.1   4.9   5.2   5.4   5.3   5.5   5.6   5.7   5.4   5.7   5.6   5.7   5.5   4.8   4.4   5.4   6.8
 0.0121  0.0079  0.0054  0.0059  0.0095  0.0121  0.0121  0.0147  0.0333  0.0278  0.0238  0.0263  0.0228  0.0210  0.0205  0.0234  0.0193  0.0202  0.0191  0.0218  0.0320  0.0311  0.0163  0.0050
  7   7   7  20  20  20  20  20  20  10  10  10  10  10  10   7   7   7  60  60  60  73  73  73
 305  305  305  305  305  305  305  305  305  305  305  305  305  305  305  305  305  305  305  305  305  305  305  305
   -24    -22    -19    -19    -20    -20    -22    -23    -23    -18    -15    -15    -18    -19    -17    -17    -16    -16    -12    -13     13     14     -9    -53
   3    3    3    7    7    7    7    7    7    4    4    4    4    4    4    3    3    3   80   80   80  154  154  154
 276.6  276.6  276.6  276.6  276.6  276.6  276.6  276.6  276.6  276.6  276.6  276.6  276.6  276.6  276.6  276.6  276.6  276.6  276.6  276.6  276.6  276.6  276.6  276.6
   35    41    41    59   150   284   314   170    70   106    72    79    74    97    97    39    28    41   107   159   737  1207  1753  1406
   -27    -28    -27    -26    -55   -153   -233    -70    -44    -63    -43    -37    -52    -89    -87    -36    -25    -33    -68    -87   -497   -745  -1244   -851
     7     13     14     34     95    131     81    100     26     43     29     41     22      8     10      2      3      8     39     72    240    462    509    556
  -0.0    0.2    0.6    1.0    1.7    3.5    2.2    1.0    0.3    0.2    0.3    0.6    2.1    1.2    1.4    1.7    0.9    1.4    2.1    1.7    3.2    2.5    0.0    4.2
 0.009866  0.009866  0.009866  0.009866  0.009866  0.009866  0.009866  0.009866  0.009866  0.009866  0.009866  0.009866  0.009866  0.009866  0.009866  0.009866  0.009866  0.009866  0.009866  0.009866  0.009866  0.009866  0.009866  0.009866
1000000.00 1000000.00 1000000.00 1000000.00 1000000.00 1000000.00 1000000.00 1000000.00 1000000.00 1000000.00 1000000.00 1000000.00 1000000.00 1000000.00 1000000.00 1000000.00 1000000.00 1000000.00 1000000.00 1000000.00 1000000.00 1000000.00 1000000.00 1000000.00
 99999.99  99999.99  99999.99  99999.99  99999.99  99999.99  99999.99  99999.99  99999.99  99999.99  99999.99  99999.99  99999.99  99999.99  99999.99  99999.99  99999.99  99999.99  99999.99  99999.99  99999.99  99999.99  99999.99  99999.99
 99999.99  99999.99  99999.99  99999.99  99999.99  99999.99  99999.99  99999.99  99999.99  99999.99  99999.99  99999.99  99999.99  99999.99  99999.99  99999.99  99999.99  99999.99  99999.99  99999.99  99999.99  99999.99  99999.99  99999.99
 99999.99  99999.99  99999.99  99999.99  99999.99  99999.99  99999.99  99999.99  99999.99  99999.99  99999.99  99999.99  99999.99  99999.99  99999.99  99999.99  99999.99  99999.99  99999.99  99999.99  99999.99  99999.99  99999.99  99999.99
 99999.99  99999.99  99999.99  99999.99  99999.99  99999.99  99999.99  99999.99  99999.99  99999.99  99999.99  99999.99  99999.99  99999.99  99999.99  99999.99  99999.99  99999.99  99999.99  99999.99  99999.99  99999.99  99999.99  99999.99
 99999.99  99999.99  99999.99  99999.99  99999.99  99999.99  99999.99  99999.99  99999.99  99999.99  99999.99  99999.99  99999.99  99999.99  99999.99  99999.99  99999.99  99999.99  99999.99  99999.99  99999.99  99999.99  99999.99  99999.99
  0   0   0   0   0   0   0   0   0   0   0   0   0   0   0   0   0   0   0   0   0   0   0   0
