2005 2005 2005 2005 2005 2005 2005 2005 2005 2005 2005 2005 2005 2005 2005 2005 2005 2005 2005 2005 2005 2005 2005 2005
 254 254 254 254 254 254 254 254 254 254 254 254 254 254 254 254 254 254 254 254 254 254 254 254
  0   1   2   3   4   5   6   7   8   9  10  11  12  13  14  15  16  17  18  19  20  21  22  23
 2349  2349  2349  2349  2349  2349  2349  2349  2349  2349  2349  2349  2349  2349  2349  2349  2349  2349  2349  2349  2349  2349  2349  2349
 51  51  51  51  51  51  51  51  51  51  51  51  51  51  51  51  51  51  51  51  51  51  51  51
 52  52  52  52  52  52  52  52  52  52  52  52  52  52  52  52  52  52  52  52  52  52  52  52
  60   67   60   59   61   60   60   60   60   60   60   59   60   60   59   60   57   59   60   60   60   60   61   57
  36   36   28   30   36   38   37   36   33   37   34   37   38   35   37   36   34   32   35   34   33   37   39   34
   5.6   14.5   15.3   18.4   12.0   16.6   16.2   17.8   16.8   15.8   14.9   13.9   12.0   10.9   10.2    8.9    8.2    8.1    8.0    8.0    7.9    7.3    7.4    7.3
   3.9   11.8   12.6   16.6    8.9   11.8   16.0   17.6   16.5   15.5   14.8   13.9   11.7   10.4    9.2    7.9    8.0    7.7    7.7    7.6    7.5    6.8    7.0    7.1
  -5.8    3.6   -9.1  -18.5  -20.1   -3.9   -0.6   -2.2   -7.5  -10.2  -11.1  -13.8  -14.9  -12.3   17.1  -10.3  -23.0  -10.5  -18.8  -28.6  -23.7   -5.4  -31.6  -15.4
 342.8  296.8  304.0  315.5  304.3  304.6    1.0   11.0    4.2    2.6    5.9    8.1    9.6    8.1   19.9    2.8    3.7  345.9    4.1  355.7  355.5    8.6  358.1    2.2
   3.7    5.3    7.0   11.2    4.7    6.7   16.0   17.3   16.3   15.3   14.4   13.3   11.1   10.1    8.3    7.7    7.3    7.3    7.3    6.7    6.8    6.7    6.0    6.8
  -1.1  -10.5  -10.3  -11.0   -6.9   -9.7    0.3    3.4    1.2    0.7    1.5    1.9    1.9    1.4    3.0    0.4    0.5   -1.8    0.5   -0.5   -0.5    1.0   -0.2    0.3
  -0.4    0.7   -2.0   -5.3   -3.1   -0.8   -0.2   -0.7   -2.1   -2.8   -2.8   -3.3   -3.0   -2.2    2.7   -1.4   -3.1   -1.4   -2.5   -3.7   -3.0   -0.6   -3.7   -1.9
  -1.2   -9.9  -10.4  -12.1   -7.6   -9.1    0.2    2.6   -0.1   -0.9   -0.3   -0.2    0.0    0.1    3.9   -0.3   -0.8   -2.2   -0.3   -1.5   -1.2    0.8   -1.0   -0.1
  -0.1    3.5    1.2   -1.3   -0.2    3.4   -0.3   -2.3   -2.4   -2.7   -3.2   -3.8   -3.6   -2.6    0.9   -1.4   -3.0   -0.7   -2.5   -3.4   -2.8   -0.8   -3.6   -1.9
   0.5    6.0    3.1    1.1    3.0    3.3    1.1    0.2    0.3    0.3    0.4    0.4    0.6    0.4    0.3    0.4    0.2    0.2    0.1    0.0    0.1    0.2    0.2    0.1
   3.7    9.2    8.3    7.5    8.3   11.5    2.6    2.3    2.6    3.0    1.8    1.2    2.7    3.2    4.3    4.1    1.8    2.2    1.7    2.1    2.2    2.3    2.2    1.9
   2.1    3.6    4.4    4.5    3.3    6.1    1.1    0.5    0.3    0.6    0.4    0.5    1.1    0.5    1.5    0.7    0.5    0.6    0.5    1.0    0.6    0.6    0.9    0.5
   2.7    5.2    4.5    2.2    4.9    6.3    1.8    1.6    2.0    1.5    0.6    0.8    1.1    1.0    1.2    1.8    1.3    1.7    1.3    1.0    1.4    1.7    1.7    1.3
   1.5    6.6    5.5    5.6    5.8    7.4    1.6    1.6    1.6    2.5    1.7    0.7    2.2    3.0    3.8    3.6    1.1    1.3    1.0    1.5    1.6    1.5    1.2    1.2
  267628.  1431782.  1861455.  1628361.  1520878.   827079.   119315.   150069.   105005.    69530.    47252.    54109.    69341.   163632.   162655.   106445.    76870.    65467.    48265.    40622.    45634.    96096.    69026.    53913.
   2.5    7.9   10.0    8.4   10.3   10.5    4.2    2.3    1.8    2.1    1.2    0.9    1.5    0.8    0.6    0.7    0.7    0.6    0.6    0.5    0.6    0.8    0.9    0.5
  747.   976.  1055.  1015.  1045.  1085.  1127.  1105.  1087.  1078.  1046.  1014.  1002.   967.   950.   934.   922.   891.   875.   870.   844.   836.   842.   805.
   1.6   -4.6   -4.6   -3.6   -3.4   -2.6    0.4    0.4    1.0    0.4   -0.4   -1.1    0.2    1.2    1.6    2.5    3.8    2.0    5.0    4.4    5.1    8.0    6.8    7.5
  -2.7   -2.6   -1.6   -1.1    0.2    0.8   -0.8    0.3    0.9    0.4    1.7    1.0    2.0    1.4   -0.6   -0.0   -1.2    1.7    0.2   -0.7    1.3    2.9    0.8    3.9
 0.043  0.043  0.094  0.443  9.999  9.999  9.999  9.999  9.999  9.999  9.999  0.030  0.030  0.030  9.999  9.999  0.043  0.038  0.037  0.044  0.051  0.050  0.054  0.073
   47842.   676173.   207306.   271033.   118193.   420906.    44634.    19578.    57128.    31666.    13343.    38627.    32038.    73256.    46981.    31669.    18713.    21257.    13037.    13683.    13404.    37220.    32909.    31768.
   0.2    3.8    0.6    0.9    0.9    3.8    0.8    0.4    0.7    1.1    0.5    0.2    1.5    0.3    0.1    0.1    0.1    0.1    0.0    0.1    0.1    0.1    0.3    0.0
   29.   130.    16.    27.    13.    31.     7.    12.     7.    19.    18.    14.    13.    18.    13.    10.     9.    14.    13.    27.    11.    17.    13.    15.
   2.0    2.4    0.6    0.6    0.5    2.6    0.3    0.4    0.9    0.7    0.5    0.5    0.6    0.7    1.4    0.8    1.6    2.0    2.0    1.2    1.6    2.1    2.1    2.1
   1.4    2.2    1.1    1.0    0.9    1.3    0.4    0.8    0.7    1.1    0.8    0.5    0.7    1.1    2.8    1.5    0.8    1.3    1.3    2.2    2.0    1.7    1.3    2.2
 0.006  0.006  0.064  0.030  9.999  9.999  9.999  9.999  9.999  9.999  9.999  0.000  0.000  0.001  9.999  9.999  0.009  0.009  0.003  0.006  0.006  0.016  0.009  0.013
  2.73  14.73  25.58  40.06  22.50  24.72  10.67   5.62   4.25   4.88   2.63   1.73   2.82   1.40   1.08   1.22   1.16   0.92   0.88   0.74   0.86   1.12   1.30   0.70
   0.07   -3.42   -1.27    1.32    0.21   -3.69    0.34    2.54    2.61    2.91    3.35    3.85    3.61    2.51   -0.85    1.31    2.77    0.62    2.19    2.96    2.36    0.67    3.03    1.53
   1.31    2.44    3.54    1.81    4.91    1.51    0.16    0.08    0.06    0.07    0.04    0.04    0.09    0.08    0.07    0.09    0.09    0.07    0.07    0.05    0.07    0.14    0.13    0.07
  10.5    9.5   10.9    8.0   14.0   10.6    7.1    4.7    4.3    4.9    3.8    3.5    5.1    4.0    3.6    4.4    4.7    4.3    4.2    3.8    4.1    5.1    5.4    3.9
  7.2   5.4   5.4   5.0   6.1   7.0   6.7   4.5   4.2   4.8   3.8   3.4   4.9   3.8   3.5   4.2   4.5   4.1   4.1   3.8   4.0   4.8   5.1   3.8
 0.0107  0.0133  0.0100  0.0186  0.0061  0.0106  0.0234  0.0537  0.0631  0.0487  0.0804  0.0993  0.0455  0.0756  0.0914  0.0617  0.0538  0.0655  0.0663  0.0805  0.0695  0.0453  0.0408  0.0782
 63  63  63  70  70  70  77  77  77  63  63  63  70  70  70  53  53  53  60  60  60  47  47  47
  58   58   58   58   58   58   58   58   58   58   58   58   58   58   58   58   58   58   58   58   58   58   58   58
   -59    -23    -10    -30    -41    -55    -96   -119   -119   -127   -139   -120   -108   -107   -101    -97    -88    -86    -87    -88    -82    -77    -77    -80
  94   94   94  132  132  132  179  179  179   94   94   94  132  132  132   56   56   56   80   80   80   39   39   39
 111.1  111.1  111.1  111.1  111.1  111.1  111.1  111.1  111.1  111.1  111.1  111.1  111.1  111.1  111.1  111.1  111.1  111.1  111.1  111.1  111.1  111.1  111.1  111.1
 1071  1343  1108  1383  1013   675  1320   901   897   892   917  1349  1184   924   933   744   299   697   908   754   924   864   506   670
  -768  -1117   -721   -669   -440   -355   -866   -463   -728   -708   -695   -982   -783   -581   -566   -402   -131   -420   -608   -460   -663   -631   -377   -514
   303    226    386    713    573    320    454    438    169    184    222    367    401    343    367    342    168    277    299    293    261    233    129    155
   6.2    8.0    2.8    5.0    8.1    3.2   11.6   10.3   10.6    8.9    8.0    8.6    8.6    5.7    5.3    2.8    1.3    3.5    4.6    4.1    5.2    6.6    3.8    5.1
 0.006661  0.006661  0.006661  0.006661  0.006661  0.006661  0.006661  0.006661  0.006661  0.006661  0.006661  0.006661  0.006661  0.006661  0.006661  0.006661  0.006661  0.006661  0.006661  0.006661  0.006661  0.006661  0.006661  0.006661
1000000.00 1000000.00 1000000.00 1000000.00 1000000.00 1000000.00 1000000.00   12200.00   11600.00   10400.00    9860.00    9970.00    8250.00    7060.00    8340.00    7560.00    7150.00    6370.00    6100.00    5880.00    5600.00    5600.00    5450.00    4840.00
 99999.99  99999.99  99999.99  99999.99  99999.99  99999.99  99999.99   6880.00   6640.00   6000.00   5610.00   5480.00   4480.00   3490.00   4030.00   3740.00   3440.00   3150.00   2970.00   2800.00   2680.00   2640.00   2580.00   2290.00
 99999.99  99999.99  99999.99  99999.99  99999.99  99999.99  99999.99   2610.00   2530.00   2170.00   2040.00   1930.00   1530.00   1220.00   1380.00   1320.00   1230.00   1140.00   1060.00    979.00    922.00    939.00    910.00    861.00
 99999.99  99999.99  99999.99  99999.99  99999.99  99999.99  99999.99    505.00    479.00    401.00    387.00    364.00    303.00    254.00    264.00    271.00    253.00    231.00    211.00    200.00    189.00    188.00    181.00    174.00
 99999.99  99999.99  99999.99  99999.99  99999.99  99999.99  99999.99     34.10     31.90     27.20     26.20     24.80     21.10     19.50     19.40     20.50     19.20     18.00     17.00     16.40     15.50     15.20     14.80     15.20
 99999.99  99999.99  99999.99  99999.99  99999.99  99999.99  99999.99     13.20     12.50     11.20     10.60     10.30      8.85      8.43      8.82      9.18      8.52      8.33      7.90      7.61      7.28      7.14      6.95      6.94
  0   0   0   0   0   0   0  -1  -1  -1  -1  -1  -1  -1  -1  -1  -1  -1  -1  -1  -1  -1  -1  -1
