2011 2011 2011 2011 2011 2011 2011 2011 2011 2011 2011 2011 2011 2011 2011 2011 2011 2011 2011 2011 2011 2011 2011 2011
 271 271 271 271 271 271 271 271 271 271 271 271 271 271 271 271 271 271 271 271 271 271 271 271
  0   1   2   3   4   5   6   7   8   9  10  11  12  13  14  15  16  17  18  19  20  21  22  23
 2431  2431  2431  2431  2431  2431  2431  2431  2431  2431  2431  2431  2431  2431  2431  2431  2431  2431  2431  2431  2431  2431  2431  2431
 51  51  51  51  51  51  51  51  51  51  51  51  51  51  51  51  51  51  51  51  71  71  71  71
 52  52  52  52  52  52  52  52  52  52  52  52  52  52  52  52  52  52  52  52  71  71  71  71
  58   61   59   60   60   60   61   58   59   58   38   22   60   58   59   59   59   56   58    9   15   15   14   16
  34   38   36   37   37   36   38   32   36   35   22   12   37   36   35   37   36   32   33    4   15   14   14   16
   4.5    3.0    3.2    4.4    4.7    6.4    6.2    4.6    5.8    5.3    4.4    4.8    4.7    4.3    4.2    3.5    3.3    4.3    4.3    4.3    4.2    4.2    5.4    5.9
   4.1    2.3    2.9    4.1    4.1    5.8    2.7    4.3    5.8    5.3    4.2    4.6    4.5    4.1    4.1    2.8    2.8    4.1    4.2    4.0    4.1    3.8    4.7    4.0
 -29.0  -27.8  -55.9  -57.0  -35.1   -4.9  -34.5  -75.6  -52.0  -49.2  -48.5  -32.7  -51.9  -58.8  -44.3  -32.3  -30.1  -29.2  -21.4  -12.3  -20.8  -12.6    6.0   40.7
 162.7  139.9   58.8   90.9  124.9  128.2  120.5  215.8  188.4  179.2  180.5  174.2  188.8  195.8  172.3  176.3  232.2  226.7  212.2  217.6  231.6  217.2  123.3  178.7
  -3.4   -1.5    0.8    0.0   -1.9   -3.6   -1.1   -0.9   -3.5   -3.5   -2.8   -3.9   -2.7   -2.0   -2.9   -2.4   -1.5   -2.5   -3.3   -3.1   -2.4   -2.9   -2.6   -3.0
   1.1    1.3    1.4    2.2    2.7    4.6    1.9   -0.6   -0.5    0.0    0.0    0.4   -0.4   -0.6    0.4    0.2   -1.9   -2.6   -2.1   -2.4   -3.0   -2.2    3.9    0.1
  -2.0   -1.1   -2.4   -3.5   -2.3   -0.5   -1.5   -4.1   -4.5   -4.0   -3.2   -2.5   -3.5   -3.5   -2.9   -1.5   -1.4   -2.0   -1.5   -0.8   -1.5   -0.8    0.5    2.6
   0.6    0.9    0.6    0.8    1.6    3.9    1.0   -2.6   -2.8   -2.2   -1.8   -1.0   -2.2   -2.3   -1.0   -0.5   -2.3   -3.1   -2.5   -2.5   -3.3   -2.3    3.9    0.7
  -2.2   -1.4   -2.7   -4.0   -3.2   -2.4   -2.2   -3.2   -3.6   -3.4   -2.7   -2.3   -2.8   -2.7   -2.7   -1.4   -0.5   -0.9   -0.7   -0.1   -0.7   -0.2   -0.4    2.5
   0.5    0.7    0.8    0.8    1.7    0.6    0.4    0.6    0.2    0.6    0.3    0.1    0.2    0.2    0.3    1.1    1.6    0.1    0.1    0.0    0.0    0.2    0.3    0.2
   1.8    2.0    1.4    1.5    2.8    2.7    5.5    1.8    0.7    0.9    1.3    1.1    1.5    1.2    1.0    2.1    2.3    1.2    0.5    1.6    0.6    1.5    1.9    3.9
   0.9    1.1    0.7    0.8    1.8    1.1    3.3    1.5    0.6    0.7    0.4    0.3    0.8    0.8    0.5    1.3    0.9    0.9    0.2    0.2    0.2    0.7    0.9    1.2
   0.8    0.9    0.6    0.8    1.6    1.6    3.9    0.8    0.3    0.4    1.2    1.0    0.6    0.7    0.7    1.4    1.9    0.7    0.4    0.7    0.2    1.0    1.2    3.3
   1.3    1.4    1.1    1.0    1.4    1.8    2.1    0.7    0.3    0.2    0.4    0.2    1.0    0.6    0.3    1.0    0.9    0.4    0.4    1.4    0.5    0.9    1.2    1.7
   65998.    62899.    34985.    30541.    37983.    26991.    20887.    24866.    14720.    14889.    16545.    21661.    18162.    15220.    12076.    70490.    94597.    52973.    38131.    37669.   138193.   144482.    56929.    54116.
   8.2   11.0   10.9   15.9   16.8   10.0    8.1    9.5    6.2    6.9    7.7    4.3    4.4    6.9    6.3    2.9    2.5    1.9    1.8    1.8  999.9  999.9  999.9  999.9
  519.   518.   514.   507.   507.   511.   512.   514.   507.   500.   495.   485.   490.   484.   471.   469.   462.   445.   433.   443.   472.   467.   469.   467.
   1.3    2.1    3.1    2.1    0.9   -0.1   -0.1    0.6    1.0    1.9    1.6    2.8    1.7    0.5    0.7    1.0    1.9    2.8    4.0    3.9   -1.5   -2.2   -7.6   -3.1
   0.9   -1.1   -1.1   -1.2   -0.2    1.0    1.2    0.6    1.4    1.9    1.4    3.3    3.2    1.3    1.7    1.5    2.0    2.7    2.1    1.3   -2.6   -2.7   -0.5   -5.5
 0.074  0.073  0.119  0.131  0.090  0.091  0.091  0.086  0.078  0.074  0.082  0.072  0.072  0.087  0.094  0.063  0.039  0.037  0.037  0.037  9.999  9.999  9.999  9.999
   17679.     7807.    10395.     6137.     8176.     7321.     5005.     4971.     3667.     3083.     3392.     2453.     5211.     3682.     2280.    36737.    18223.    18209.     4299.     1057.    22043.    27619.    20237.    17717.
   0.9    1.3    1.3    2.4    4.6    2.5    2.7    0.9    1.1    1.5    0.9    0.5    1.0    1.2    1.7    0.3    0.8    0.2    0.1    0.0  999.9  999.9  999.9  999.9
    9.     5.     6.     3.     9.     5.     6.     2.     2.     3.     4.     1.     4.     5.     3.     5.     4.    12.     4.     3.     7.     7.     9.    12.
   0.7    0.4    0.3    0.3    0.8    0.6    0.8    0.1    0.3    0.3    0.2    0.5    0.5    0.3    0.4    1.1    2.3    0.8    0.9    1.4    1.5    1.8    0.7    3.6
   0.6    0.7    0.3    0.6    0.8    0.5    0.9    0.3    0.4    0.3    0.6    0.2    1.0    0.4    0.4    0.8    0.5    0.6    0.8    3.0    0.4    0.7    1.5    2.0
 0.026  0.011  0.018  0.016  0.015  0.019  0.014  0.012  0.012  0.014  0.011  0.014  0.016  0.014  0.011  0.020  0.007  0.003  0.002  0.001  9.999  9.999  9.999  9.999
  4.78   6.37   7.10  10.40   9.81   5.95   4.84   5.63   3.49   3.73   4.18   2.18   2.27   3.64   3.21   1.33   1.03   0.72   0.65   0.68  99.99  99.99  99.99  99.99
   1.14    0.73    1.39    2.03    1.62    1.23    1.13    1.64    1.83    1.70    1.34    1.12    1.37    1.31    1.27    0.66    0.23    0.40    0.30    0.04    0.33    0.09    0.19   -1.17
   3.27    9.72    7.23    5.43    5.26    1.58    1.31    2.86    1.10    1.46    2.40    1.16    1.21    2.23    2.09    1.96    2.13    0.78    0.67    0.67  999.99  999.99  999.99  999.99
  16.5   28.6   26.5   23.0   22.1   12.6   11.8   17.2   10.9   12.4   15.6   10.5   10.9   14.8   14.1   11.4   11.1    7.1    6.8    6.9  999.9  999.9  999.9  999.9
  8.4   9.3   9.9   9.6   9.4   8.2   8.1   9.2   7.8   8.2   8.9   7.4   7.6   8.6   8.4   7.0   6.6   5.5   5.4   5.5  99.9  99.9  99.9  99.9
 0.0044  0.0015  0.0017  0.0023  0.0024  0.0075  0.0086  0.0040  0.0100  0.0077  0.0049  0.0108  0.0099  0.0054  0.0060  0.0091  0.0097  0.0234  0.0261  0.0249  9.9999  9.9999  9.9999  9.9999
 43  43  43  47  47  47  43  43  43  23  23  23  37  37  37  30  30  30  17  17  17  13  13  13
 109  109  109  109  109  109  109  109  109  109  109  109  109  109  109  109  109  109  109  109  109  109  109  109
   -32    -42    -42    -34    -45    -56    -68    -63    -57    -53    -58    -54    -54    -55    -54    -49    -46    -45    -45    -41    -36    -36    -36    -36
  32   32   32   39   39   39   32   32   32    9    9    9   22   22   22   15   15   15    6    6    6    5    5    5
 134.0  134.0  134.0  134.0  134.0  134.0  134.0  134.0  134.0  134.0  134.0  134.0  134.0  134.0  134.0  134.0  134.0  134.0  134.0  134.0  134.0  134.0  134.0  134.0
  411   268   647   617   539   581   551   676   806   702   486   356   355   487   405   306   172   127   161   105   123   143    89    55
  -305   -179   -480   -446   -433   -365   -289   -428   -513   -393   -220   -162   -263   -385   -250   -183   -125   -104   -120    -70    -83    -96    -47    -24
   106     89    167    170    106    217    263    249    293    310    266    194     92    102    155    124     47     23     41     36     40     46     42     31
   2.2    2.1    4.1    5.4    3.8    4.0    3.5    3.1    4.6    4.1    2.1    2.0    2.3    2.3    2.2    1.9    1.5    1.5    1.1    1.1    1.2    1.3    0.6    0.4
 0.007703  0.007703  0.007703  0.007703  0.007703  0.007703  0.007703  0.007703  0.007703  0.007703  0.007703  0.007703  0.007703  0.007703  0.007703  0.007703  0.007703  0.007703  0.007703  0.007703  0.007703  0.007703  0.007703  0.007703
1000000.00 1000000.00 1000000.00 1000000.00 1000000.00 1000000.00 1000000.00 1000000.00 1000000.00 1000000.00 1000000.00 1000000.00 1000000.00 1000000.00 1000000.00 1000000.00 1000000.00 1000000.00 1000000.00 1000000.00 1000000.00 1000000.00 1000000.00 1000000.00
 99999.99  99999.99  99999.99  99999.99  99999.99  99999.99  99999.99  99999.99  99999.99  99999.99  99999.99  99999.99  99999.99  99999.99  99999.99  99999.99  99999.99  99999.99  99999.99  99999.99  99999.99  99999.99  99999.99  99999.99
 99999.99  99999.99  99999.99  99999.99  99999.99  99999.99  99999.99  99999.99  99999.99  99999.99  99999.99  99999.99  99999.99  99999.99  99999.99  99999.99  99999.99  99999.99  99999.99  99999.99  99999.99  99999.99  99999.99  99999.99
     4.10      3.56      3.28      2.65      2.42      2.04      1.69      1.60      1.47      1.31      1.82      2.01      1.78      1.40      1.20      1.82      1.86      2.18      2.55      1.90      1.88      1.93      2.11      2.15
     0.16      0.17      0.17      0.15      0.16      0.15      0.13      0.13      0.14      0.12      0.15      0.14      0.13      0.13      0.12      0.13      0.15      0.17      0.15      0.14      0.15      0.14      0.19      0.18
     0.05      0.05      0.05      0.05      0.05      0.05      0.05      0.05      0.06      0.05      0.05      0.05      0.05      0.05      0.05      0.05      0.06      0.06      0.05      0.06      0.06      0.05      0.07      0.07
 -1  -1  -1  -1  -1  -1  -1  -1  -1  -1  -1  -1  -1  -1  -1  -1  -1  -1  -1  -1  -1  -1  -1  -1
