2004 2004 2004 2004 2004 2004 2004 2004 2004 2004 2004 2004 2004 2004 2004 2004 2004 2004 2004 2004 2004 2004 2004 2004
 208 208 208 208 208 208 208 208 208 208 208 208 208 208 208 208 208 208 208 208 208 208 208 208
  0   1   2   3   4   5   6   7   8   9  10  11  12  13  14  15  16  17  18  19  20  21  22  23
 2334  2334  2334  2334  2334  2334  2334  2334  2334  2334  2334  2334  2334  2334  2334  2334  2334  2334  2334  2334  2334  2334  2334  2334
 51  51  51  51  51  51  51  51  51  51  51  51  51  51  51  51  51  51  51  51  51  51  51  51
 52  52  52  52  52  52  52  52  52  52  52  52  52  52  52  52  52  52  52  52  52  52  52  52
  60   58   59   58   63   58   60   62   59   59   59   61   59   58   59   63   61   56   58   63   58   61   68   70
  36   36   36   36   33   36   36   38   26   16   32   37   37   34   37   39   37   35   36   32   33   37   42   34
   9.2    8.1    7.8    6.8    5.6    4.9    4.1    3.9    3.8    3.1    3.5    4.0    3.9    4.1    3.7    3.5    4.2    4.0    4.7    5.3    5.0    4.7    4.2   16.7
   9.1    8.0    7.8    6.5    4.5    4.8    3.9    2.4    3.5    2.7    3.0    3.7    3.9    3.7    3.2    3.3    4.1    2.8    1.4    4.3    2.9    3.8    1.5   13.8
 -53.1  -25.4  -11.6   16.8   20.5   30.1   30.2   72.9   32.5    4.8   29.1   42.5   41.6   63.7   48.4   37.0   34.3  -11.6   -1.0    3.1   17.9   47.3  -37.6  -42.7
 203.3  239.0  256.8  282.0  260.4  287.3  290.9    2.2   96.8   79.6  350.6  346.5   10.5   42.8  149.6  129.4   57.6  354.3  325.2  307.4  288.9   50.8  322.1  282.9
  -5.0   -3.7   -1.7    1.3   -0.7    1.2    1.2    0.7   -0.4    0.5    2.6    2.7    2.9    1.2   -1.9   -1.7    1.8    2.7    1.2    2.6    0.9    1.6    0.9    2.3
  -2.2   -6.2   -7.4   -6.1   -4.2   -3.9   -3.2    0.0    2.9    2.7   -0.4   -0.6    0.5    1.1    1.1    2.0    2.8   -0.3   -0.8   -3.4   -2.6    2.0   -0.7   -9.9
  -7.3   -3.4   -1.6    1.9    1.6    2.4    2.0    2.3    1.9    0.2    1.4    2.5    2.6    3.3    2.4    2.0    2.3   -0.6    0.0    0.2    0.9    2.8   -0.9   -9.4
  -2.7   -6.5   -7.5   -5.7   -3.8   -3.1   -2.4    0.8    3.4    2.6    0.2    0.5    1.5    2.3    1.9    2.5    3.3   -0.4   -0.8   -3.4   -2.5    2.2   -0.7  -10.4
  -7.1   -2.8   -0.6    2.9    2.5    3.3    2.9    2.2    0.7   -0.9    1.4    2.5    2.2    2.6    1.9    1.3    1.5   -0.5    0.1    0.6    1.1    2.7   -0.9   -8.9
   0.4    0.5    0.4    0.2    0.7    0.9    0.5    0.5    0.8    0.7    0.2    0.2    0.0    0.2    0.4    0.1    0.3    0.4    0.6    0.4    0.4    0.4    4.5    5.4
   1.1    1.4    0.9    1.9    3.3    1.2    1.2    3.0    1.6    1.5    1.7    1.3    0.6    1.7    1.7    1.2    1.0    2.8    4.4    2.9    3.9    2.6    5.4   10.2
   0.5    0.6    0.4    1.3    1.9    0.5    0.7    0.9    0.4    0.8    1.0    0.7    0.3    1.2    1.2    1.1    0.8    0.9    1.9    1.6    1.5    0.8    0.9    4.5
   0.7    0.8    0.3    0.7    2.0    0.9    0.8    2.7    0.9    0.8    1.0    1.0    0.3    0.9    0.7    0.5    0.2    2.1    3.5    1.0    3.2    2.3    4.4    6.7
   0.6    0.9    0.7    1.1    1.8    0.6    0.6    1.1    1.2    1.1    1.0    0.4    0.4    0.6    1.0    0.2    0.7    1.6    1.8    2.2    1.6    1.0    3.1    6.2
   43532.    77264.    79421.    85981.   160509.   256697.   200586.   135339.    85625.   101447.    79306.    50341.    48320.    55722.    81548.   114955.   113329.   104527.   104415.    82029.   116587.   159777.   306602.  1954360.
   4.0    4.9    3.4    4.3    1.8    1.5    1.6    2.1    3.2    2.1    1.8    1.6    1.4    1.3    1.2    1.1    1.7    2.2    2.5    1.5    1.8    1.8    3.9    4.8
  693.   680.   662.   654.   639.   656.   641.   655.   670.   658.   661.   661.   661.   641.   606.   607.   642.   610.   598.   583.   600.   595.   654.   897.
   1.4    1.7    2.5    2.0    0.9   -1.9   -2.1   -1.8   -1.7   -3.1    0.6    1.3   -0.2   -1.3   -1.7   -3.6   -2.7   -1.5   -3.7   -4.4   -2.3    3.3    0.5   -2.1
   0.5    1.7    1.7    1.4    0.9    0.5    1.1    0.8   -0.5    1.2   -1.5   -2.2   -2.4   -2.6   -2.6   -3.5   -3.9   -3.5   -1.8    1.0    3.4    6.8    2.3    3.6
 0.093  0.053  0.054  0.065  0.048  0.034  0.043  0.049  0.043  0.056  0.063  0.058  0.069  0.071  0.061  0.076  0.081  0.050  0.046  0.024  0.022  0.028  0.026  0.026
    6239.    20202.    12596.    14830.    66371.    67899.    28429.    42249.    12998.    19576.    20848.     6824.     8209.    12859.    25122.    21320.    28340.    20057.    21811.    27292.    34348.    37673.   475914.  1258500.
   1.0    1.9    0.9    0.8    0.8    0.5    0.3    0.5    0.4    0.2    0.3    0.4    0.1    0.1    0.1    0.1    0.4    0.9    1.0    0.4    0.3    0.2    1.2    1.8
    3.     5.     3.    10.    21.     8.     5.    12.     4.     6.    12.     8.     5.    16.    15.    11.     8.    19.    10.    17.    18.    11.   117.   136.
   0.3    0.8    0.7    0.5    1.5    1.0    0.5    0.9    0.4    0.7    1.4    1.2    0.6    1.3    0.7    0.7    0.6    0.8    1.0    1.1    4.1    2.7    2.4    2.8
   0.3    0.3    0.3    0.5    2.0    0.8    0.7    0.9    0.3    1.4    0.9    0.8    0.6    0.9    0.8    0.6    0.7    0.8    1.2    2.7    2.6    1.1    1.8    3.0
 0.013  0.011  0.005  0.005  0.016  0.007  0.009  0.011  0.004  0.006  0.008  0.012  0.006  0.009  0.013  0.009  0.011  0.017  0.016  0.005  0.007  0.004  0.005  0.005
  4.40   4.59   3.03   3.87   1.46   1.22   1.29   1.80   2.81   1.86   1.64   1.44   1.30   1.15   0.92   0.88   1.55   1.64   1.77   0.93   1.18   1.18   3.08   7.12
   4.92    1.90    0.40   -1.90   -1.60   -2.16   -1.86   -1.44   -0.47    0.59   -0.93   -1.65   -1.45   -1.67   -1.15   -0.79   -0.96    0.30   -0.06   -0.35   -0.66   -1.61    0.59    7.98
   0.34    0.64    0.48    0.83    0.69    1.00    1.30    1.51    1.97    2.09    1.27    0.74    0.68    0.59    0.77    0.91    0.97    1.33    1.10    0.47    0.73    0.98    4.00    1.49
   7.5    9.3    7.8   10.0    7.7    8.2    9.9   12.2   15.8   15.4   12.7   10.5   10.0    8.9    9.0    9.1   10.0   11.3   10.1    6.7    8.0    8.5   15.4    5.9
  6.6   7.5   6.6   7.6   6.1   6.0   6.8   8.0   9.6   9.2   8.7   8.2   8.0   7.2   7.0   6.8   7.4   7.7   7.2   5.7   6.3   6.3   7.3   3.9
 0.0210  0.0138  0.0194  0.0120  0.0203  0.0177  0.0122  0.0080  0.0048  0.0050  0.0074  0.0109  0.0118  0.0150  0.0148  0.0144  0.0120  0.0093  0.0118  0.0262  0.0184  0.0165  0.0050  0.0344
 73  73  73  37  37  37  17  17  17  20  20  20  13  13  13  20  20  20  37  37  37  73  73  73
 105  105  105  105  105  105  105  105  105  105  105  105  105  105  105  105  105  105  105  105  105  105  105  105
   -91    -94    -86    -76    -81    -77    -74    -69    -62    -62    -57    -54    -53    -52    -54    -55    -49    -48    -49    -52    -49    -42    -24    -47
 154  154  154   22   22   22    6    6    6    7    7    7    5    5    5    7    7    7   22   22   22  154  154  154
 132.0  132.0  132.0  132.0  132.0  132.0  132.0  132.0  132.0  132.0  132.0  132.0  132.0  132.0  132.0  132.0  132.0  132.0  132.0  132.0  132.0  132.0  132.0  132.0
 1420  1032   782   364   131    94    56    54    94   300   346    97    50    46    51    45   100   172   244   260   358   195   323  1327
 -1154   -783   -538   -243    -73    -56    -45    -31    -35   -142   -227    -58    -12    -26    -33    -26    -66   -124   -180   -190   -225   -104   -167  -1029
   266    249    243    121     58     38     11     23     59    158    119     38     38     20     18     18     33     48     64     70    133     91    156    298
  10.9    5.7    4.7    3.8    0.3   -0.4   -0.5    0.3    1.9    2.1    2.3    0.9    1.2    0.3   -0.1   -0.7   -1.8    0.3    1.0    1.7    2.0    0.4    2.0    9.2
 0.007164  0.007164  0.007164  0.007164  0.007164  0.007164  0.007164  0.007164  0.007164  0.007164  0.007164  0.007164  0.007164  0.007164  0.007164  0.007164  0.007164  0.007164  0.007164  0.007164  0.007164  0.007164  0.007164  0.007164
    655.00     298.00     287.00     254.00 1000000.00 1000000.00 1000000.00 1000000.00 1000000.00 1000000.00 1000000.00 1000000.00 1000000.00 1000000.00 1000000.00 1000000.00    2260.00    3590.00    4130.00    6290.00    7360.00    9140.00   17200.00   23800.00
   416.00    209.00    211.00    198.00  99999.99  99999.99  99999.99  99999.99  99999.99  99999.99  99999.99  99999.99  99999.99  99999.99  99999.99  99999.99   1340.00   2150.00   2620.00   4210.00   4870.00   6200.00   9740.00  10200.00
   155.00     94.20    107.00    112.00  99999.99  99999.99  99999.99  99999.99  99999.99  99999.99  99999.99  99999.99  99999.99  99999.99  99999.99  99999.99    503.00    786.00   1050.00   1800.00   1950.00   2640.00   3930.00   2470.00
    25.70     19.90     27.70     33.10  99999.99  99999.99  99999.99  99999.99  99999.99  99999.99  99999.99  99999.99  99999.99  99999.99  99999.99  99999.99     81.70    118.00    165.00    265.00    284.00    450.00    690.00    250.00
     1.80      1.53      2.34      2.88  99999.99  99999.99  99999.99  99999.99  99999.99  99999.99  99999.99  99999.99  99999.99  99999.99  99999.99  99999.99      3.66      5.25      6.94     10.00     10.30     16.90     27.70      7.67
     0.91      0.71      1.05      1.16  99999.99  99999.99  99999.99  99999.99  99999.99  99999.99  99999.99  99999.99  99999.99  99999.99  99999.99  99999.99      1.60      2.36      2.80      4.35      4.75      8.35     15.80      4.11
 -1  -1  -1  -1   0   0   0   0   0   0   0   0   0   0   0   0  -1  -1  -1  -1  -1  -1  -1  -1
