2000 2000 2000 2000 2000 2000 2000 2000 2000 2000 2000 2000 2000 2000 2000 2000 2000 2000 2000 2000 2000 2000 2000 2000
 336 336 336 336 336 336 336 336 336 336 336 336 336 336 336 336 336 336 336 336 336 336 336 336
  0   1   2   3   4   5   6   7   8   9  10  11  12  13  14  15  16  17  18  19  20  21  22  23
 2284  2284  2284  2284  2284  2284  2284  2284  2284  2284  2284  2284  2284  2284  2284  2284  2284  2284  2284  2284  2284  2284  2284  2284
 71  71  71  71  71  71  71  71  71  71  71  71  71  71  71  71  71  71  71  71  71  71  71  71
 71  71  71  71  71  71  71  71  71  71  71  71  71  71  71  71  71  71  71  71  71  71  71  71
  14   16   14   16   14   15   15   15   15   15   15   15   15   15   14   16   13   16   13   13   13   15   15   15
  14   16   14   16   14   15   15   15   15   15   15   15   15   15   14   16   13   16   13   13   13   15   15   15
   5.0    4.3    4.8    4.7    4.8    4.7    4.9    4.6    4.2    4.0    3.6    3.2    4.6    5.2    5.4    5.6    5.3    5.5    5.5    5.3    4.9    4.9    4.8    5.0
   4.3    4.0    4.4    4.3    4.8    4.7    4.8    4.6    4.2    3.9    3.4    2.3    4.4    5.1    5.3    5.6    5.3    5.4    5.5    5.2    4.9    4.9    4.8    4.9
 -19.7   29.2    2.9  -22.2   -9.1   -1.4   -1.8   -1.8   -6.8  -18.5  -24.7   -9.8   -2.3   -8.3  -22.3  -22.7  -26.3  -23.9  -21.8  -16.9   -2.5   -6.2   -7.1   -1.9
 350.0   27.8   80.9  174.4  163.9  158.4  162.0  160.3  150.7  144.7  134.9   98.4   95.5  109.7  112.0  128.5  126.5  142.6  151.5  164.3  171.8  180.5  179.9  168.5
   4.0    3.1    0.7   -4.0   -4.6   -4.3   -4.6   -4.3   -3.6   -3.0   -2.2   -0.3   -0.4   -1.7   -1.8   -3.2   -2.8   -3.9   -4.4   -4.8   -4.8   -4.9   -4.7   -4.8
  -0.7    1.6    4.4    0.4    1.3    1.7    1.5    1.5    2.0    2.2    2.2    2.2    4.3    4.7    4.6    4.0    3.8    3.0    2.4    1.3    0.7    0.0    0.0    1.0
  -1.5    2.0    0.2   -1.6   -0.8   -0.1   -0.2   -0.1   -0.5   -1.2   -1.4   -0.4   -0.2   -0.7   -2.0   -2.1   -2.3   -2.2   -2.0   -1.5   -0.2   -0.5   -0.6   -0.2
  -0.7    1.6    4.4    0.3    1.2    1.6    1.4    1.4    1.7    1.7    1.6    1.9    4.0    4.3    4.0    3.5    3.4    2.8    2.3    1.3    0.7    0.0    0.0    1.0
  -1.5    2.0    0.0   -1.6   -1.0   -0.4   -0.6   -0.5   -1.1   -1.9   -2.1   -1.1   -1.5   -2.0   -3.1   -2.9   -2.9   -2.5   -2.1   -1.5   -0.2   -0.5   -0.6   -0.2
   1.1    0.6    0.4    0.4    0.1    0.1    0.0    0.2    0.1    0.3    0.9    0.9    0.2    0.2    0.1    0.1    0.0    0.1    0.1    0.2    0.1    0.0    0.1    0.1
   2.5    1.4    1.9    1.8    0.4    0.2    0.4    0.3    0.8    0.6    1.3    2.2    1.3    1.0    0.8    0.7    0.4    1.1    0.8    1.0    0.3    0.5    0.5    0.2
   1.5    0.6    1.2    1.1    0.1    0.1    0.1    0.2    0.3    0.2    0.7    1.2    1.1    0.6    0.5    0.4    0.3    0.4    0.4    0.3    0.1    0.0    0.1    0.1
   1.0    1.1    0.5    1.4    0.3    0.2    0.2    0.1    0.4    0.5    0.9    1.6    0.3    0.4    0.4    0.5    0.2    0.9    0.7    0.7    0.2    0.4    0.4    0.2
   1.8    0.7    1.4    0.3    0.3    0.1    0.3    0.2    0.6    0.3    0.6    0.8    0.6    0.7    0.3    0.3    0.3    0.4    0.1    0.7    0.1    0.3    0.1    0.1
  246016.   227222.   158696.    81644.    52901.    61723.    38375.    33163.    63750.    83468.    90897.    75402.   103169.    94808.    90706.   121689.    79743.   109656.   180749.   205108.   212987.   193729.   185825.   172490.
   3.8    3.0    3.2    2.1    1.2    1.0    1.0    1.2    1.3    1.5    1.8    2.5    0.8    1.0    1.2    1.0    1.6    1.1    0.9    1.2    1.5    1.5    1.5    1.4
  476.   477.   468.   472.   472.   471.   471.   467.   458.   469.   469.   456.   456.   445.   444.   441.   432.   408.   413.   409.   405.   397.   391.   391.
   6.0    8.3    7.8    7.7    7.5    4.8    3.5    2.9    1.8    1.1    1.9    2.3    0.6    1.7    2.1    2.6    2.4    4.5    7.0    6.7    7.0    7.6    6.5    3.9
   4.2    2.2    0.8   -0.6   -1.3   -0.8   -0.2   -0.7   -0.5   -2.1   -3.2   -2.8   -2.7   -1.0    1.1    0.1   -0.9   -1.2   -1.8   -1.8   -3.8   -3.4   -2.8   -2.8
 0.027  0.026  0.025  0.026  0.017  0.023  0.016  0.024  0.016  0.019  0.021  0.019  0.023  0.031  0.033  0.027  0.030  0.026  9.999  0.030  0.031  0.013  9.999  9.999
   34099.    27590.    21319.    22485.     5701.     9162.     7213.    20464.    10061.    22349.    29115.    19613.    14686.    22527.    12362.    32597.     8534.    26670.    28712.    44604.    15432.    11390.     8610.     8985.
   0.3    0.5    0.4    0.9    0.1    0.1    0.1    0.1    0.2    0.2    0.8    1.0    0.2    0.3    0.1    0.2    0.1    0.2    0.1    0.2    0.1    0.1    0.1    0.1
    1.     6.     5.     4.     2.     3.     1.     6.     3.     3.    11.     5.     8.     4.     6.     6.     5.    10.     6.     8.     3.     2.     2.     2.
   0.8    0.6    1.0    0.9    0.8    0.6    0.1    0.5    0.3    0.6    1.3    1.4    1.4    1.6    0.7    1.2    0.3    2.1    1.7    1.0    0.5    0.5    0.9    0.4
   0.3    2.1    0.6    0.6    0.2    0.2    0.4    0.4    0.4    0.5    0.9    0.6    0.6    0.9    0.3    0.9    0.5    1.0    0.4    1.4    0.2    0.5    0.2    0.1
 0.004  0.003  0.004  0.005  0.001  0.006  0.000  0.007  0.000  0.004  0.006  0.006  0.009  0.003  0.008  0.000  0.000  0.002  9.999  0.000  0.003  0.002  9.999  9.999
  1.59   1.26   1.29   0.86   0.48   0.40   0.39   0.48   0.48   0.59   0.72   0.93   0.30   0.37   0.45   0.36   0.56   0.34   0.31   0.38   0.46   0.42   0.46   0.43
   0.71   -0.95   -0.00    0.76    0.47    0.19    0.28    0.23    0.50    0.89    0.98    0.50    0.68    0.89    1.38    1.28    1.25    1.02    0.87    0.61    0.08    0.20    0.23    0.08
   2.37    2.40    1.66    0.83    0.39    0.36    0.29    0.38    0.59    0.83    1.27    2.07    0.36    0.34    0.38    0.33    0.49    0.36    0.38    0.59    0.89    0.84    0.85    0.70
   9.3    9.6    8.7    7.3    5.4    5.0    4.8    5.6    6.2    7.2    8.7   11.3    4.4    4.3    4.5    3.9    5.2    3.9    3.6    4.2    5.1    5.0    5.0    4.6
  5.3   5.5   5.6   5.6   4.7   4.4   4.3   4.8   5.1   5.5   6.0   6.7   3.9   3.8   3.9   3.5   4.3   3.4   3.1   3.4   3.8   3.8   3.8   3.7
 0.0138  0.0129  0.0156  0.0225  0.0410  0.0474  0.0515  0.0385  0.0308  0.0231  0.0156  0.0094  0.0605  0.0650  0.0586  0.0767  0.0448  0.0786  0.0938  0.0666  0.0464  0.0483  0.0478  0.0556
 20  20  20  23  23  23   7   7   7  17  17  17  20  20  20  23  23  23   7   7   7   3   3   3
 159  159  159  159  159  159  159  159  159  159  159  159  159  159  159  159  159  159  159  159  159  159  159  159
   -19    -24    -28    -36    -43    -38    -34    -30    -21    -18    -19    -22    -24    -20    -25    -31    -34    -36    -33    -30    -27    -24    -22    -18
   7    7    7    9    9    9    3    3    3    6    6    6    7    7    7    9    9    9    3    3    3    2    2    2
 179.3  179.3  179.3  179.3  179.3  179.3  179.3  179.3  179.3  179.3  179.3  179.3  179.3  179.3  179.3  179.3  179.3  179.3  179.3  179.3  179.3  179.3  179.3  179.3
   93    51    60    67   134    95    30    15    34    73   171   198   124   293   375   441   469   307   144    80    46    31    25    27
   -48    -14    -13    -27   -106    -75    -16    -12    -14    -51   -136   -118    -75   -283   -366   -404   -390   -245   -125    -69    -39    -25    -20    -18
    45     37     47     40     28     20     13      3     20     22     35     80     49     10      9     37     79     62     19     11      6      7      5      9
   0.9    0.1    0.5    0.7    0.9    1.2    0.6    0.2    0.6    1.0    1.5    2.7    1.7    2.2    2.2    2.0    2.3    1.6    0.9    0.5    0.2    0.0   -0.1   -0.1
 0.010163  0.010163  0.010163  0.010163  0.010163  0.010163  0.010163  0.010163  0.010163  0.010163  0.010163  0.010163  0.010163  0.010163  0.010163  0.010163  0.010163  0.010163  0.010163  0.010163  0.010163  0.010163  0.010163  0.010163
    110.00      99.20      97.50      91.30      91.10      87.50      86.50      86.70      85.90      83.40      81.30      78.60      79.60      89.00      85.90      86.40      90.50      86.80      87.00      86.40      87.60      82.20      80.70      79.50
    54.30     49.60     48.20     45.40     45.40     43.60     43.20     43.00     42.60     41.30     40.20     39.00     39.20     43.30     41.90     42.00     43.90     42.20     42.00     41.40     41.80     39.30     38.70     38.10
    17.20     15.90     15.70     14.80     14.90     14.30     14.20     14.00     13.80     13.40     13.20     12.70     12.70     13.90     13.40     13.50     14.00     13.50     13.30     13.20     13.70     12.50     12.30     12.10
     3.11      3.18      3.07      2.85      2.93      2.90      2.84      2.72      2.75      2.54      2.65      2.53      2.51      2.64      2.55      2.62      2.64      2.54      2.52      2.51      3.16      2.40      2.36      2.24
     0.49      0.64      0.54      0.53      0.52      0.56      0.53      0.47      0.50      0.47      0.50      0.48      0.45      0.47      0.46      0.44      0.47      0.45      0.49      0.50      0.96      0.44      0.43      0.42
     0.37      0.47      0.40      0.39      0.38      0.42      0.40      0.34      0.36      0.35      0.37      0.37      0.35      0.34      0.35      0.32      0.35      0.33      0.37      0.38      0.74      0.32      0.32      0.31
 -1  -1  -1  -1  -1  -1  -1  -1  -1  -1  -1  -1  -1  -1  -1  -1  -1  -1  -1  -1  -1  -1  -1  -1
