2003 2003 2003 2003 2003 2003 2003 2003 2003 2003 2003 2003 2003 2003 2003 2003 2003 2003 2003 2003 2003 2003 2003 2003
 167 167 167 167 167 167 167 167 167 167 167 167 167 167 167 167 167 167 167 167 167 167 167 167
  0   1   2   3   4   5   6   7   8   9  10  11  12  13  14  15  16  17  18  19  20  21  22  23
 2318  2318  2318  2318  2318  2318  2318  2318  2318  2318  2318  2318  2318  2318  2318  2318  2318  2318  2318  2318  2318  2318  2318  2318
 51  51  51  51  51  51  51  51  51  51  51  51  51  51  51  51  51  51  51  51  51  51  51  51
 52  52  52  52  52  52  52  52  52  52  52  52  52  52  52  52  52  52  52  52  52  52  52  52
  59   58   58   62   57   63   58   58   56   59   58   62   62   59   57   68   58   64   58   60   61   59   60   59
  35   36   36   38   31   37   32   36   31   36   33   39   38   36   35   41   33   39   30   36   37   35   37   35
  11.7   13.5   14.4   13.0   12.1   11.4   11.4   11.3   10.0    8.9    9.4    7.9    8.1    8.1    8.2    7.3    6.0    7.4   10.5   11.2   10.8   10.2   11.8    9.2
  11.4   12.5   14.2   11.5   10.5    8.3    9.4   11.0    6.7    6.0    9.0    7.6    7.9    7.5    7.8    6.9    3.7    7.3   10.5   11.2   10.8    9.8   11.4    5.4
  37.9   19.2  -15.0   26.1   51.3   48.3   25.7   62.5   36.4  -71.8  -65.8  -81.4  -67.8  -56.0  -53.8  -65.2  -38.4  -54.0  -52.2  -50.5  -49.7  -48.8  -35.7  -30.8
 220.2  243.0  271.3  224.4  189.1  140.9  197.8  212.6  227.4  283.1   17.3  293.3  315.9  231.7  240.7  292.1  338.7  260.9  240.1  247.6  248.6  252.6  256.9  289.1
  -6.9   -5.4    0.3   -7.4   -6.5   -4.3   -8.1   -4.3   -3.6    0.4    3.5    0.5    2.1   -2.6   -2.2    1.1    2.7   -0.7   -3.2   -2.7   -2.5   -1.9   -2.1    1.5
  -5.8  -10.5  -13.7   -7.3   -1.0    3.5   -2.6   -2.7   -4.0   -1.8    1.1   -1.1   -2.1   -3.3   -4.0   -2.7   -1.1   -4.2   -5.6   -6.6   -6.5   -6.2   -9.0   -4.4
   7.0    4.1   -3.7    5.1    8.2    6.2    4.1    9.8    4.0   -5.7   -8.2   -7.6   -7.3   -6.2   -6.3   -6.3   -2.3   -5.9   -8.3   -8.6   -8.2   -7.4   -6.7   -2.8
  -7.1  -11.1  -13.0   -7.8   -1.4    3.5   -2.4   -1.9   -3.5   -2.6   -0.2   -2.3   -3.1   -4.0   -4.5   -2.9   -1.1   -3.7   -4.5   -5.0   -4.7   -4.4   -7.2   -3.7
   5.6    2.1   -5.6    4.3    8.1    6.2    4.2   10.0    4.4   -5.4   -8.3   -7.3   -6.9   -5.8   -6.0   -6.2   -2.3   -6.2   -8.9   -9.6   -9.4   -8.6   -8.6   -3.7
   0.6    0.5    0.5    0.4    0.6    0.4    0.2    0.2    1.0    1.1    0.5    0.3    0.4    0.3    0.4    0.7    0.2    1.0    0.5    0.1    0.3    0.9    0.5    1.3
   2.8    5.0    2.4    5.9    5.8    7.5    6.3    2.4    7.5    6.6    2.9    1.9    1.8    3.0    2.8    2.1    4.4    1.5    0.7    0.5    1.0    2.9    2.7    7.4
   1.2    2.6    1.3    3.1    2.8    4.6    2.6    1.2    2.1    3.9    1.3    1.2    1.4    2.5    2.4    1.7    3.5    1.0    0.5    0.4    0.8    2.0    1.2    3.5
   2.1    2.9    0.8    3.6    4.4    3.9    1.2    1.8    1.7    4.4    2.4    1.4    1.0    1.0    1.2    1.0    1.4    0.7    0.4    0.2    0.3    1.3    2.0    5.6
   1.3    3.1    1.9    3.5    2.5    4.5    5.6    1.0    7.0    2.9    1.0    0.3    0.3    1.5    0.6    0.7    2.3    0.9    0.4    0.2    0.5    1.6    1.4    3.4
   86807.    86265.    86364.    64195.    60822.    60303.    46215.    29496.    41925.    51247.    23463.    34195.    34303.    46587.    55413.   121268.    73860.    74500.   123603.    84981.    74059.    86127.    85237.   179154.
   9.4    9.6    7.4   14.4   18.5   17.6   14.9   13.6   11.8   13.0   11.9   12.5    9.5    7.5    5.6    3.2    5.0    5.0    1.1    0.5    1.1    2.6    3.1    7.2
  586.   554.   524.   544.   531.   523.   534.   508.   497.   471.   460.   469.   464.   481.   465.   491.   491.   531.   532.   537.   538.   527.   535.   531.
  -1.6   -3.2   -1.6   -2.8   -0.0    1.4   -1.9   -2.0   -1.9    1.4    3.3    1.6    0.2   -1.4   -0.7   -1.6    0.3   -3.3    1.7    2.7    2.3    4.2    3.0    0.7
   5.7    2.7    0.4    1.8    3.1    1.7    0.4    2.9    1.2   -1.2   -1.4   -4.9   -3.5   -3.8   -5.2   -6.9   -4.2   -6.7    2.2    4.0    3.0    1.1   -0.6   -1.6
 0.057  0.056  0.030  0.038  0.039  0.042  0.032  0.030  0.032  0.027  0.019  0.025  0.023  0.024  0.023  0.035  0.057  0.044  0.036  0.037  0.041  0.102  0.123  0.083
   10581.    18152.     7946.     7598.     4681.    13316.     9152.     5367.    22008.    16061.     7923.     3372.     5218.    10952.    10612.    64934.    31419.    38871.   102085.    19934.    28587.    26628.    37767.    63627.
   0.8    1.3    1.6    2.1    2.2    4.5    1.7    1.0    1.2    2.0    1.5    2.0    1.7    1.4    0.5    1.0    0.6    0.9    0.8    0.0    0.6    0.8    0.7    2.0
    9.    11.    10.    11.    11.    17.    16.     7.    17.    10.     4.     7.     8.     6.     9.    30.    26.    11.    10.     8.     8.    11.     6.    10.
   1.1    0.6    0.9    0.8    1.8    1.9    0.9    1.1    1.6    1.8    0.9    1.1    0.9    0.7    0.9    1.4    1.5    0.9    2.3    1.1    0.8    1.2    0.9    2.1
   1.2    0.9    1.4    1.4    0.8    2.0    2.8    0.5    2.1    1.3    0.8    0.6    0.7    0.5    0.4    1.2    1.9    0.8    3.9    0.9    1.1    1.4    0.5    1.3
 0.015  0.015  0.004  0.005  0.002  0.008  0.006  0.003  0.009  0.010  0.003  0.002  0.003  0.003  0.003  0.014  0.012  0.009  0.011  0.004  0.014  0.034  0.015  0.023
  6.62   6.02   3.80   8.20  10.07   9.39   8.00   6.56   5.49   5.34   4.52   5.05   3.73   3.18   2.21   1.47   2.47   2.77   0.59   0.28   0.62   1.70   2.21   4.52
  -3.28   -1.16    2.93   -2.34   -4.30   -3.24   -2.24   -5.08   -2.19    2.54    3.82    3.42    3.20    2.79    2.79    3.04    1.13    3.29    4.73    5.16    5.06    4.53    4.60    1.96
   0.61    0.47    0.32    0.68    0.99    1.06    0.83    0.70    0.84    1.23    0.85    1.35    0.98    0.83    0.64    0.62    1.17    0.77    0.10    0.04    0.08    0.22    0.20    1.09
   7.7    6.4    4.9    7.9    9.4    9.6    9.0    8.3    8.5    9.5    8.4   10.5    8.8    8.1    6.7    6.0    9.1    8.0    2.7    1.7    2.6    4.2    4.0    7.7
  6.2   5.4   4.4   6.3   6.9   6.9   6.9   6.5   6.5   6.6   6.4   7.1   6.5   6.2   5.4   4.8   6.5   6.2   2.5   1.7   2.5   3.8   3.7   5.6
 0.0202  0.0294  0.0486  0.0189  0.0134  0.0128  0.0146  0.0173  0.0163  0.0131  0.0167  0.0108  0.0153  0.0180  0.0264  0.0329  0.0142  0.0185  0.1685  0.4139  0.1743  0.0685  0.0747  0.0198
 33  33  33  47  47  47  23  23  23  50  50  50  40  40  40  37  37  37  60  60  60  60  60  60
  87   87   87   87   87   87   87   87   87   87   87   87   87   87   87   87   87   87   87   87   87   87   87   87
    -5      3     -1     -7      1     11     11      5      4      4    -11    -22    -32    -39    -47    -56    -59    -57    -54    -49    -56    -64    -68    -57
  18   18   18   39   39   39    9    9    9   48   48   48   27   27   27   22   22   22   80   80   80   80   80   80
 126.5  126.5  126.5  126.5  126.5  126.5  126.5  126.5  126.5  126.5  126.5  126.5  126.5  126.5  126.5  126.5  126.5  126.5  126.5  126.5  126.5  126.5  126.5  126.5
  304   324   475   855   288    91   102    68    57   268   611   930   777   984  1050   963   887   713   900  1047  1155  1136  1083   944
  -112   -168   -229   -532   -112    -14    -37    -24     -8    -54   -318   -783   -483   -568   -609   -588   -450   -426   -555   -631   -803   -952   -787   -620
   192    156    246    324    176     77     65     45     50    215    293    147    294    417    440    375    437    287    346    416    352    184    296    324
   0.1    0.2    2.9    5.2    0.7    0.1    0.1   -1.3   -1.6    0.5    2.9    5.3    3.8    3.7    3.3    3.0    2.0    2.0    1.9    3.0    3.3    4.7    3.9    4.0
 0.007801  0.007801  0.007801  0.007801  0.007801  0.007801  0.007801  0.007801  0.007801  0.007801  0.007801  0.007801  0.007801  0.007801  0.007801  0.007801  0.007801  0.007801  0.007801  0.007801  0.007801  0.007801  0.007801  0.007801
1000000.00 1000000.00 1000000.00 1000000.00 1000000.00 1000000.00 1000000.00 1000000.00 1000000.00 1000000.00 1000000.00 1000000.00 1000000.00 1000000.00 1000000.00 1000000.00 1000000.00 1000000.00 1000000.00 1000000.00 1000000.00 1000000.00 1000000.00 1000000.00
 99999.99  99999.99  99999.99  99999.99  99999.99  99999.99  99999.99  99999.99  99999.99  99999.99  99999.99  99999.99  99999.99  99999.99  99999.99  99999.99  99999.99  99999.99  99999.99  99999.99  99999.99  99999.99  99999.99  99999.99
 99999.99  99999.99  99999.99  99999.99  99999.99  99999.99  99999.99  99999.99  99999.99  99999.99  99999.99  99999.99  99999.99  99999.99  99999.99  99999.99  99999.99  99999.99  99999.99  99999.99  99999.99  99999.99  99999.99  99999.99
 99999.99  99999.99  99999.99  99999.99  99999.99  99999.99  99999.99  99999.99  99999.99  99999.99  99999.99  99999.99  99999.99  99999.99  99999.99  99999.99  99999.99  99999.99  99999.99  99999.99  99999.99  99999.99  99999.99  99999.99
 99999.99  99999.99  99999.99  99999.99  99999.99  99999.99  99999.99  99999.99  99999.99  99999.99  99999.99  99999.99  99999.99  99999.99  99999.99  99999.99  99999.99  99999.99  99999.99  99999.99  99999.99  99999.99  99999.99  99999.99
 99999.99  99999.99  99999.99  99999.99  99999.99  99999.99  99999.99  99999.99  99999.99  99999.99  99999.99  99999.99  99999.99  99999.99  99999.99  99999.99  99999.99  99999.99  99999.99  99999.99  99999.99  99999.99  99999.99  99999.99
  0   0   0   0   0   0   0   0   0   0   0   0   0   0   0   0   0   0   0   0   0   0   0   0
