2002 2002 2002 2002 2002 2002 2002 2002 2002 2002 2002 2002 2002 2002 2002 2002 2002 2002 2002 2002 2002 2002 2002 2002
 132 132 132 132 132 132 132 132 132 132 132 132 132 132 132 132 132 132 132 132 132 132 132 132
  0   1   2   3   4   5   6   7   8   9  10  11  12  13  14  15  16  17  18  19  20  21  22  23
 2304  2304  2304  2304  2304  2304  2304  2304  2304  2304  2304  2304  2304  2304  2304  2304  2304  2304  2304  2304  2304  2304  2304  2304
 71  71  71  71  71  71  71  71  71  71  71  71  71  71  71  71  71  71  71  71  71  71  71  71
 71  71  71  71  71  71  71  71  71  71  71  71  71  71  71  71  71  71  71  71  71  71  71  71
  16   15   16   15   15   16   15   15   15   15   15   15   15   15   14   16   14   15   15   15   15   15   14   16
  16   15   16   15   15   16   15   15   15   15   15   15   15   15   14   16   14   15   15   15   15   15   14   16
   6.6    6.5    4.4    4.3    4.5    5.3    5.7    5.8    5.3    5.3    5.1    4.9    4.8    4.9    4.9    5.0    5.1    5.0    5.1    5.2    5.3    5.6    6.1    6.1
   5.5    4.6    2.8    3.9    4.2    4.4    5.5    5.4    4.6    5.2    4.6    4.6    4.5    4.1    4.6    4.1    4.6    4.5    4.4    4.6    4.5    5.4    5.9    5.3
 -68.7  -33.2  -24.6    0.5  -10.6  -19.5  -21.3  -47.1    7.3   29.4   26.5   11.3  -53.5  -47.3  -30.9   10.7   28.3   17.9    3.8   10.1   26.8  -25.8  -31.6  -22.1
 351.5  348.2  343.9  332.7  351.3  317.3  300.9  312.9  328.3  309.3  322.6  326.6  347.1   34.7  359.7  348.1  342.8  343.0  345.0  321.6  350.0  358.8   10.5   27.5
   2.0    3.8    2.4    3.4    4.0    3.0    2.6    2.5    3.8    2.9    3.3    3.8    2.6    2.3    3.9    4.0    3.9    4.1    4.3    3.5    4.0    4.9    4.9    4.3
  -0.3   -0.8   -0.7   -1.8   -0.6   -2.8   -4.4   -2.7   -2.4   -3.5   -2.5   -2.5   -0.6    1.6    0.0   -0.8   -1.2   -1.2   -1.1   -2.8   -0.7   -0.1    0.9    2.3
  -5.1   -2.5   -1.2    0.0   -0.8   -1.5   -2.0   -4.0    0.6    2.6    2.1    0.9   -3.6   -3.0   -2.3    0.8    2.2    1.4    0.3    0.8    2.0   -2.4   -3.1   -2.0
   1.9    0.2   -0.2   -1.7   -0.4   -2.4   -4.0   -2.1   -2.5   -3.7   -2.6   -2.6   -0.3    1.9    0.3   -0.9   -1.7   -1.6   -1.1   -2.9   -1.5    0.9    2.2    2.9
  -4.8   -2.6   -1.4   -0.6   -0.9   -2.1   -2.8   -4.3    0.3    2.3    1.9    0.7   -3.6   -2.8   -2.3    0.6    1.8    1.0   -0.1   -0.3    1.5   -2.2   -2.4   -0.8
   1.1    1.7    0.3    0.1    0.2    0.5    0.1    0.1    0.2    0.0    0.1    0.0    0.1    0.1    0.0    0.1    0.1    0.0    0.1    0.1    0.1    0.2    0.1    0.1
   3.4    4.3    3.1    1.7    1.4    2.9    1.1    1.9    2.5    0.6    1.8    1.3    1.0    2.2    1.2    2.5    2.1    1.9    2.0    1.7    2.1    1.3    1.2    2.3
   2.4    2.8    1.2    0.8    0.5    1.3    0.8    0.6    0.6    0.3    0.7    0.7    0.7    0.9    0.6    0.9    0.8    1.0    0.5    0.7    1.4    0.3    0.5    0.8
   1.7    2.8    1.5    1.0    0.9    2.5    0.5    1.4    0.7    0.4    1.3    0.7    0.6    1.1    0.4    2.0    1.6    1.1    1.7    0.8    1.0    0.6    0.9    1.1
   1.8    1.7    2.5    1.0    1.0    0.8    0.5    1.0    2.2    0.3    1.1    0.8    0.4    1.7    0.9    1.3    1.2    1.2    0.9    1.3    1.4    1.1    0.7    1.9
  236098.   256212.   229480.   207503.   210623.   164794.   134416.   120982.   161661.   141551.   147144.   138893.   137792.   137743.   141832.   133280.   111372.   113158.   119706.   112087.   113999.   110767.    94666.   115270.
   5.3    3.8    2.7    2.7    2.8    2.6    2.2    2.1    2.1    1.9    2.0    1.9    1.8    1.9    1.9    2.1    2.3    2.3    2.3    2.5    2.7    2.6    2.6    2.6
  428.   436.   473.   481.   482.   487.   493.   509.   509.   520.   520.   512.   523.   524.   500.   496.   494.   486.   482.   489.   482.   461.   454.   461.
   1.5   -2.0   -3.1   -2.9   -2.3   -2.5   -2.6   -2.4   -0.5   -1.2   -0.6   -0.9   -0.2    2.7    0.4    0.1    0.0   -0.6   -0.7   -3.0   -0.4   -1.5   -0.4    0.6
   1.8   -0.7   -1.0   -0.8   -1.3   -2.1   -2.2   -4.8    0.2    2.2    1.0   -0.3   -6.1   -5.5   -4.5   -0.5    1.2    0.2   -1.1   -0.6    0.8   -4.2   -5.2   -3.8
 0.038  0.056  0.065  0.034  0.030  0.028  0.030  0.031  0.043  0.040  0.036  0.044  0.042  0.041  0.039  0.040  0.030  0.028  0.030  0.030  0.036  0.034  0.034  0.034
   32657.    35407.    21668.    15724.    10717.    26779.     3804.     6089.    11026.     6249.    10155.    10724.     9731.    13284.    10156.     7111.     9883.     4215.    11051.     8960.     8551.     9715.     9432.    14522.
   2.4    0.3    0.5    0.2    0.1    0.3    0.1    0.2    0.1    0.1    0.2    0.1    0.1    0.1    0.1    0.1    0.2    0.1    0.1    0.2    0.2    0.2    0.1    0.1
    8.     7.    13.     3.     2.     8.     5.     7.    10.     4.     7.    10.     7.    10.     9.    10.     6.    12.     5.     9.    16.     5.     6.    10.
   3.5    1.4    0.3    0.6    0.8    1.4    0.6    1.6    0.9    0.5    1.7    0.9    1.0    1.7    0.7    2.9    1.9    1.3    2.3    1.3    1.6    0.5    1.4    2.0
   2.3    1.2    0.9    0.5    0.6    0.6    0.6    1.2    2.2    0.4    1.3    0.9    0.6    2.0    1.5    1.5    1.6    1.8    1.2    1.4    1.7    1.2    0.9    2.1
 0.009  0.022  0.016  0.004  0.002  0.002  0.002  0.003  0.008  0.008  0.003  0.005  0.004  0.005  0.004  0.005  0.003  0.002  0.003  0.004  0.007  0.006  0.008  0.004
  1.87   1.48   1.27   1.19   1.22   1.15   1.00   1.02   1.06   1.00   1.03   0.98   0.96   1.01   0.92   1.00   1.05   1.01   1.00   1.12   1.20   1.05   1.02   1.05
   2.05    1.13    0.66    0.29    0.43    1.02    1.38    2.19   -0.15   -1.20   -0.99   -0.36    1.88    1.47    1.15   -0.30   -0.89   -0.49    0.05    0.15   -0.72    1.01    1.09    0.37
   1.84    1.44    2.08    2.04    1.95    1.13    0.74    0.65    0.90    0.76    0.88    0.88    0.87    0.88    0.89    0.91    0.88    0.92    0.91    0.92    0.97    0.82    0.65    0.71
   7.5    6.5    8.8    9.2    9.0    7.4    6.4    6.4    7.0    6.8    7.2    7.2    7.3    7.4    7.0    7.2    7.3    7.4    7.2    7.4    7.5    6.6    6.0    6.1
  4.6   4.4   5.3   5.5   5.5   5.3   5.0   5.1   5.2   5.3   5.4   5.4   5.5   5.6   5.3   5.4   5.5   5.5   5.4   5.5   5.5   5.1   4.8   4.8
 0.0213  0.0278  0.0152  0.0141  0.0148  0.0217  0.0289  0.0294  0.0246  0.0260  0.0229  0.0229  0.0223  0.0219  0.0240  0.0230  0.0220  0.0219  0.0232  0.0215  0.0213  0.0270  0.0330  0.0320
 47  47  47  30  30  30  37  37  37  20  20  20  27  27  27  23  23  23  20  20  20  23  23  23
 202  202  202  202  202  202  202  202  202  202  202  202  202  202  202  202  202  202  202  202  202  202  202  202
   -97    -88    -76    -77    -75    -72    -69    -57    -59    -59    -51    -50    -54    -56    -61    -55    -52    -47    -46    -44    -45    -44    -39    -37
  39   39   39   15   15   15   22   22   22    7    7    7   12   12   12    9    9    9    7    7    7    9    9    9
 187.1  187.1  187.1  187.1  187.1  187.1  187.1  187.1  187.1  187.1  187.1  187.1  187.1  187.1  187.1  187.1  187.1  187.1  187.1  187.1  187.1  187.1  187.1  187.1
  550   454   563   218   209   221   379   591   498   198    81   136   210   520   651   360   163    55    52    96    93   119   221   430
  -319   -262   -337    -98    -74    -98   -242   -325   -250    -92    -38    -79   -132   -366   -469   -246   -117    -35    -22    -40    -36    -70   -126   -271
   232    192    225    121    135    123    137    266    248    106     43     57     78    154    182    114     47     20     30     57     57     49     95    159
   4.1    3.8    4.5    1.5    1.3    1.0    1.6    3.9    3.3    0.0   -0.6    0.7    1.3    3.1    2.3    1.8    0.5    1.3    1.5    1.0    0.3    0.2    1.4    2.7
 0.009170  0.009170  0.009170  0.009170  0.009170  0.009170  0.009170  0.009170  0.009170  0.009170  0.009170  0.009170  0.009170  0.009170  0.009170  0.009170  0.009170  0.009170  0.009170  0.009170  0.009170  0.009170  0.009170  0.009170
1000000.00 1000000.00 1000000.00 1000000.00 1000000.00 1000000.00 1000000.00 1000000.00 1000000.00       0.90       0.78       0.79       0.90       0.84       0.87       0.85 1000000.00       0.74 1000000.00 1000000.00 1000000.00 1000000.00 1000000.00 1000000.00
 99999.99  99999.99  99999.99  99999.99  99999.99  99999.99  99999.99  99999.99  99999.99      0.48      0.37      0.38      0.48      0.46      0.47      0.47  99999.99      0.37  99999.99  99999.99  99999.99  99999.99  99999.99  99999.99
 99999.99  99999.99  99999.99  99999.99  99999.99  99999.99  99999.99  99999.99  99999.99      0.36      0.25      0.26      0.34      0.33      0.34      0.34  99999.99      0.24  99999.99  99999.99  99999.99  99999.99  99999.99  99999.99
 99999.99  99999.99  99999.99  99999.99  99999.99  99999.99  99999.99  99999.99  99999.99      0.29      0.20      0.21      0.27      0.28      0.27      0.28  99999.99      0.18  99999.99  99999.99  99999.99  99999.99  99999.99  99999.99
 99999.99  99999.99  99999.99  99999.99  99999.99  99999.99  99999.99  99999.99  99999.99      0.28      0.18      0.19      0.25      0.25      0.25      0.24  99999.99      0.16  99999.99  99999.99  99999.99  99999.99  99999.99  99999.99
 99999.99  99999.99  99999.99  99999.99  99999.99  99999.99  99999.99  99999.99  99999.99      0.28      0.16      0.19      0.24      0.24      0.25      0.21  99999.99      0.16  99999.99  99999.99  99999.99  99999.99  99999.99  99999.99
  0   0   0   0   0   0   0   0   0  -1  -1  -1  -1  -1  -1  -1   0  -1   0   0   0   0   0   0
