2012 2012 2012 2012 2012 2012 2012 2012 2012 2012 2012 2012 2012 2012 2012 2012 2012 2012 2012 2012 2012 2012 2012 2012
 119 119 119 119 119 119 119 119 119 119 119 119 119 119 119 119 119 119 119 119 119 119 119 119
  0   1   2   3   4   5   6   7   8   9  10  11  12  13  14  15  16  17  18  19  20  21  22  23
 2438  2438  2438  2438  2438  2438  2438  2438  2438  2438  2438  2438  2438  2438  2438  2438  2438  2438  2438  2438  2438  2438  2438  2438
 51  51  51  51  51  51  51  51  51  51  51  51  51  51  51  51  51  51  51  51  51  51  51  51
 52  52  52  52  52  52  52  52  52  52  52  52  52  52  52  52  52  52  52  52  52  52  52  52
  60   59   61   56   61   56   60   62   56   63   60   61   55   64   59   59   62   55   61   60   59   59   61   56
  37   35   36   35   37   34   37   37   34   40   36   36   34   39   36   36   38   34   33   36   37   35   36   33
   3.2    3.8    3.8    3.3    3.4    3.0    3.1    3.7    4.0    3.9    3.5    3.2    3.4    3.6    3.8    3.7    3.6    4.2    4.3    3.7    3.6    3.4    3.5    3.6
   2.4    3.6    3.0    2.0    3.1    1.9    2.3    3.2    3.4    3.3    1.8    2.0    2.4    2.5    3.5    3.3    3.1    4.1    4.2    3.6    2.7    2.8    2.2    3.4
  77.4   63.9   55.5   59.8   81.9   13.6    8.6   82.5   32.9  -48.6   53.5   59.6   16.1  -51.8  -33.2  -22.2   -1.0  -36.8  -34.8  -18.9   -9.6   50.2  -17.6  -28.7
 245.1  133.1   92.3   27.9  146.9  335.2  326.6  344.6  346.3  302.9  290.6  297.8  296.6  281.0  258.1  267.0  265.2  270.0  266.8  262.0  270.1  349.5  254.8  241.0
  -0.2   -1.1   -0.1    0.9   -0.4    1.7    1.9    0.4    2.8    1.2    0.4    0.5    1.0    0.3   -0.6   -0.2   -0.3    0.0   -0.2   -0.5    0.0    1.7   -0.5   -1.4
  -0.5    1.2    1.7    0.5    0.2   -0.8   -1.2   -0.1   -0.7   -1.9   -1.0   -0.9   -2.0   -1.5   -2.9   -3.1   -3.1   -3.2   -3.4   -3.3   -2.6   -0.3   -2.0   -2.6
   2.4    3.3    2.5    1.7    3.1    0.4    0.3    3.2    1.8   -2.5    1.4    1.7    0.7   -2.0   -1.9   -1.3   -0.1   -2.4   -2.4   -1.2   -0.4    2.1   -0.7   -1.6
  -1.6   -0.4    0.5   -0.2   -0.8   -0.9   -1.2   -0.8   -1.0   -1.5   -1.2   -1.1   -2.1   -1.1   -2.4   -2.7   -2.9   -2.2   -2.2   -2.5   -2.1   -1.3   -1.4   -1.5
   1.9    3.5    3.0    1.8    3.0    0.1    0.0    3.1    1.6   -2.8    1.2    1.5    0.4   -2.2   -2.5   -2.1   -1.0   -3.4   -3.5   -2.5   -1.5    1.7   -1.6   -2.6
   0.7    0.3    0.4    0.3    0.3    0.4    0.2    0.2    0.1    0.1    0.3    0.3    0.2    0.2    0.1    0.2    0.1    0.2    0.1    0.1    0.3    0.6    0.3    0.4
   2.1    1.0    2.2    2.6    1.4    2.4    2.1    1.9    2.0    2.0    2.9    2.4    2.3    2.5    1.3    1.6    1.8    0.8    0.9    1.0    2.3    2.1    2.6    1.2
   1.3    0.7    1.0    1.3    0.9    1.3    0.4    1.0    1.0    1.5    0.7    1.3    1.3    1.9    0.5    0.6    1.1    0.4    0.6    0.7    0.6    0.8    1.2    0.6
   1.1    0.6    1.7    0.8    1.1    0.6    1.0    1.5    1.2    0.9    1.0    1.0    1.0    1.5    0.4    0.4    0.6    0.3    0.5    0.2    1.1    1.5    2.1    0.6
   1.2    0.4    1.1    2.1    0.4    1.9    1.8    0.6    1.1    0.9    2.7    1.8    1.6    0.7    1.1    1.4    1.3    0.7    0.5    0.7    2.0    1.2    1.0    0.9
  124455.   111564.   111728.   127724.   109943.   114978.   111343.   103027.    98672.    92847.   104722.   123102.   113073.   109805.    97576.   101826.    94276.    67910.    70595.    95814.    99664.   106714.    96737.    81273.
   2.6    2.2    2.8    2.9    2.9    2.9    2.8    2.9    2.6    2.7    2.6    2.8    2.7    2.6    2.4    2.3    2.2    1.8    1.9    2.2    2.3    2.7    2.2    2.0
  473.   476.   470.   462.   464.   446.   442.   455.   434.   442.   446.   445.   435.   439.   449.   442.   440.   432.   429.   430.   425.   415.   427.   432.
   1.3    1.7    2.9    2.0    1.4    0.9    0.2    1.1    1.2   -0.4    0.5    1.2   -0.1    0.9   -0.9   -1.3   -1.3   -1.3   -1.7   -1.0   -0.3    2.2    0.3   -0.4
   1.2    0.6    0.8    1.8    2.1    0.2    0.2    2.2    1.4   -2.7    1.4    2.6    1.8   -1.5   -1.4   -0.8    1.1   -1.7   -1.6   -0.5   -0.3    2.0    0.1   -1.3
 0.128  0.126  0.104  0.095  0.080  0.076  0.070  0.068  0.074  0.055  0.063  0.058  0.053  0.043  0.036  0.039  0.037  0.027  0.026  0.028  0.025  0.023  0.023  0.018
   22764.    12069.     5833.    13963.    10374.     9039.    11576.    11013.     7662.     8189.    14333.    23000.    16403.    13005.    12570.    15339.    10233.    19248.     9053.    13861.    14683.    23502.    14971.    19562.
   0.1    0.1    0.3    0.2    0.1    0.2    0.2    0.2    0.2    0.3    0.2    0.2    0.2    0.2    0.2    0.2    0.1    0.2    0.2    0.2    0.2    0.2    0.2    0.2
    6.     3.     5.     6.     5.    10.     5.     9.    10.    14.     5.     8.    13.    16.     7.     7.    14.     7.     5.     7.     6.     4.    10.     6.
   0.5    0.5    1.1    0.6    0.9    0.6    0.8    1.3    1.4    1.0    1.1    1.0    1.4    1.9    0.6    0.7    0.7    0.5    1.0    0.4    1.4    1.0    2.3    1.3
   0.8    0.5    0.5    1.6    0.5    1.6    1.6    0.7    1.0    0.8    2.2    1.5    2.1    1.0    1.6    2.1    2.0    1.0    0.6    1.2    2.3    0.8    1.4    1.3
 0.013  0.010  0.009  0.009  0.007  0.006  0.010  0.009  0.009  0.011  0.012  0.012  0.007  0.009  0.005  0.007  0.005  0.002  0.002  0.003  0.004  0.003  0.004  0.003
  1.47   1.25   1.46   1.43   1.38   1.26   1.17   1.28   1.06   1.07   1.08   1.14   1.03   0.98   0.92   0.87   0.82   0.62   0.64   0.76   0.76   0.85   0.73   0.67
  -0.90   -1.67   -1.41   -0.83   -1.39   -0.04   -0.00   -1.41   -0.69    1.24   -0.54   -0.67   -0.17    0.97    1.12    0.93    0.44    1.47    1.50    1.07    0.64   -0.71    0.68    1.12
   2.67    1.52    1.94    2.84    2.49    3.26    2.91    2.04    1.53    1.63    2.06    2.86    2.35    1.99    1.56    1.61    1.57    0.83    0.85    1.50    1.68    2.28    1.68    1.35
  11.9    9.3   10.3   11.9   11.6   12.7   11.9   10.5    8.7    9.3   10.3   11.6   10.5    9.8    9.2    9.1    9.1    6.9    6.9    8.6    9.0   10.0    9.0    8.5
  6.6   6.1   6.3   6.4   6.5   6.5   6.4   6.3   5.7   6.0   6.2   6.2   6.0   6.0   6.0   5.9   5.9   5.3   5.2   5.7   5.7   5.8   5.8   5.8
 0.0084  0.0138  0.0111  0.0084  0.0088  0.0074  0.0084  0.0108  0.0155  0.0137  0.0113  0.0088  0.0108  0.0123  0.0142  0.0145  0.0145  0.0250  0.0252  0.0160  0.0148  0.0118  0.0145  0.0165
 13  13  13   7   7   7   7   7   7  20  20  20  10  10  10  20  20  20  20  20  20  23  23  23
 112  112  112  112  112  112  112  112  112  112  112  112  112  112  112  112  112  112  112  112  112  112  112  112
   -11    -13    -12    -13    -13    -13    -12    -13    -13    -10    -13    -10     -7     -8    -10    -15    -16    -15    -19    -23    -24    -22    -20    -21
   5    5    5    3    3    3    3    3    3    7    7    7    4    4    4    7    7    7    7    7    7    9    9    9
 122.8  122.8  122.8  122.8  122.8  122.8  122.8  122.8  122.8  122.8  122.8  122.8  122.8  122.8  122.8  122.8  122.8  122.8  122.8  122.8  122.8  122.8  122.8  122.8
   79    42    36    35    22    46    62   104    39   124   368   150    58   126   251   367   309   348   416   521   358   121   163   374
   -42    -16    -14    -10     -7    -11    -14    -69    -18    -54   -258   -101    -31    -57   -173   -271   -210   -248   -288   -365   -210    -45    -87   -248
    37     26     22     25     15     35     48     36     22     71    109     49     26     69     78     97     99    100    128    156    148     77     76    126
   0.4    0.2    0.3    0.3   -0.2    0.2   -0.0   -0.6   -0.6    0.2    0.8   -0.5    0.1    1.4    1.6    1.7    1.8    2.1    1.8    1.8    1.6    0.5    1.1    2.0
 0.007474  0.007474  0.007474  0.007474  0.007474  0.007474  0.007474  0.007474  0.007474  0.007474  0.007474  0.007474  0.007474  0.007474  0.007474  0.007474  0.007474  0.007474  0.007474  0.007474  0.007474  0.007474  0.007474  0.007474
1000000.00 1000000.00 1000000.00 1000000.00 1000000.00 1000000.00 1000000.00 1000000.00 1000000.00 1000000.00 1000000.00 1000000.00 1000000.00 1000000.00 1000000.00 1000000.00 1000000.00 1000000.00 1000000.00 1000000.00 1000000.00 1000000.00 1000000.00 1000000.00
 99999.99  99999.99  99999.99  99999.99  99999.99  99999.99  99999.99  99999.99  99999.99  99999.99  99999.99  99999.99  99999.99  99999.99  99999.99  99999.99  99999.99  99999.99  99999.99  99999.99  99999.99  99999.99  99999.99  99999.99
 99999.99  99999.99  99999.99  99999.99  99999.99  99999.99  99999.99  99999.99  99999.99  99999.99  99999.99  99999.99  99999.99  99999.99  99999.99  99999.99  99999.99  99999.99  99999.99  99999.99  99999.99  99999.99  99999.99  99999.99
     0.14      0.14      0.15      0.16      0.13      0.14      0.14      0.14      0.14      0.15      0.14      0.13      0.14      0.16      0.17      0.14      0.15      0.14      0.12      0.16      0.13      0.15      0.15      0.15
     0.08      0.08      0.08      0.08      0.08      0.08      0.09      0.07      0.08      0.08      0.08      0.07      0.08      0.09      0.08      0.08      0.08      0.08      0.07      0.09      0.08      0.09      0.07      0.08
     0.06      0.06      0.06      0.06      0.06      0.05      0.07      0.05      0.06      0.06      0.06      0.05      0.07      0.07      0.06      0.06      0.06      0.06      0.05      0.06      0.06      0.07      0.05      0.06
 -1  -1  -1  -1  -1  -1  -1  -1  -1  -1  -1  -1  -1  -1  -1  -1  -1  -1  -1  -1  -1  -1  -1  -1
