1999  46  0 2260 71 71  15  15   9.2   7.2 -13.8 139.7  -5.3   4.5  -1.7   4.7   0.8   0.3   4.9   1.6   1.8   4.2  235189.   7.1  514.   2.1  -0.9 0.044   11415.   0.5   11.   1.5   2.8 0.006  3.68  -0.41   1.27   7.4  5.1 0.0215 40 213    -4  27 185.5  263  -184    79   1.5 0.008800      0.69     0.67     0.64     0.61     0.53     0.43 -1
1999  46  1 2260 71 71  15  15   9.3   7.5  -6.7 146.8  -6.2   4.0  -0.9   3.9   1.1   0.3   4.3   1.5   2.2   3.3  236801.   7.1  510.   2.1  -1.6 0.039   12889.   0.7   10.   1.9   1.9 0.006  3.57  -0.56   1.25   7.3  5.1 0.0223 40 213    -9  27 185.5  208  -140    68   0.9 0.008800      0.71     0.68     0.65     0.63     0.55     0.44 -1
1999  46  2 2260 71 71  16  16   9.6   7.3   2.1 141.0  -5.6   4.6   0.3   4.0   2.3   0.3   5.6   2.2   2.9   4.3  232972.   7.2  520.   2.0  -1.6 0.040   12714.   0.8   17.   1.4   2.7 0.009  3.77  -1.20   1.17   7.3  5.1 0.0225 40 213    -7  27 185.5  413  -336    77   2.2 0.008800      0.71     0.69     0.66     0.63     0.56     0.46 -1
1999  46  3 2260 71 71  15  15  10.2   7.1 -21.7 122.8  -3.6   5.5  -2.6   6.1  -0.1   0.6   6.8   2.4   3.2   5.4  209199.   6.7  546.   2.5   0.3 0.051   16755.   0.8   11.   1.5   2.3 0.006  4.02   0.05   0.90   6.9  5.2 0.0248 37 213    -6  22 185.5  255  -166    89   2.1 0.008800      0.69     0.67     0.64     0.61     0.54     0.42 -1
1999  46  4 2260 71 71  15  15   9.4   7.3  -9.1 131.6  -4.8   5.4  -1.2   5.5   0.8   0.4   5.0   1.8   2.5   3.9  213848.   6.8  549.   2.5   0.4 0.044   11850.   0.5    9.   1.4   2.9 0.004  4.03  -0.44   1.10   7.6  5.5 0.0205 37 213   -13  22 185.5  272  -188    84   2.2 0.008800      0.69     0.67     0.64     0.61     0.54     0.43 -1
1999  46  5 2260 71 71  15  15   8.8   7.1  -8.7 134.1  -4.9   5.0  -1.1   5.1   0.5   0.4   4.2   1.0   2.2   3.5  191035.   6.7  551.   2.5   0.9 0.043    9385.   0.6    7.   1.3   2.5 0.004  3.98  -0.28   1.15   8.1  5.7 0.0181 37 213   -16  22 185.5  217  -140    77   1.7 0.008800      0.72     0.65     0.63     0.60     0.52     0.42 -1
1999  46  6 2260 71 71  16  16   8.3   6.3   7.2 123.7  -3.4   5.2   0.8   4.8   2.2   0.3   4.3   2.0   1.5   3.5  185638.   6.4  568.   1.7   0.6 0.045    8957.   0.7   16.   1.0   2.8 0.004  4.07  -1.25   1.21   8.7  6.0 0.0159 27 213   -16  12 185.5  240  -141    99   1.5 0.008800      0.69     0.66     0.64     0.60     0.51     0.42 -1
1999  46  7 2260 71 71  15  15   8.6   7.4  34.8 131.7  -4.0   4.5   4.2   3.4   5.1   0.2   3.5   2.1   2.5   1.2  179075.   5.2  564.   2.1  -1.5 0.049    9354.   0.6   15.   1.4   1.3 0.005  3.30  -2.88   0.90   7.5  5.6 0.0213 27 213   -15  12 185.5  318  -211   107   1.4 0.008800      0.65     0.63     0.60     0.57     0.51     0.42 -1
1999  46  8 2260 71 71  15  15   8.2   6.1  33.2 134.4  -3.6   3.6   3.3   2.9   3.9   0.4   4.9   1.5   3.2   3.3  188564.   5.6  570.   2.5  -1.3 0.051   15197.   0.6   10.   1.8   2.4 0.005  3.66  -2.22   1.10   8.2  5.9 0.0176 27 213    -9  12 185.5  202  -135    66   1.4 0.008800      0.68     0.65     0.62     0.60     0.53     0.43 -1
1999  46  9 2260 71 71  15  15   8.1   7.0   7.2 126.3  -4.1   5.6   0.9   5.4   1.8   0.3   3.6   1.5   1.6   2.9  196048.   5.3  567.   1.7   0.3 0.051    9658.   0.5   11.   1.0   2.1 0.006  3.43  -1.02   1.09   8.1  5.8 0.0183 30 213   -10  15 185.5  111   -68    43   0.9 0.008800      0.67     0.65     0.63     0.59     0.51     0.41 -1
1999  46 10 2260 71 71  15  15   7.6   6.8   1.9 136.7  -5.0   4.7   0.2   4.6   0.9   0.4   2.8   0.8   0.9   2.5  217083.   5.0  569.   2.8   0.5 0.047   13086.   0.7    6.   0.6   1.6 0.004  3.21  -0.51   1.24   8.4  5.8 0.0170 30 213   -12  15 185.5  214  -146    68   1.6 0.008800      0.66     0.63     0.60     0.57     0.50     0.40 -1
1999  46 11 2260 71 71  15  15   8.2   7.5   9.0 130.1  -4.8   5.7   1.2   5.4   2.1   0.4   2.8   1.1   1.1   2.3  203009.   4.4  580.   2.5   0.4 0.055   10715.   0.6    6.   0.8   1.7 0.007  3.02  -1.22   0.90   7.4  5.6 0.0216 30 213   -11  15 185.5  293  -231    62   1.2 0.008800      0.68     0.66     0.64     0.61     0.54     0.44 -1
1999  46 12 2260 71 71  15  15   8.7   7.9  40.5 129.9  -3.8   4.6   5.1   3.6   5.8   0.2   3.2   1.6   1.5   2.4  196758.   4.0  587.   2.9  -2.4 0.048   11961.   0.4   11.   0.9   1.9 0.005  2.74  -3.40   0.71   6.7  5.3 0.0261 30 213    -9  15 185.5  149  -103    46   0.4 0.008800      0.73     0.71     0.68     0.65     0.57     0.46 -1
1999  46 13 2260 71 71  15  15   8.4   7.3  22.9 122.3  -3.6   5.7   2.8   5.0   3.9   0.2   3.2   2.0   1.2   2.1  191780.   4.4  588.   2.6  -0.5 0.049    9059.   0.3   11.   0.7   1.2 0.006  3.04  -2.29   0.83   7.3  5.6 0.0221 30 213    -4  15 185.5   86   -28    58   0.7 0.008800      0.70     0.67     0.65     0.62     0.55     0.43 -1
1999  46 14 2260 71 71  16  16   8.2   5.4  -4.5 143.2  -4.3   3.2  -0.4   3.2   0.4   0.3   5.6   2.6   3.1   3.9  190283.   4.3  588.   4.2   2.1 0.045   15556.   0.7   15.   2.1   2.4 0.008  2.93  -0.24   0.85   7.4  5.6 0.0215 30 213    -5  15 185.5  236  -195    41   1.8 0.008800      0.71     0.69     0.66     0.62     0.55     0.44 -1
1999  46 15 2260 71 71  14  14   7.4   5.3  37.4 129.8  -2.7   3.3   3.2   2.3   4.0   1.1   5.0   2.2   1.5   4.2  198743.   3.9  597.   3.4  -0.4 0.050   33146.   0.6    6.   1.3   2.3 0.007  2.79  -2.39   0.97   8.0  5.9 0.0187 23 213    -5   9 185.5  160  -118    41   0.4 0.008800      0.70     0.68     0.65     0.62     0.54     0.43 -1
1999  46 16 2260 71 71  15  15   5.5   4.2  46.4 177.8  -2.9   0.1   3.0  -0.9   2.9   0.6   3.2   1.3   2.2   2.0  252883.   3.8  598.   5.5  -0.5 0.051   22229.   0.2    8.   0.9   0.7 0.011  2.73  -1.73   1.99  10.6  6.4 0.0106 23 213    -5   9 185.5  108   -70    37   0.7 0.008800      0.65     0.63     0.60     0.56     0.50     0.40 -1
1999  46 17 2260 71 71  16  16   5.8   3.6  50.4 145.9  -1.9   1.3   2.7   0.2   3.0   0.3   4.1   3.2   1.8   1.7  282459.   3.1  615.   5.0  -0.4 0.052   37655.   0.4   29.   1.4   1.4 0.010  2.37  -1.84   1.57   9.3  6.1 0.0137 23 213    -9   9 185.5  131   -80    52   0.8 0.008800      0.86     0.67     0.64     0.61     0.54     0.42 -1
1999  46 18 2260 71 71  15  15   6.0   3.8  65.0  15.0   1.5   0.4   3.4  -1.0   3.3   0.5   4.0   2.9   2.3   1.4  276933.   2.4  650.   5.2  -1.0 0.052   34733.   0.4   25.   1.8   1.2 0.012  2.05  -2.15   1.12   8.4  6.0 0.0169 27 213   -10  12 185.5  193  -145    48   1.1 0.008800      0.69     0.63     0.60     0.57     0.50     0.40 -1
1999  46 19 2260 71 71  15  15   5.1   3.4  28.5 106.0  -0.8   2.8   1.6   1.8   2.7   0.6   3.4   2.7   1.5   1.4  285896.   2.4  621.   3.4   0.9 0.046   31902.   0.2   22.   1.3   1.3 0.011  1.83  -1.68   1.59   9.4  6.1 0.0134 27 213   -10  12 185.5  193  -158    35   1.3 0.008800      0.72     0.68     0.65     0.62     0.55     0.45 -1
1999  46 20 2260 71 71  14  14   5.5   5.0   4.2 132.1  -3.3   3.7   0.4   3.1   2.1   0.2   1.9   1.1   0.8   1.3  231962.   2.5  599.   3.0   2.3 0.048   19810.   0.2    8.   0.7   1.1 0.011  1.79  -1.26   1.24   8.6  6.0 0.0160 27 213    -8  12 185.5  148   -97    51   0.4 0.008800      0.66     0.63     0.60     0.57     0.49     0.39 -1
1999  46 21 2260 71 71  15  15   5.0   3.3  24.7 137.8  -2.2   2.0   1.4   1.0   2.2   0.5   3.4   1.6   0.8   2.9  284901.   2.1  597.   3.4   1.4 0.046   34601.   0.3    9.   0.8   2.1 0.010  1.48  -1.31   1.44   8.7  5.8 0.0159 20 213    -7   7 185.5   98   -51    47   0.2 0.008800      0.67     0.62     0.60     0.56     0.49     0.39 -1
1999  46 22 2260 71 71  15  15   3.9   3.6   2.9 158.2  -3.4   1.3   0.2   1.0   0.8   0.6   1.3   0.6   0.8   0.9  360844.   2.3  586.   3.6   1.7 0.033   15098.   0.1    3.   0.7   0.7 0.003  1.49  -0.47   3.08  11.4  6.0 0.0092 20 213    -8   7 185.5   83   -57    26   0.2 0.008800      0.74     0.69     0.66     0.62     0.54     0.42 -1
1999  46 23 2260 71 71  15  15   4.5   4.0  -1.3 157.9  -3.7   1.5  -0.1   1.3   0.7   0.1   1.8   0.4   0.5   1.7  316522.   2.4  585.   3.1   1.3 9.999   13798.   0.1    3.   0.4   0.9 9.999  1.64  -0.41   2.19  10.1  5.9 0.0117 20 213    -9   7 185.5   48   -24    24   0.1 0.008800      0.75     0.61     0.59     0.56     0.47     0.36 -1
1999  47  0 2260 71 71  15  15   3.9   3.1   3.5 137.3  -2.3   2.1   0.2   1.7   1.2   0.3   2.0   1.2   0.6   1.5  319536.   2.1  587.   2.7   1.5 0.044   12835.   0.2    5.   0.4   0.7 0.011  1.42  -0.70   2.57  10.9  6.1 0.0100 20 197    -7   7 187.3   73   -33    40   0.3 0.009000      0.74     0.70     0.67     0.64     0.57     0.47 -1
1999  47  1 2260 71 71  15  15   3.8   2.9  18.0 164.5  -2.7   0.7   0.9   0.2   1.1   0.5   2.3   0.7   2.0   0.8  322670.   2.0  572.   4.2   1.4 0.034   16019.   0.1    5.   1.8   1.2 0.006  1.24  -0.63   2.60  10.6  5.9 0.0105 20 197    -7   7 187.3   36    -9    27  -0.0 0.009000      0.68     0.63     0.61     0.58     0.51     0.41 -1
1999  47  2 2260 71 71  14  14   5.0   3.3  14.5 143.1  -2.6   1.9   0.8   1.3   1.6   0.8   3.7   1.8   1.4   2.9  300921.   2.0  568.   3.6   1.9 0.031   36827.   0.3    8.   0.9   1.9 0.006  1.21  -0.91   1.43   8.0  5.4 0.0184 20 197    -5   7 187.3   63   -27    36  -0.0 0.009000      0.71     0.66     0.63     0.60     0.52     0.42 -1
1999  47  3 2260 71 71  16  16   6.1   4.9  27.8  42.5   3.2   2.9   2.3   1.7   3.3   0.4   3.3   2.1   1.6   2.0  238428.   1.7  597.   3.9   2.7 0.055   16830.   0.2   17.   1.0   2.1 0.013  1.23  -1.97   0.70   6.4  5.0 0.0292  7 197    -5   3 187.3   36    -9    27   0.0 0.009000      0.68     0.61     0.58     0.55     0.47     0.38 -1
1999  47  4 2260 71 71  14  14   6.0   5.3  54.7  40.6   2.3   2.0   4.3   0.3   4.7   0.6   2.5   1.6   1.5   1.2  265841.   1.5  576.   4.4   0.5 0.056   35773.   0.2   11.   0.6   1.3 0.004  1.02  -2.71   0.68   5.9  4.7 0.0344  7 197    -7   3 187.3   27    -9    18  -0.2 0.009000      0.71     0.64     0.61     0.57     0.49     0.38 -1
1999  47  5 2260 71 71  15  15   5.8   5.2  56.3 259.4  -0.5  -2.8   4.3  -4.0   3.2   0.6   2.3   1.0   1.6   1.4  264655.   1.9  561.   5.0   0.2 0.046   19890.   0.2    7.   1.2   1.2 0.009  1.18  -1.80   0.92   6.7  5.0 0.0268  7 197    -7   3 187.3   29    -8    21  -0.2 0.009000      0.81     0.75     0.70     0.63     0.54     0.44 -1
1999  47  6 2260 71 71  16  16   5.6   3.5  40.1   5.6   2.7   0.3   2.3  -0.3   2.3   0.4   4.2   2.2   2.6   2.5  294834.   1.6  567.   3.7   0.6 0.067   15889.   0.1    9.   0.8   0.9 0.013  1.09  -1.30   0.90   6.4  4.8 0.0290 10 197    -7   4 187.3   28    -8    19  -0.0 0.009000      0.87     0.81     0.72     0.65     0.55     0.44 -1
1999  47  7 2260 71 71  14  14   4.9   0.7  44.9  46.1   0.3   0.3   0.5   0.2   0.6   0.6   4.6   2.6   3.2   2.1  289181.   1.7  551.   4.4   0.3 0.054   15819.   0.1   15.   1.5   1.0 0.009  1.05  -0.33   1.23   7.3  5.1 0.0221 10 197    -7   4 187.3   48   -18    30   0.2 0.009000      0.93     0.82     0.71     0.62     0.53     0.43 -1
1999  47  8 2260 71 71  16  16   4.3   4.1  -9.7  60.4   2.0   3.5  -0.7   3.6   0.0   0.4   0.9   0.4   0.4   0.7  254673.   1.4  565.   3.0   1.2 0.041   27001.   0.2   10.   0.7   0.8 0.006  0.87  -0.00   1.21   7.8  5.4 0.0197 10 197    -7   4 187.3  104   -78    26   0.6 0.009000      1.05     0.89     0.75     0.64     0.52     0.41 -1
1999  47  9 2260 71 71  14  14   3.8   3.3 -41.1  75.4   0.6   2.4  -2.2   2.7  -1.8   0.3   1.6   1.4   0.6   0.4  206970.   1.4  574.   2.9   2.1 0.046   13815.   0.1   10.   0.5   0.4 0.014  0.91   1.03   1.35   8.9  6.1 0.0149 17 197    -7   6 187.3  248  -194    54   1.6 0.009000      1.07     0.88     0.74     0.63     0.52     0.42 -1
1999  47 10 2260 71 71  15  15   3.5   2.9 -12.3 105.6  -0.8   2.7  -0.6   2.8  -0.2   0.1   1.8   1.0   0.6   1.3  242478.   1.2  537.   2.7   3.4 0.037   26427.   0.1    7.   0.6   0.5 0.006  0.66   0.11   1.51   8.4  5.5 0.0168 17 197   -10   6 187.3  258  -229    30   1.9 0.009000      1.31     1.04     0.82     0.67     0.52     0.41 -1
1999  47 11 2260 71 71  15  15   3.7   3.1   9.8  51.5   1.9   2.4   0.5   2.3   0.9   0.2   1.8   1.2   0.8   1.1  257741.   1.1  534.   2.2   2.7 0.031   26096.   0.1   11.   0.7   1.0 0.003  0.59  -0.48   1.29   7.6  5.2 0.0208 17 197   -10   6 187.3  114   -72    42   0.8 0.009000      1.59     1.15     0.83     0.64     0.49     0.37 -1
1999  47 12 2260 71 71  15  15   3.5   3.0  -2.4  72.9   0.9   2.8  -0.1   2.8   0.4   0.1   1.4   0.7   0.3   1.2  228784.   1.2  513.   1.8   2.6 0.031   16081.   0.1    8.   0.6   1.1 0.004  0.59  -0.21   1.46   8.0  5.3 0.0185 10 197    -6   4 187.3  104   -73    31   1.0 0.009000      1.86     1.34     0.93     0.69     0.55     0.43 -1
1999  47 13 2260 71 71  15  15   3.5   2.5  33.5  34.5   1.7   1.2   1.4   0.9   1.6   0.3   2.3   1.3   1.9   0.5  194762.   1.3  510.   2.1   2.0 0.029   19523.   0.2    5.   0.7   0.5 0.002  0.63  -0.82   1.43   8.3  5.6 0.0172 10 197    -3   4 187.3  113  -106     6   0.5 0.009000      2.51     1.54     1.00     0.72     0.54     0.43 -1
1999  47 14 2260 71 71  13  13   3.3   2.2  13.9  92.3  -0.1   2.1   0.5   1.9   1.0   0.4   2.4   1.6   1.6   0.5  172142.   1.3  494.   2.1   2.6 0.029   14591.   0.2    9.   0.6   0.5 0.001  0.59  -0.49   1.49   8.5  5.6 0.0163 10 197    -3   4 187.3   47   -27    20   0.5 0.009000      2.70     1.60     1.00     0.73     0.55     0.46 -1
1999  47 15 2260 71 71  15  15   3.8   3.5  61.5 134.9  -1.2   1.2   3.1   0.3   3.3   0.2   1.3   0.6   0.8   0.7   77661.   1.5  468.   0.6  -0.2 0.022   32958.   0.3    3.   0.9   1.4 0.004  0.60  -1.54   0.89   7.5  5.7 0.0209  3 197    -4   2 187.3   30   -19    12   0.4 0.009000      3.25     1.75     1.00     0.68     0.50     0.40 -1
1999  47 16 2260 71 71  15  15   4.0   3.6  61.9 100.1  -0.3   1.7   3.2   0.6   3.6   0.2   1.3   0.6   0.9   0.8   57606.   2.0  464.  -0.7  -0.6 0.019   10905.   0.2    4.   0.7   1.0 0.002  0.77  -1.67   0.97   8.2  6.1 0.0177  3 197    -5   2 187.3   42   -23    19   0.0 0.009000      4.40     2.06     1.08     0.70     0.51     0.40 -1
1999  47 17 2260 71 71  15  15   4.3   4.1  61.8 116.8  -0.9   1.7   3.6   0.3   4.0   0.1   1.3   0.5   1.1   0.5   61457.   2.1  458.  -0.8  -1.0 0.018    5160.   0.2    3.   0.8   0.4 0.002  0.79  -1.83   0.90   7.7  5.8 0.0200  3 197    -7   2 187.3   31   -22     9  -0.1 0.009000      3.10     1.75     1.04     0.72     0.54     0.42 -1
1999  47 18 2260 71 71  15  15   4.3   4.1  40.1  99.4  -0.5   3.1   2.6   1.8   3.6   0.1   1.3   0.8   0.5   0.9   74962.   2.7  457.  -2.1  -1.2 0.017    3101.   0.3    3.   0.4   0.8 0.002  1.01  -1.65   1.24   8.7  6.1 0.0156  3 197    -6   2 187.3   28   -18    10  -0.1 0.009000      4.67     2.12     1.10     0.73     0.54     0.43 -1
1999  47 19 2260 71 71  15  15   4.4   4.1   4.8 108.6  -1.3   3.9   0.3   3.4   2.0   0.2   1.4   0.7   0.3   1.2   76026.   2.9  450.  -2.8   1.2 0.019    3006.   0.2    4.   0.2   0.9 0.003  1.06  -0.90   1.27   8.7  6.0 0.0157  3 197    -4   2 187.3   22   -10    11   0.1 0.009000      3.32     1.71     0.96     0.67     0.52     0.40 -1
1999  47 20 2260 71 71  15  15   4.1   2.7   6.8  93.9  -0.2   2.7   0.3   2.2   1.6   0.2   3.0   0.3   0.9   2.9   66711.   2.6  451.  -1.9   0.4 0.023    4839.   0.2    3.   0.7   2.3 0.009  0.96  -0.72   1.26   8.9  6.1 0.0151  3 197    -3   2 187.3   23    -9    15   0.2 0.009000      4.98     2.15     1.07     0.73     0.56     0.44 -1
1999  47 21 2260 71 71  15  15   4.7   4.5  21.9 126.8  -2.5   3.4   1.7   2.1   3.2   0.5   1.1   1.0   0.2   0.4   68284.   3.3  446.  -2.3  -0.8 0.022    8536.   0.6    2.   0.3   0.6 0.004  1.19  -1.43   1.22   8.6  6.0 0.0160  7 197     0   3 187.3   21    -7    14  -0.3 0.009000     10.60     3.21     1.18     0.73     0.55     0.44 -1
1999  47 22 2260 71 71  15  15   5.7   5.4  16.3 114.4  -2.1   4.7   1.5   3.3   3.7   0.4   1.7   0.9   0.8   1.3   63160.   3.7  457.  -3.3   0.2 0.024   11185.   0.9    6.   0.6   1.4 0.008  1.41  -1.69   0.91   7.7  5.8 0.0200  7 197     4   3 187.3   24    -9    15  -0.3 0.009000      4.28     2.06     1.03     0.69     0.52     0.41 -1
1999  47 23 2260 71 71  15  15   6.2   6.0  51.2 122.8  -2.0   3.2   4.7   0.3   5.7   0.2   1.5   0.6   1.3   0.6   42146.   4.1  454.  -2.6  -2.6 0.030    6007.   0.5    3.   0.5   0.7 0.008  1.58  -2.59   0.76   7.4  5.8 0.0216  7 197     6   3 187.3   26   -10    15  -0.3 0.009000      4.85     2.10     0.99     0.65     0.49     0.40 -1
1999  48  0 2260 71 71  15  15   6.8   6.4   0.3  95.1  -0.6   6.4   0.0   5.5   3.2   0.2   2.1   0.6   1.3   1.5   22023.   3.3  457.  -1.0  -0.0 0.046   12350.   0.3    4.   0.2   1.3 0.007  1.36  -1.46   0.45   6.1  5.2 0.0319  7 181     6   3 185.3   23   -10    13  -0.1 0.009049     19.80     5.19     1.47     0.75     0.53     0.43 -1
1999  48  1 2260 71 71  15  15   6.5   6.1   3.0 109.4  -2.0   5.7   0.3   4.8   3.0   0.3   2.1   1.0   1.1   1.5   30601.   3.4  455.  -1.5  -1.0 0.050   12744.   0.5    9.   0.6   1.3 0.012  1.41  -1.36   0.53   6.5  5.3 0.0286  7 181     5   3 185.3   21    -7    14  -0.0 0.009049     13.90     3.92     1.28     0.73     0.54     0.43 -1
1999  48  2 2260 71 71  15  15   6.5   6.3 -24.0  69.5   2.0   5.3  -2.5   5.9   0.2   0.1   1.7   1.5   0.7   0.5   20812.   4.4  460.  -1.9   0.1 0.051    2242.   0.9    3.   0.3   0.7 0.009  1.87  -0.09   0.65   7.4  5.9 0.0216  7 181     6   3 185.3   28   -11    17   0.3 0.009049      8.64     2.71     1.10     0.69     0.52     0.41 -1
1999  48  3 2260 71 71  15  15   6.1   6.1 -39.7  51.6   2.9   3.7  -3.9   5.0  -2.0   0.2   0.8   0.6   0.4   0.4   21765.   5.0  459.  -2.2   0.9 0.051    2269.   0.5    4.   0.4   0.3 0.008  2.12   0.92   0.84   8.4  6.4 0.0168 27 181     1  12 185.3  113   -84    29   1.3 0.009049      7.51     2.84     1.30     0.74     0.53     0.42 -1
1999  48  4 2260 71 71  15  15   5.9   5.1 -26.1  70.0   1.6   4.3  -2.2   4.8  -0.5   0.7   2.5   1.2   1.4   1.7   34243.   5.3  455.  -1.4  -1.1 0.058    8281.   0.6    5.   0.5   1.0 0.009  2.26   0.23   1.03   8.9  6.5 0.0151 27 181    -4  12 185.3  143  -106    38   1.9 0.009049      6.74     2.44     1.05     0.68     0.52     0.41 -1
1999  48  5 2260 71 71  15  15   6.2   5.9 -38.5  58.7   2.4   3.9  -3.7   4.9  -2.3   0.1   1.7   0.7   1.2   1.0   25899.   4.9  454.  -0.8  -0.7 0.055    2654.   0.4    2.   0.3   0.4 0.004  2.06   1.04   0.82   8.1  6.2 0.0181 27 181    -5  12 185.3  230  -157    74   1.8 0.009049      8.92     2.88     1.11     0.69     0.54     0.43 -1
1999  48  6 2260 71 71  15  15   6.7   6.5 -19.1  83.2   0.7   6.1  -2.1   6.4  -0.3   0.3   1.2   0.8   0.5   0.8   22600.   5.1  455.  -1.5  -0.9 0.047    2997.   0.9    3.   0.6   0.9 0.005  2.09   0.14   0.71   7.7  6.0 0.0202 37 181    -4  22 185.3  315  -236    79   2.2 0.009049      9.83     3.08     1.12     0.69     0.52     0.41 -1
1999  48  7 2260 71 71  16  16  10.9  10.6 -17.0  84.9   0.9  10.1  -3.1  10.5  -0.7   2.5   3.3   0.5   2.7   1.9   44074.   8.1  485.  -1.5  -1.9 0.055    8843.   1.8   15.   0.4   1.3 0.006  3.88   0.34   0.49   6.3  5.3 0.0297 37 181     5  22 185.3  408  -269   139   5.0 0.009049     15.00     3.32     1.15     0.69     0.52     0.40 -1
1999  48  8 2260 71 71  15  15  13.3  13.2 -30.3  79.2   2.1  11.2  -6.7  12.3  -4.3   0.1   1.7   0.9   0.8   1.2   37713.   8.7  490.  -1.1  -3.3 0.060    2427.   0.7    2.   0.4   0.6 0.009  4.33   2.11   0.34   5.4  4.8 0.0403 37 181     0  22 185.3  443  -306   137   4.4 0.009049     16.20     3.62     1.33     0.83     0.63     0.50 -1
1999  48  9 2260 71 71  15  15  13.0  12.2 -56.2  73.1   2.0   6.5 -10.2   8.2  -8.9   0.9   4.1   1.3   2.7   2.7   39767.   7.9  493.  -1.5  -0.0 0.048   12995.   2.1    3.   1.0   1.1 0.010  3.82   4.39   0.33   5.3  4.7 0.0419 50 181   -18  48 185.3  654  -443   211   4.3 0.009049     13.20     3.87     1.24     0.70     0.52     0.40 -1
1999  48 10 2260 71 71  14  14  11.1  10.1 -20.5 105.2  -2.5   9.2  -3.6   9.7  -2.0   0.6   3.8   1.0   0.9   3.6   84974.   8.5  476.  -2.8  -0.4 0.050    7728.   2.1    8.   0.8   1.9 0.007  3.86   0.95   0.61   6.3  5.1 0.0304 50 181   -32  48 185.3  761  -649   113   4.7 0.009049     14.40     4.56     1.37     0.72     0.51     0.41 -1
1999  48 11 2260 71 71  16  16  10.5   8.8 -52.0 104.5  -1.3   5.2  -6.9   6.3  -5.9   1.0   4.9   1.4   3.3   3.4  126048.   8.6  486.  -0.2  -0.8 0.028   28463.   1.3    5.   1.5   1.0 0.003  3.77   2.87   0.83   6.8  5.2 0.0258 50 181   -24  48 185.3  481  -383    98   4.1 0.009049     15.70     4.86     1.34     0.71     0.52     0.43 -1
1999  48 12 2260 71 71  15  15   8.1   7.7 -65.6 140.7  -2.5   2.0  -7.0   3.2  -6.5   0.5   2.4   0.8   2.1   0.9  219407.   7.1  481.  -0.1  -0.2 0.025   29268.   1.7    5.   1.8   1.4 0.004  3.02   3.13   1.57   7.9  5.2 0.0190 40 181   -31  27 185.3  452  -362    90   3.5 0.009049     22.00     6.04     1.44     0.69     0.48     0.37 -1
1999  48 13 2260 71 71  14  14   8.0   7.4 -22.7 108.3  -2.1   6.4  -2.8   6.8  -1.4   0.3   2.3   1.0   0.7   1.9  251464.   5.5  477.  -3.1  -0.6 0.030   10338.   0.4    4.   0.3   1.3 0.004  2.34   0.67   1.36   7.0  4.7 0.0243 40 181   -29  27 185.3  923  -699   224   4.3 0.009049     41.70     9.42     1.72     0.74     0.50     0.41 -1
1999  48 14 2260 71 71  15  15   8.3   8.0   8.8  97.1  -1.0   7.8   1.2   7.3   3.0   0.2   2.1   1.1   0.4   1.7  232664.   5.7  472.  -4.1   0.3 0.028   10260.   0.4    4.   0.6   1.4 0.002  2.36  -1.42   1.24   6.8  4.7 0.0258 40 181   -32  27 185.3  304  -222    82   1.8 0.009049     67.20    13.00     2.02     0.79     0.52     0.40 -1
1999  48 15 2260 71 71  15  15   8.2   7.9  -3.7 103.4  -1.8   7.7  -0.5   7.5   1.7   0.1   2.0   1.3   0.3   1.5  204880.   5.6  463.  -3.9  -0.0 0.026   18504.   0.3   11.   0.6   1.0 0.003  2.21  -0.79   1.15   6.7  4.7 0.0266 20 181   -29   7 185.3  108   -25    83   0.9 0.009049    110.00    16.60     2.16     0.78     0.50     0.39 -1
1999  48 16 2260 71 71  15  15   7.9   7.7 -23.7 110.7  -2.5   6.6  -3.1   7.2  -0.8   0.2   1.6   0.9   0.8   1.0  163857.   5.9  447.  -3.0   2.0 0.021   12100.   0.3    5.   0.6   0.8 0.003  2.13   0.36   1.15   6.9  4.9 0.0252 20 181   -29   7 185.3  122   -87    35   1.4 0.009049    158.00    22.90     2.58     0.83     0.50     0.39 -1
1999  48 17 2260 71 71  14  14   8.1   7.9 -15.9 102.0  -1.6   7.5  -2.2   7.8   0.7   0.2   1.2   0.6   0.4   0.9  123651.   5.8  444.  -4.4   1.0 0.025   11405.   0.3    4.   0.4   0.9 0.004  2.10  -0.31   0.93   6.6  4.9 0.0273 20 181   -29   7 185.3  241  -201    40   1.2 0.009049    309.00    51.60     4.97     1.02     0.51     0.40 -1
1999  48 18 2260 71 71  15  15   7.8   7.0 -19.5 122.1  -3.5   5.6  -2.3   6.1   0.2   0.5   3.3   1.3   1.7   2.5  114934.   5.6  424.  -3.9   0.1 0.025   14140.   0.6    7.   1.0   2.0 0.003  1.85  -0.08   0.93   6.4  4.8 0.0288 17 181   -30   6 185.3  228  -192    36   1.6 0.009049    233.00    40.70     4.36     1.01     0.53     0.43 -1
1999  48 19 2260 71 71  15  15   8.6   8.4   2.1 115.6  -3.6   7.6   0.3   6.7   3.7   0.2   1.2   0.6   0.3   0.9   86965.   4.8  425.  -4.2  -2.8 0.027    8494.   0.4    3.   0.4   0.6 0.004  1.60  -1.57   0.58   5.4  4.4 0.0406 17 181   -33   6 185.3  120   -75    44   0.3 0.009049    169.00    28.80     3.21     0.87     0.49     0.39 -1
1999  48 20 2260 71 71  14  14   8.8   8.0 -33.7 129.0  -4.2   5.1  -4.4   6.6  -1.4   0.4   3.4   0.4   1.4   3.1   82984.   3.5  416.  -4.2  -2.7 0.042    6558.   0.9    2.   0.6   0.9 0.010  1.18   0.58   0.40   4.4  3.8 0.0608 17 181   -31   6 185.3   84   -45    39   0.9 0.009049    163.00    26.60     2.91     0.87     0.54     0.44 -1
1999  48 21 2260 71 71  14  14   8.1   7.8  -2.0 131.0  -5.1   5.9  -0.3   5.3   2.7   0.3   1.6   0.8   0.5   1.3   78761.   3.9  401.  -4.4  -4.7 0.052    9732.   1.0    9.   0.5   1.0 0.016  1.27  -1.08   0.51   4.9  4.1 0.0498 23 181   -34   9 185.3  220  -170    49   0.5 0.009049 999999.99 99999.99 99999.99 99999.99 99999.99 99999.99  0
1999  48 22 2260 71 71  14  14   8.0   7.9   5.2 149.7  -6.8   3.9   0.7   3.0   2.6   0.1   1.0   0.2   0.6   0.7   76282.   3.1  382.  -3.4  -7.8 0.086    9905.   0.4    6.   0.8   0.8 0.013  1.02  -0.99   0.41   4.2  3.6 0.0673 23 181   -33   9 185.3   43   -18    25  -0.1 0.009049    180.00    23.10     2.36     0.82     0.55     0.43 -1
1999  48 23 2260 71 71  16  16   7.8   7.4 -11.4 143.4  -5.8   4.3  -1.5   4.5   0.9   0.1   2.1   1.2   0.8   1.5   69065.   2.9  383.  -2.2  -5.2 0.093    6567.   0.4   11.   0.5   2.0 0.012  0.97  -0.34   0.39   4.2  3.6 0.0680 23 181   -33   9 185.3   29    -3    26  -0.3 0.009049    186.00    20.90     2.05     0.74     0.50     0.40 -1
1999  49  0 2260 71 71   9   9   7.5   7.3 -21.0 142.8  -5.4   4.1  -2.6   4.9  -0.2   0.1   1.3   0.6   0.4   1.0   93928.   2.8  385.  -1.3  -3.5 0.098   12167.   0.3    5.   1.1   1.7 0.023  0.96   0.08   0.46   4.3  3.6 0.0645 47 155   -29  39 164.2   28   -12    16   0.3 0.008977    181.00    19.10     1.92     0.74     0.51     0.40 -1
1999  49  1 2260 71 71  13  13   7.5   7.2  16.9 141.2  -5.3   4.3   2.1   2.7   3.9   0.1   1.7   0.5   0.2   1.6   87827.   3.1  387.  -3.2  -8.3 0.055   10501.   0.4    4.   0.6   1.2 0.028  0.95  -1.51   0.50   4.5  3.8 0.0576 47 155   -26  39 164.2   26   -10    17  -0.2 0.008977    146.00    14.50     1.64     0.69     0.49     0.39 -1
1999  49  2 2260 71 71  16  16   7.3   6.6   1.0 144.7  -5.4   3.8   0.1   3.3   1.8   0.3   2.4   0.6   0.7   2.2  126816.   3.4  389.  -1.3  -6.1 0.076   29968.   0.3    4.   1.4   2.3 0.021  1.12  -0.70   0.68   4.9  3.9 0.0493 47 155   -15  39 164.2   71   -22    49  -0.1 0.008977    154.00    13.20     1.50     0.67     0.49     0.40 -1
1999  49  3 2260 71 71  19  19  21.5  17.4 -42.7 100.0  -2.2  12.6 -11.8  16.4  -5.5   6.7  13.2   2.5   6.2  11.3  401576.   7.5  583.  -2.1  -3.6 0.128  119879.   3.1   76.   3.3   2.1 0.064  6.44   3.21   0.36   3.7  3.2 0.0863 60 155     2  80 164.2  415  -222   193   4.8 0.008977     97.20     7.92     1.23     0.67     0.53     0.41 -1
1999  49  4 2260 71 71  14  14  26.9  26.3 -40.0  89.5   0.2  20.2 -16.9  25.0  -8.2   0.4   3.5   2.6   1.6   1.8  449034.   6.1  607.  -3.5  -2.1 0.119   24045.   0.6   16.   1.0   0.7 0.026  5.54   4.98   0.20   2.8  2.6 0.1532 60 155   -47  80 164.2  781  -501   280   5.7 0.008977     28.70     3.20     0.87     0.58     0.49     0.39 -1
1999  49  5 2260 71 71  15  15  25.7  25.4 -32.2  93.1  -1.2  21.4 -13.5  24.6  -5.8   0.3   3.0   1.9   1.3   1.9  432475.   5.3  572.  -4.6  -0.2 0.124   28031.   0.6   13.   1.0   1.2 0.026  4.33   3.32   0.19   2.6  2.4 0.1812 60 155   -55  80 164.2  972  -625   347   9.9 0.008977     20.60     2.47     0.85     0.61     0.51     0.40 -1
1999  49  6 2260 71 71  15  15  26.6  26.1 -45.8  95.2  -1.6  18.1 -18.7  22.6 -12.9   0.6   4.7   2.7   1.8   3.4  311435.   5.3  564.   0.1   5.2 0.129   36509.   0.4   12.   2.6   3.1 0.026  4.27   7.28   0.14   2.4  2.3 0.1997 67 155   -55 111 164.2  626  -420   205   5.0 0.008977     13.20     1.95     0.78     0.58     0.48     0.37 -1
1999  49  7 2260 71 71  16  16  26.6  26.3 -55.6  69.7   5.1  13.9 -21.7  18.6 -17.8   1.1   3.2   1.1   2.8   1.0  492454.   4.1  627.   6.8   6.8 0.077  105484.   0.7   20.   3.2   1.2 0.042  3.52  11.16   0.15   2.4  2.2 0.2089 67 155   -73 111 164.2  793  -606   186   5.9 0.008977     12.70     1.92     0.75     0.56     0.48     0.39 -1
1999  49  8 2260 71 71  15  15  28.3  28.1 -55.7  68.6   5.8  14.7 -23.2  19.1 -19.7   0.3   3.2   1.8   2.3   1.3  381902.   3.9  612.   7.2   7.9 0.054   63031.   0.7    8.   1.1   1.5 0.015  2.97  12.06   0.10   2.1  2.0 0.2609 67 155  -106 111 164.2 1035  -962    73   9.1 0.008977     11.90     1.85     0.78     0.60     0.52     0.41 -1
1999  49  9 2260 71 71  15  15  27.9  27.7 -61.2  57.0   7.3  11.2 -24.2  15.4 -21.8   0.3   2.8   0.9   2.3   1.3  346059.   4.3  636.   1.5   5.8 0.024   36792.   0.8    9.   2.1   1.0 0.003  3.18  13.86   0.11   2.4  2.3 0.2129 67 155  -123 111 164.2 1148 -1082    66   5.6 0.008977     17.50     2.37     0.82     0.59     0.50     0.40 -1
1999  49 10 2260 71 71  14  14  26.2  16.5 -10.5  64.1   7.1  14.6  -3.0  14.9  -0.5   1.4  20.0   3.0   0.8  19.8  278332.  11.3  624.  -0.7   0.9 0.064  128114.  10.6   26.   2.7   4.9 0.026  9.23   0.31   0.28   4.0  3.6 0.0742 67 155  -115 111 164.2 1626 -1434   191   9.4 0.008977     16.00     2.12     0.80     0.59     0.51     0.43 -1
1999  49 11 2260 71 71  17  17  21.9  18.2   7.1  55.0  10.4  14.8   2.3  14.2   4.8   2.8  11.9   2.1   3.9  11.0  188685.  12.0  630.  -2.0   1.8 0.060   51950.   3.2   25.   2.1   4.2 0.014  9.86  -3.02   0.33   5.0  4.4 0.0479 67 155  -104 111 164.2  691  -571   120   4.6 0.008977     23.20     2.69     0.81     0.56     0.47     0.37 -1
1999  49 12 2260 71 71  15  15  18.1  15.4 -33.8  48.4   8.5   9.6  -8.5  11.0  -6.6   3.3   9.2   4.4   6.0   5.4  107260.  10.0  651.  -2.1   2.6 0.087   47054.   4.2   18.   2.4   3.1 0.030  9.54   4.30   0.30   5.7  5.1 0.0368 67 155   -93 111 164.2  552  -440   112   5.4 0.008977     25.60     2.74     0.85     0.59     0.50     0.40 -1
1999  49 13 2260 71 71  14  14  18.1  16.9 -41.0  42.6   9.4   8.6 -11.1  10.7  -9.0   1.1   5.8   2.5   3.5   3.9   60744.   9.5  661.  -2.5   0.6 0.142   27322.   1.9   11.   1.4   1.1 0.128 10.87   5.95   0.23   5.6  5.1 0.0376 67 155   -89 111 164.2 1255 -1015   240   7.9 0.008977     20.90     2.58     0.79     0.55     0.47     0.37 -1
1999  49 14 2260 71 71  16  16  14.4  13.7 -24.4  24.2  11.4   5.1  -5.7   6.3  -4.3   0.6   3.9   1.9   0.5   3.3   84350.   5.5  674.  -1.4  -1.1 0.330   29815.   1.4    4.   0.3   1.6 0.255  9.68   2.90   0.23   5.5  5.0 0.0395 67 155  -121 111 164.2  888  -693   195   5.3 0.008977     19.20     2.18     0.77     0.57     0.49     0.39 -1
1999  49 15 2260 71 71  15  15  14.0  13.9   3.5  14.8  13.4   3.5   0.8   3.1   1.8   0.4   1.7   0.3   1.1   1.2   90962.   5.8  671.  -1.2  -3.5 0.139    9509.   0.5    3.   0.3   0.4 0.175  6.79  -1.21   0.27   5.8  5.2 0.0357 53 155  -109  56 164.2  528  -346   182   3.1 0.008977     17.80     1.85     0.70     0.53     0.45     0.36 -1
1999  49 16 2260 71 71  15  15  13.0  12.8 -17.3 358.8  12.2  -0.3  -3.8   1.0  -3.7   0.3   2.3   0.4   1.4   1.8   33391.   3.9  670.   0.7  -1.8 0.074   15880.   1.6    3.   1.0   1.4 0.048  3.79   2.48   0.16   5.1  4.8 0.0459 53 155  -112  56 164.2  609  -449   160   3.8 0.008977     12.60     1.59     0.67     0.51     0.44     0.35 -1
1999  49 17 2260 71 71  14  14  12.4  12.3 -13.3 350.2  11.8  -2.0  -2.8  -0.8  -3.3   0.1   1.0   0.2   0.8   0.4   25462.   2.4  664.   0.6  -3.2 0.069    9257.   0.2    4.   0.5   0.2 0.026  2.25   2.19   0.10   4.1  4.0 0.0691 53 155  -123  56 164.2  472  -352   119   3.9 0.008977     11.50     1.45     0.65     0.51     0.45     0.36 -1
1999  49 18 2260 71 71  15  15  12.0  11.9 -13.4 342.1  11.1  -3.6  -2.8  -2.1  -4.0   0.2   0.9   0.4   0.3   0.7   20159.   2.7  653.   1.1  -3.5 0.084    2214.   0.2    2.   0.1   0.3 0.016  2.57   2.61   0.12   4.5  4.3 0.0595 60 155  -112  80 164.2  895  -745   150   5.8 0.008977     10.90     1.31     0.62     0.50     0.43     0.35 -1
1999  49 19 2260 71 71  15  15  11.5  11.5 -15.0 335.4  10.1  -4.6  -3.0  -2.7  -4.8   0.1   0.8   0.4   0.4   0.5   20892.   2.7  643.   1.1  -3.2 0.097    3644.   0.4    5.   0.2   0.7 0.020  2.59   3.09   0.13   4.6  4.4 0.0564 60 155  -108  80 164.2  812  -668   144   6.1 0.008977     10.50     1.33     0.66     0.54     0.47     0.38 -1
1999  49 20 2260 71 71  15  15  11.1  11.0 -15.2 328.7   9.1  -5.5  -2.9  -3.4  -5.2   0.1   0.8   0.2   0.5   0.6   38861.   3.3  628.   0.4  -1.5 0.088    4002.   0.4    3.   0.3   0.4 0.023  2.94   3.27   0.19   5.1  4.8 0.0450 60 155  -109  80 164.2  805  -577   228   5.5 0.008977     10.10     1.25     0.66     0.55     0.47     0.37 -1
1999  49 21 2260 71 71  15  15  10.8  10.8 -22.6 335.6   9.1  -4.1  -4.1  -1.5  -5.6   0.1   1.0   0.1   0.7   0.7   28867.   3.8  621.   0.4  -1.2 0.075    4024.   0.4    2.   0.3   0.8 0.015  3.18   3.48   0.21   5.6  5.2 0.0379 50 155   -97  48 164.2  958  -735   223   7.1 0.008977     12.30     1.48     0.68     0.54     0.47     0.38 -1
1999  49 22 2260 71 71  15  15  10.5  10.5 -22.7 337.8   9.0  -3.7  -4.1  -1.0  -5.4   0.1   0.5   0.1   0.3   0.3   31121.   3.6  610.  -0.1  -2.2 0.064     849.   0.3    4.   0.2   0.2 0.017  2.81   3.29   0.22   5.5  5.1 0.0392 50 155  -106  48 164.2  769  -651   118   3.8 0.008977      7.68     1.16     0.60     0.49     0.43     0.35 -1
1999  49 23 2260 71 71  14  14  10.2  10.0 -24.0 335.1   8.3  -3.8  -4.1  -1.1  -5.5   0.1   1.8   0.5   0.8   1.5   34019.   2.7  606.  -0.4  -1.7 0.045    9380.   1.0    6.   0.1   0.7 0.005  1.95   3.33   0.18   4.9  4.5 0.0499 50 155  -102  48 164.2  729  -511   219   5.2 0.008977      7.22     1.13     0.64     0.55     0.48     0.38 -1
1999  50  0 2260 71 71  15  15   9.4   9.4 -43.3 340.5   6.4  -2.3  -6.4   1.3  -6.7   0.2   0.5   0.2   0.3   0.3   25362.   2.5  593.  -0.7  -1.9 9.999    2839.   0.5    2.   0.1   0.3 9.999  1.76   3.97   0.18   5.0  4.6 0.0478 57 126  -101  67 160.5  644  -511   132   5.0 0.008846      6.45     1.10     0.68     0.57     0.49     0.38 -1
1999  50  1 2260 71 71  15  15   8.8   8.8 -39.6 339.3   6.3  -2.4  -5.6   0.6  -6.1   0.2   0.4   0.2   0.1   0.3   40487.   1.7  588.  -0.6  -0.8 0.096    5633.   0.2    2.   0.3   0.3 0.004  1.36   3.59   0.15   4.4  4.1 0.0627 57 126  -106  67 160.5  498  -375   123   3.7 0.008846      7.31     1.35     0.67     0.54     0.45     0.36 -1
1999  50  2 2260 71 71  15  15   8.3   8.3 -38.6 339.4   6.1  -2.3  -5.2   0.3  -5.7   0.1   0.2   0.1   0.1   0.2   59428.   1.6  589.   0.1  -0.9 0.098    6921.   0.3    4.   0.2   0.4 0.016  1.29   3.36   0.18   4.5  4.2 0.0590 57 126  -100  67 160.5  804  -600   204   6.7 0.008846      6.65     1.11     0.63     0.52     0.45     0.35 -1
1999  50  3 2260 71 71  15  15   8.0   8.0 -47.1 340.4   5.1  -1.8  -5.9   0.8  -6.1   0.1   0.5   0.3   0.3   0.3   57791.   1.3  581.   0.2  -1.6 0.099    5215.   0.2    3.   0.2   0.3 0.015  1.02   3.54   0.16   4.1  3.9 0.0694 53 126  -100  56 160.5  543  -438   105   4.4 0.008846      5.96     0.98     0.63     0.54     0.46     0.36 -1
1999  50  4 2260 71 71  15  15   7.8   7.8 -42.7 337.6   5.3  -2.2  -5.3   0.0  -5.7   0.1   0.4   0.2   0.2   0.3   51682.   1.5  578.   0.1  -2.0 0.097    2640.   0.1    4.   0.3   0.5 0.006  1.16   3.29   0.18   4.5  4.2 0.0578 53 126   -96  56 160.5  529  -389   140   4.4 0.008846      4.16     0.90     0.65     0.58     0.51     0.41 -1
1999  50  5 2260 71 71  15  15   7.7   7.7 -39.8 336.3   5.4  -2.4  -4.9  -0.7  -5.4   0.1   0.4   0.2   0.3   0.3   56828.   1.4  569.   0.6  -1.1 0.088    2884.   0.2    5.   0.3   0.8 0.006  1.02   3.07   0.18   4.4  4.1 0.0622 53 126   -96  56 160.5  428  -322   106   4.0 0.008846      4.35     0.84     0.60     0.53     0.46     0.36 -1
1999  50  6 2260 71 71  14  14   7.4   7.4 -41.1 331.4   4.9  -2.7  -4.9  -1.2  -5.5   0.1   0.6   0.4   0.2   0.4   65108.   1.3  556.  -0.2   0.2 0.084    6939.   0.3    6.   0.9   0.8 0.009  0.90   3.06   0.19   4.3  4.0 0.0648 50 126   -96  48 160.5  663  -499   164   4.1 0.008846      4.07     0.83     0.61     0.54     0.46     0.37 -1
1999  50  7 2260 71 71  15  15   6.9   6.8 -40.5 326.7   4.3  -2.8  -4.4  -1.7  -4.9   0.2   1.1   0.5   0.6   0.7   71163.   1.4  533.  -2.6   3.6 0.095   17569.   0.4    7.   0.7   1.0 0.029  0.92   2.61   0.24   4.6  4.2 0.0570 50 126   -83  48 160.5  581  -378   204   4.8 0.008846      3.89     0.83     0.62     0.55     0.49     0.39 -1
1999  50  8 2260 71 71  15  15   6.3   5.7 -64.1 333.1   2.2  -1.1  -5.2   0.0  -5.3   0.6   2.7   1.5   2.2   0.5   72154.   2.0  543.  -1.9   3.1 0.086   22480.   1.5   13.   1.4   1.8 0.010  1.32   2.88   0.42   6.1  5.2 0.0320 50 126   -88  48 160.5  640  -439   201   4.4 0.008846      4.45     0.83     0.60     0.53     0.46     0.37 -1
1999  50  9 2260 71 71  16  16   6.2   5.4 -66.7 329.2   1.8  -1.1  -5.0  -0.2  -5.1   0.3   2.9   1.2   2.5   0.7   68649.   3.0  555.  -0.3   4.1 0.074    5878.   0.6    4.   0.3   0.7 0.008  2.00   2.83   0.64   7.8  6.2 0.0198 43 126   -86  32 160.5  804  -695   109   4.9 0.008846      6.43     0.94     0.64     0.56     0.49     0.38 -1
1999  50 10 2260 71 71  14  14   6.2   5.8 -63.7 318.9   1.9  -1.7  -5.2  -0.8  -5.4   0.3   1.9   0.6   1.7   0.6   66219.   2.7  551.  -0.2   3.6 0.076    7649.   0.6    3.   1.1   0.6 0.010  1.79   2.98   0.57   7.3  6.0 0.0223 43 126   -71  32 160.5  845  -703   142   5.3 0.008846      4.96     0.87     0.63     0.57     0.51     0.42 -1
1999  50 11 2260 71 71  15  15   6.0   5.8 -72.8 311.2   1.1  -1.3  -5.6  -0.3  -5.7   0.3   1.1   0.4   1.0   0.4  112849.   3.1  550.   1.0   3.0 0.056   39663.   0.6    2.   0.8   0.5 0.008  1.92   3.13   0.86   8.1  6.1 0.0183 43 126   -78  32 160.5  654  -537   117   6.1 0.008846      5.11     0.87     0.63     0.55     0.48     0.39 -1
1999  50 12 2260 71 71  15  15   7.3   6.5 -84.2 316.5   0.5  -0.5  -6.5   0.7  -6.5   0.5   3.0   1.0   2.5   1.2   52694.   6.1  544.   1.6   0.3 0.034   56279.   5.5    3.   1.4   1.3 0.013  3.42   3.54   0.86   9.2  7.0 0.0140 53 126   -75  56 160.5  780  -619   160   5.2 0.008846      5.39     0.94     0.62     0.54     0.47     0.39 -1
1999  50 13 2260 71 71  15  15   6.3   5.9 -52.7 139.0  -2.7   2.3  -4.7   3.3  -4.1   0.4   2.1   1.5   0.7   1.3   34674.  13.0  532.   2.0   2.1 0.024    3138.   1.3    8.   0.4   0.4 0.007  6.73   2.18   2.22  15.2  8.9 0.0051 53 126   -70  56 160.5 1176  -910   266   6.9 0.008846      5.17     0.97     0.64     0.56     0.49     0.38 -1
1999  50 14 2260 71 71  14  14   5.4   5.2  -5.9 143.7  -4.2   3.1  -0.5   3.1   0.3   0.3   1.1   0.4   0.5   0.9   34837.  10.6  511.   1.2   1.9 0.033    3697.   2.7    6.   0.3   0.1 0.004  5.23  -0.15   2.47  15.4  8.7 0.0050 53 126   -73  56 160.5  661  -447   214   3.3 0.008846      3.56     0.88     0.66     0.59     0.51     0.40 -1
1999  50 15 2260 71 71  16  16   4.4   2.9  22.0 134.8  -1.9   1.9   1.1   1.5   1.6   0.4   3.3   1.5   1.6   2.4   36025.   8.2  511.   2.3   1.7 0.029    8368.   1.1    8.   1.4   0.5 0.008  3.99  -0.82   2.90  16.6  8.9 0.0043 40 126   -64  27 160.5  196   -96   100   1.3 0.008846      3.94     0.88     0.64     0.57     0.50     0.39 -1
1999  50 16 2260 71 71  15  15   4.5   3.7 -49.5 142.7  -1.9   1.4  -2.8   2.2  -2.2   1.0   2.6   1.3   1.8   1.4   33360.   7.7  516.   2.7   0.5 0.023    4657.   1.3    5.   1.0   0.8 0.005  3.74   1.14   2.56  15.9  8.9 0.0047 40 126   -59  27 160.5  447  -304   143   2.7 0.008846      4.12     0.88     0.64     0.57     0.50     0.40 -1
1999  50 17 2260 71 71  15  15   6.8   6.7 -30.7 124.3  -3.3   4.8  -3.4   5.7  -1.3   0.1   1.1   0.4   0.4   1.0   37900.   4.3  528.   2.4   1.5 0.016    5479.   0.7    2.   0.3   0.5 0.001  2.13   0.69   0.64   8.1  6.5 0.0184 40 126   -64  27 160.5  433  -341    92   2.5 0.008846      3.79     0.82     0.63     0.57     0.49     0.38 -1
1999  50 18 2260 71 71  15  15   6.1   6.0 -17.1 118.6  -2.8   5.1  -1.8   5.4   0.5   0.3   0.4   0.2   0.2   0.2   46917.   3.3  525.   2.9   1.6 0.018    5792.   0.5    3.   0.2   0.3 0.001  1.63  -0.26   0.65   7.8  6.3 0.0195 37 126   -63  22 160.5  537  -433   104   3.3 0.008846      3.20     0.80     0.64     0.58     0.51     0.40 -1
1999  50 19 2260 71 71  15  15   5.0   4.9 -10.6 113.6  -1.9   4.4  -0.9   4.3   1.2   0.3   0.6   0.4   0.2   0.5   86830.   3.1  530.   3.5   2.0 0.016   12427.   0.4    4.   0.2   0.4 0.002  1.55  -0.64   1.11   9.3  6.7 0.0137 37 126   -57  22 160.5  168  -124    44   1.5 0.008846      2.75     0.75     0.60     0.54     0.47     0.37 -1
1999  50 20 2260 71 71  15  15   4.5   4.2   5.8 111.0  -1.5   3.9   0.4   3.2   2.2   0.2   1.5   1.0   0.8   0.8   89925.   3.5  524.   4.1   2.1 0.015   18052.   0.4   11.   0.5   0.8 0.005  1.70  -1.15   1.57  10.9  7.1 0.0100 37 126   -53  22 160.5   80   -14    66   0.4 0.008846      2.71     0.73     0.58     0.53     0.46     0.37 -1
1999  50 21 2260 71 71  15  15   3.7   2.9  -4.0 167.8  -2.8   0.6  -0.2   0.6   0.1   0.2   2.0   0.4   1.5   1.3   90219.   4.1  542.   1.3   2.5 0.023    9280.   0.4    4.   0.8   1.2 0.003  2.20  -0.05   2.72  14.8  8.1 0.0054 27 126   -51  12 160.5  114   -45    70   0.8 0.008846      2.38     0.78     0.64     0.58     0.50     0.40 -1
1999  50 22 2260 71 71  15  15   3.7   2.9  20.8 128.0  -1.7   2.1   1.0   1.3   1.9   0.8   2.2   1.4   1.3   1.2   71249.   3.5  532.   2.3   3.4 0.022   16215.   0.7    6.   1.1   0.5 0.003  1.80  -1.01   2.12  13.4  8.0 0.0066 27 126   -54  12 160.5  125   -81    44   0.4 0.008846      2.16     0.74     0.60     0.55     0.47     0.37 -1
1999  50 23 2260 71 71  14  14   4.5   3.4  30.9 119.1  -1.4   2.5   1.7   1.2   2.8   0.6   2.8   1.2   2.4   0.9   40929.   1.6  514.  -2.0   2.4 0.024   24853.   1.1   20.   5.0   1.3 0.005  0.77  -1.44   0.56   7.2  5.9 0.0228 27 126   -59  12 160.5   95   -69    26   0.1 0.008846      1.83     0.72     0.60     0.56     0.49     0.39 -1
1999  51  0 2260 71 71  15  15   5.1   5.0  30.4 103.0  -1.0   4.2   2.5   2.3   4.3   0.1   1.0   0.7   0.3   0.6   11363.   0.8  490.  -6.0  -0.9 0.025    4149.   0.1   12.   1.0   1.2 0.005  0.35  -2.11   0.18   4.3  4.0 0.0644  3 127   -58   2 153.6   43   -33    10  -0.1 0.008809      1.54     0.76     0.67     0.62     0.56     0.44 -1
1999  51  1 2260 71 71  15  15   5.3   5.2  20.2 109.9  -1.7   4.6   1.8   3.1   3.8   0.0   0.6   0.4   0.2   0.5   12894.   0.9  487.  -4.9  -1.9 0.018    3023.   0.2    6.   0.7   1.1 0.006  0.38  -1.85   0.19   4.4  4.0 0.0626  3 127   -56   2 153.6   24   -12    13  -0.1 0.008809      1.48     0.69     0.59     0.55     0.48     0.39 -1
1999  51  2 2260 71 71  14  14   5.3   5.3  19.9 127.7  -3.0   3.9   1.8   2.6   3.4   0.0   0.8   0.6   0.2   0.5   10832.   1.3  457.  -2.9  -2.4 0.020     978.   0.1    9.   1.0   0.4 0.007  0.49  -1.55   0.27   4.9  4.4 0.0492  3 127   -54   2 153.6   19   -13     5   0.1 0.008809      1.45     0.69     0.58     0.54     0.47     0.37 -1
1999  51  3 2260 71 71  15  15   5.1   5.1  24.2 138.1  -3.5   3.1   2.1   1.9   3.2   0.1   0.3   0.1   0.2   0.3   11062.   1.5  451.  -2.2  -3.2 0.033    1228.   0.1    1.   0.6   0.4 0.010  0.58  -1.44   0.33   5.4  4.8 0.0406  0 127   -52   0 153.6   14   -10     3   0.1 0.008809      1.46     0.74     0.65     0.61     0.53     0.43 -1
1999  51  4 2260 71 71  14  14   5.1   5.0  24.4 140.1  -3.5   2.9   2.1   1.9   3.0   0.1   0.9   0.5   0.2   0.6    9891.   2.0  445.  -0.4  -4.6 0.028    1108.   0.2    5.   0.7   1.2 0.005  0.74  -1.33   0.44   6.2  5.2 0.0312  0 127   -49   0 153.6   14   -11     3   0.1 0.008809      1.39     0.71     0.63     0.58     0.50     0.40 -1
1999  51  5 2260 71 71  15  15   5.3   5.2  37.3 138.8  -3.1   2.7   3.1   1.5   3.8   0.1   0.8   0.7   0.5   0.2    9407.   2.4  433.  -0.7  -5.0 0.019    1095.   0.4    7.   1.4   0.8 0.003  0.81  -1.65   0.49   6.3  5.3 0.0297  0 127   -47   0 153.6   23   -13    10   0.0 0.008809      1.43     0.71     0.62     0.57     0.49     0.38 -1
1999  51  6 2260 71 71  15  15   5.2   5.1  41.1 128.1  -2.4   3.1   3.4   2.0   4.1   0.1   0.8   0.5   0.2   0.5   10107.   2.0  426.  -2.4  -4.5 0.020     863.   0.3    7.   0.8   1.1 0.006  0.65  -1.75   0.43   5.8  5.0 0.0354  3 127   -46   2 153.6   18   -12     5  -0.0 0.008809      1.57     0.79     0.67     0.61     0.53     0.42 -1
1999  51  7 2260 71 71  15  15   5.3   5.2  42.3 128.4  -2.4   3.0   3.5   2.1   4.1   0.1   0.4   0.2   0.2   0.2   10709.   1.7  428.  -1.1  -3.2 0.028    2395.   0.4    7.   0.9   0.6 0.008  0.58  -1.75   0.35   5.3  4.6 0.0429  3 127   -47   2 153.6   17   -16     1  -0.1 0.008809      1.71     0.88     0.65     0.57     0.50     0.40 -1
1999  51  8 2260 71 71  16  16   5.3   5.2  51.8 126.8  -1.9   2.6   4.1   1.7   4.6   0.2   0.8   0.5   0.4   0.5   12055.   1.7  436.  -0.3  -4.5 0.031    2257.   0.3    7.   0.5   1.4 0.006  0.61  -2.01   0.35   5.4  4.7 0.0414  3 127   -44   2 153.6   20   -18     2  -0.2 0.008809      2.41     0.92     0.64     0.55     0.47     0.36 -1
1999  51  9 2260 71 71  14  14   5.6   5.5  49.6 108.5  -1.1   3.4   4.2   2.6   4.8   0.1   0.7   0.5   0.3   0.3   13481.   1.4  444.  -1.7  -3.9 0.036    3460.   0.3    6.   0.8   1.0 0.011  0.53  -2.13   0.26   4.7  4.2 0.0541  0 127   -40   0 153.6   22   -22     1  -0.1 0.008809      2.62     0.91     0.69     0.61     0.53     0.44 -1
1999  51 10 2260 71 71  15  15   5.7   5.7  33.8 116.5  -2.1   4.2   3.1   3.6   3.8   0.1   0.6   0.3   0.3   0.5   14815.   1.5  436.  -1.3  -2.7 0.042    5905.   0.2    2.   0.4   0.2 0.017  0.56  -1.66   0.27   4.7  4.2 0.0542  0 127   -38   0 153.6   24   -23     0  -0.0 0.008809      2.37     0.81     0.62     0.56     0.48     0.38 -1
1999  51 11 2260 71 71  15  15   6.3   6.2   8.3 116.5  -2.7   5.5   0.9   5.3   1.9   0.1   0.8   0.2   0.3   0.7   20437.   1.1  437.  -2.7   0.1 0.047    5175.   0.2    4.   0.7   1.2 0.011  0.42  -0.83   0.17   3.6  3.4 0.0899  0 127   -38   0 153.6   28   -28     0   0.2 0.008809      2.04     0.82     0.68     0.62     0.54     0.44 -1
1999  51 12 2260 71 71  15  15   6.3   6.2  -0.3 114.5  -2.6   5.6   0.0   5.5   1.1   0.0   1.0   0.5   0.2   0.8   16369.   0.9  434.  -3.5   1.5 0.039    3827.   0.1    7.   0.3   1.0 0.009  0.33  -0.48   0.14   3.3  3.1 0.1114  7 127   -38   3 153.6   35   -30     5   0.4 0.008809      1.95     0.83     0.70     0.63     0.56     0.44 -1
1999  51 13 2260 71 71  14  14   6.2   6.2  10.0 119.9  -3.0   5.3   1.1   4.9   2.2   0.0   0.7   0.3   0.2   0.5   14742.   0.9  426.  -5.1   0.7 0.033    1932.   0.1    6.   0.9   1.2 0.005  0.31  -0.94   0.14   3.3  3.1 0.1120  7 127   -39   3 153.6   96   -86    10   0.3 0.008809      1.62     0.77     0.65     0.59     0.52     0.41 -1
1999  51 14 2260 71 71  15  15   6.3   6.0   0.6 129.8  -3.9   4.6   0.1   4.4   1.2   0.1   1.4   0.4   0.3   1.3   15741.   0.9  409.  -3.8   3.4 0.044    2926.   0.2    8.   1.0   2.9 0.011  0.30  -0.49   0.14   3.1  2.9 0.1254  7 127   -38   3 153.6   41   -32     8   0.3 0.008809      1.41     0.71     0.60     0.55     0.48     0.38 -1
1999  51 15 2260 71 71  15  15   6.4   6.0  -5.6 131.3  -4.0   4.5  -0.6   4.5   0.7   0.1   1.8   0.8   0.5   1.6   17663.   0.9  406.  -3.5   5.3 0.045    2508.   0.1   14.   1.2   3.6 0.012  0.29  -0.28   0.13   3.0  2.8 0.1314 10 127   -38   4 153.6   39   -36     3   0.3 0.008809      1.37     0.72     0.62     0.57     0.50     0.39 -1
1999  51 16 2260 71 71  17  17   6.6   6.4 -19.6 123.7  -3.4   5.0  -2.2   5.4  -0.4   0.1   1.5   0.9   0.4   1.1   17325.   0.9  419.  -3.4   6.7 0.054    2332.   0.1   17.   0.7   2.2 0.012  0.32   0.17   0.13   3.0  2.9 0.1312 10 127   -38   4 153.6   71   -68     3   0.7 0.008809      1.39     0.75     0.64     0.60     0.51     0.39 -1
1999  51 17 2260 71 71  15  15   6.7   6.3  -6.7 119.8  -3.1   5.4  -0.7   5.3   1.4   0.1   2.0   0.8   0.4   1.9   14751.   1.3  428.  -4.2   2.6 0.033    1818.   0.6   14.   1.2   2.6 0.009  0.45  -0.60   0.17   3.6  3.4 0.0897 10 127   -36   4 153.6  194  -195     0   1.4 0.008809      1.36     0.74     0.63     0.57     0.49     0.39 -1
1999  51 18 2260 71 71  15  15   6.3   5.7 -35.9 118.3  -2.2   4.1  -3.4   5.2  -1.4   0.2   2.5   0.4   1.1   2.2   38085.   2.4  446.  -0.6   1.6 0.037    7520.   0.5    5.   1.9   2.1 0.008  0.92   0.62   0.42   5.5  4.7 0.0396 23 127   -31   9 153.6   89   -74    15   1.2 0.008809      1.49     0.80     0.65     0.59     0.51     0.41 -1
1999  51 19 2260 71 71  15  15   6.1   5.2 -55.4 129.8  -1.9   2.3  -4.3   4.0  -2.8   0.3   3.0   1.7   2.3   0.9   52177.   2.7  446.   2.0   2.4 0.037   23439.   0.9   12.   2.8   1.1 0.007  1.03   1.25   0.54   6.0  5.0 0.0330 23 127   -33   9 153.6  219  -190    28   2.0 0.008809      1.58     0.78     0.62     0.56     0.48     0.38 -1
1999  51 20 2260 71 71  15  15   6.2   5.2 -21.9 112.9  -1.9   4.5  -2.0   4.9   0.5   0.1   3.1   1.2   2.0   2.1   46740.   2.4  450.  -1.9   0.4 0.033   20525.   0.6    8.   2.0   1.4 0.007  0.92  -0.23   0.45   5.6  4.8 0.0376 23 127   -37   9 153.6  291  -237    54   2.2 0.008809      1.78     0.77     0.60     0.54     0.47     0.36 -1
1999  51 21 2260 71 71  14  14   5.8   5.3 -16.5 107.7  -1.6   4.8  -1.5   4.9   1.2   0.2   2.2   1.5   0.9   1.3   30997.   3.1  438.  -2.6   1.5 0.031    7348.   0.3   15.   1.0   0.9 0.004  1.12  -0.53   0.61   6.6  5.4 0.0269 13 127   -37   5 153.6  107   -80    26   1.0 0.008809      1.82     0.77     0.64     0.58     0.50     0.40 -1
1999  51 22 2260 71 71  15  15   5.7   5.1   1.3 122.4  -2.7   4.3   0.1   3.6   2.3   0.1   2.4   1.2   1.2   1.7   48956.   3.0  421.  -2.4  -0.5 0.035   20580.   0.4   10.   1.3   1.4 0.004  1.01  -0.97   0.68   6.4  5.1 0.0291 13 127   -38   5 153.6   65   -38    27   0.1 0.008809      1.71     0.73     0.62     0.57     0.48     0.38 -1
1999  51 23 2260 71 71  15  15   5.8   5.6   6.6 117.4  -2.5   4.9   0.6   3.9   3.1   0.1   1.5   0.4   0.4   1.3   41022.   3.3  420.  -3.0  -1.9 0.037    5909.   0.7    4.   0.5   1.2 0.006  1.12  -1.30   0.69   6.6  5.2 0.0275 13 127   -37   5 153.6   52   -27    25  -0.1 0.008809      1.69     0.74     0.63     0.58     0.50     0.41 -1
1999  52  0 2260 71 71  15  15   5.8   5.6  16.0 130.3  -3.5   4.1   1.6   2.7   3.5   0.1   1.2   0.8   0.7   0.5   39758.   3.1  405.  -2.7  -2.2 0.034    3623.   0.4    6.   0.6   0.7 0.006  0.96  -1.42   0.64   6.1  4.9 0.0315  0 109   -37   0 144.0   36   -19    17  -0.2 0.008500 999999.99 99999.99 99999.99 99999.99 99999.99 99999.99  0
1999  52  1 2260 71 71  14  14   5.5   5.2  20.8 112.7  -1.9   4.5   1.9   3.0   3.9   0.1   1.4   1.1   0.3   0.8   36945.   3.1  412.  -2.9  -2.0 0.030    9492.   0.5   11.   0.6   0.8 0.004  0.98  -1.61   0.70   6.6  5.2 0.0274  0 109   -37   0 144.0   26   -14    12  -0.3 0.008500      1.49     0.74     0.65     0.61     0.53     0.43 -1
1999  52  2 2260 71 71  15  15   5.1   4.7  12.3 117.6  -2.1   4.1   1.0   3.2   2.8   0.1   1.7   1.1   0.7   1.1   37179.   2.9  401.  -2.4  -1.1 0.031    6371.   0.4    8.   0.8   1.5 0.003  0.88  -1.12   0.77   6.7  5.2 0.0265  0 109   -37   0 144.0   20    -8    12  -0.1 0.008500      1.37     0.73     0.64     0.60     0.52     0.41 -1
1999  52  3 2260 71 71  14  14   5.0   4.4 -13.6 109.5  -1.4   4.1  -1.0   4.1   0.8   0.1   2.0   1.2   0.6   1.4   36033.   2.4  403.  -2.6   1.2 0.033    4509.   0.2   11.   0.7   1.4 0.006  0.74  -0.32   0.66   6.2  5.0 0.0305  7 109   -35   3 144.0   22    -9    13   0.2 0.008500      1.29     0.72     0.64     0.59     0.52     0.43 -1
1999  52  4 2260 71 71  15  15   5.0   4.9  -3.8 141.4  -3.8   3.0  -0.3   2.9   0.9   0.1   0.8   0.4   0.3   0.6   46386.   2.4  381.  -1.6   0.1 0.029    3434.   0.1    3.   0.4   0.9 0.004  0.65  -0.34   0.70   5.9  4.7 0.0341  7 109   -35   3 144.0   25   -14    11   0.1 0.008500      1.22     0.72     0.62     0.57     0.51     0.41 -1
1999  52  5 2260 71 71  15  15   5.0   4.9 -24.2 144.4  -3.6   2.6  -2.0   3.1  -1.0   0.0   1.1   0.3   0.8   0.7   51490.   2.6  382.  -1.4   1.4 0.032    4298.   0.1    3.   0.9   0.8 0.002  0.71   0.38   0.78   6.2  4.8 0.0313  7 109   -33   3 144.0   47   -28    19   0.5 0.008500      1.16     0.72     0.66     0.62     0.55     0.44 -1
1999  52  6 2260 71 71  15  15   5.1   5.0  -8.2 133.0  -3.4   3.6  -0.7   3.6   0.4   0.0   0.6   0.1   0.3   0.6   46269.   2.5  384.  -2.5   0.1 0.029    2729.   0.2    2.   0.5   0.7 0.002  0.69  -0.15   0.70   6.0  4.7 0.0336  3 109   -30   2 144.0   34   -19    14   0.3 0.008500      1.11     0.68     0.62     0.57     0.50     0.40 -1
1999  52  7 2260 71 71  15  15   5.0   5.0  -9.5 134.9  -3.5   3.5  -0.8   3.6   0.1   0.0   0.3   0.2   0.2   0.2   42944.   2.3  378.  -2.3   0.3 0.029    3120.   0.1    2.   0.5   0.4 0.004  0.61  -0.04   0.66   5.7  4.6 0.0362  3 109   -30   2 144.0   75   -57    18   0.3 0.008500      1.05     0.66     0.60     0.56     0.50     0.38 -1
1999  52  8 2260 71 71  15  15   5.0   5.0  -9.1 130.7  -3.2   3.7  -0.8   3.8   0.0   0.0   0.3   0.2   0.2   0.2   34543.   2.3  378.  -2.7   0.5 0.033    1735.   0.1    3.   0.4   0.4 0.004  0.62  -0.00   0.62   5.7  4.6 0.0362  3 109   -31   2 144.0   62   -41    21   0.3 0.008500      1.09     0.67     0.59     0.55     0.47     0.38 -1
1999  52  9 2260 71 71  15  15   5.0   4.9  -4.3 133.8  -3.4   3.5  -0.4   3.5   0.3   0.0   0.4   0.3   0.3   0.1   36462.   2.3  373.  -2.1  -0.5 0.035    2229.   0.1    3.   0.4   0.2 0.005  0.61  -0.11   0.63   5.7  4.6 0.0372  3 109   -29   2 144.0   69   -58    11   0.3 0.008500      1.03     0.68     0.63     0.59     0.52     0.41 -1
1999  52 10 2260 71 71  15  15   4.9   4.9   1.1 144.9  -4.0   2.8   0.1   2.7   0.6   0.0   0.5   0.2   0.3   0.4   83906.   2.5  372.  -0.8  -2.0 0.035   10009.   0.1    3.   0.3   0.6 0.004  0.66  -0.22   0.92   6.0  4.5 0.0330  3 109   -28   2 144.0   81   -51    31   0.2 0.008500      1.06     0.71     0.63     0.60     0.52     0.41 -1
1999  52 11 2260 71 71  15  15   5.0   4.9  10.6 149.2  -4.2   2.5   0.9   2.3   1.3   0.1   0.8   0.2   0.4   0.6   69580.   2.6  368.  -1.4  -3.2 0.033   15353.   0.2    2.   0.5   0.7 0.004  0.67  -0.48   0.86   5.9  4.5 0.0338  3 109   -26   2 144.0   38   -21    17   0.2 0.008500      1.04     0.67     0.60     0.56     0.49     0.39 -1
1999  52 12 2260 71 71  15  15   5.3   5.3  18.1 154.9  -4.6   2.1   1.6   1.7   2.0   0.1   0.5   0.2   0.4   0.3   72505.   3.1  372.  -2.2  -3.7 0.031    7886.   0.2    1.   0.3   0.7 0.004  0.81  -0.74   0.92   6.2  4.6 0.0312  3 109   -21   2 144.0   35   -24    11   0.2 0.008500      1.04     0.67     0.61     0.56     0.49     0.38 -1
1999  52 13 2260 71 71  15  15   5.7   5.6  20.6 150.5  -4.5   2.6   2.0   2.1   2.5   0.1   0.9   0.2   0.6   0.6   55402.   3.3  373.  -2.6  -4.4 0.028    9564.   0.2    2.   0.4   0.7 0.007  0.85  -0.93   0.78   5.9  4.6 0.0337  3 109   -16   2 144.0   38   -30     8   0.3 0.008500      1.08     0.71     0.63     0.58     0.50     0.41 -1
1999  52 14 2260 71 71  15  15   6.2   5.8  24.2 144.1  -4.3   3.1   2.4   2.4   3.1   0.2   2.0   0.6   1.3   1.4   47830.   3.7  382.  -3.7  -4.5 0.019    4220.   0.2    5.   1.0   1.9 0.005  0.97  -1.18   0.71   5.9  4.7 0.0339  3 109   -14   2 144.0   43   -33    10   0.3 0.008500      1.16     0.74     0.64     0.59     0.52     0.42 -1
1999  52 15 2260 71 71  16  16   6.5   5.8   7.0 116.8  -2.6   5.1   0.7   4.7   2.2   0.1   2.7   1.0   1.0   2.3   44287.   3.4  399.  -5.2  -1.5 0.017    3711.   0.3    9.   1.0   2.8 0.002  0.97  -0.88   0.58   5.7  4.6 0.0371 10 109   -16   4 144.0   40   -31    10   0.2 0.008500      1.22     0.71     0.63     0.58     0.50     0.40 -1
1999  52 16 2260 71 71  15  15   6.7   6.2 -19.8  99.9  -1.0   5.8  -2.1   6.2   0.0   0.1   2.1   0.8   0.8   1.8   36490.   3.1  413.  -4.1   0.7 0.019    6142.   0.2    7.   1.2   1.9 0.002  0.95  -0.00   0.47   5.4  4.6 0.0404 10 109   -19   4 144.0   44   -36     8   0.5 0.008500      1.39     0.83     0.74     0.69     0.62     0.48 -1
1999  52 17 2260 71 71  15  15   6.8   6.0 -15.3 105.6  -1.5   5.6  -1.6   5.8   0.7   0.2   2.5   1.3   0.8   1.9   35381.   4.1  410.  -1.8  -0.3 0.018    8634.   1.4   10.   1.1   1.7 0.002  1.23  -0.29   0.60   6.1  4.9 0.0319 10 109   -18   4 144.0   69   -63     5   0.3 0.008500      1.20     0.72     0.64     0.60     0.52     0.43 -1
1999  52 18 2260 71 71  16  16   6.8   6.6 -32.8 111.6  -2.0   5.2  -3.6   6.2  -1.1   0.2   1.2   0.8   0.7   0.5   34812.   4.4  403.  -1.9   1.9 0.018    8122.   0.5    9.   1.3   1.1 0.004  1.28   0.44   0.65   6.2  5.0 0.0308 13 109   -17   5 144.0   85   -71    14   1.3 0.008500      1.18     0.72     0.65     0.60     0.52     0.43 -1
1999  52 19 2260 71 71  14  14   7.0   6.6 -12.5 109.5  -2.2   6.1  -1.4   6.1   1.6   0.2   1.9   0.5   0.5   1.7   38895.   3.7  403.  -2.0   0.1 0.017    4634.   0.9    5.   0.4   2.1 0.003  1.07  -0.64   0.53   5.5  4.6 0.0388 13 109   -19   5 144.0  109   -85    24   0.9 0.008500      1.09     0.68     0.60     0.56     0.48     0.37 -1
1999  52 20 2260 71 71  15  15   7.4   7.1  -7.7 113.3  -2.8   6.5  -1.0   6.2   2.3   0.2   1.5   0.4   0.5   1.4   34877.   3.4  398.  -1.8  -0.1 0.015    3510.   0.3    3.   0.6   1.5 0.001  0.95  -0.92   0.42   5.0  4.2 0.0484 13 109   -20   5 144.0   30   -23     8   0.2 0.008500      1.12     0.69     0.62     0.57     0.49     0.40 -1
1999  52 21 2260 71 71  15  15   7.5   7.4  -8.9 112.0  -2.7   6.8  -1.1   6.4   2.5   0.1   0.9   0.5   0.2   0.7   39763.   3.3  402.  -1.9   0.5 0.017    4219.   0.3    3.   0.4   1.1 0.001  0.95  -1.00   0.41   4.9  4.2 0.0502 27 109   -18  12 144.0   29   -17    12   0.2 0.008500      1.03     0.65     0.57     0.53     0.47     0.39 -1
1999  52 22 2260 71 71  15  15   7.0   6.8  -8.9 114.2  -2.7   6.1  -1.0   5.7   2.3   1.6   2.2   0.6   2.0   0.7   37618.   6.5  399.  -0.5  -0.4 0.032    4071.   6.1    4.   1.4   1.0 0.022  1.95  -0.92   0.92   7.3  5.4 0.0225 27 109   -16  12 144.0   58   -39    19   0.1 0.008500      1.06     0.71     0.66     0.64     0.57     0.44 -1
1999  52 23 2260 71 71  15  15   3.1   0.8 -53.2 117.2  -0.2   0.4  -0.6   0.7  -0.3   1.0   2.8   1.3   2.1   1.3   42686.  18.8  406.   1.9  -1.2 0.068    2132.   2.0    3.   0.4   0.4 0.009  6.58   0.12  13.92  28.4  7.9 0.0015 27 109    -2  12 144.0  111   -71    40   1.4 0.008500      1.12     0.79     0.73     0.68     0.58     0.49 -1
1999  53  0 2260 71 71  15  15   6.2   5.9   9.1 120.2  -2.9   5.0   0.9   3.8   3.4   0.7   1.8   1.0   1.0   1.1   28126.  18.8  395.   0.8  -1.7 0.060    4883.   1.6    4.   0.6   0.4 0.008  6.07  -1.34   3.18  13.8  7.1 0.0062 23  70    -6   9 127.0   48   -19    30   0.4 0.008300 999999.99 99999.99 99999.99 99999.99 99999.99 99999.99  0
1999  53  1 2260 71 71  15  15   7.3   7.0  26.8 112.6  -2.4   5.8   3.2   3.4   5.7   0.8   2.0   0.7   1.1   1.5   26857.  12.7  402.   0.9  -0.4 0.051    8548.   3.8    8.   1.3   1.6 0.019  4.13  -2.29   1.54   9.8  6.4 0.0124 23  70    -6   9 127.0   40   -12    28  -0.1 0.008300      0.97     0.67     0.61     0.58     0.52     0.44 -1
1999  53  2 2260 71 71  15  15   8.5   8.1  42.1 118.6  -2.9   5.3   5.4   2.2   7.2   0.3   2.2   0.3   1.4   1.7   36311.   8.6  409.   2.6   0.3 0.029    7697.   0.5    1.   0.6   1.1 0.009  2.68  -2.94   0.82   7.1  5.4 0.0239 23  70   -10   9 127.0   27    -7    20  -0.4 0.008300      1.15     0.81     0.73     0.69     0.63     0.52 -1
1999  53  3 2260 71 71  15  15   7.7   7.7  52.4 117.1  -2.1   4.2   6.1   1.2   7.3   0.1   0.2   0.1   0.1   0.1   56949.   9.0  408.   2.8  -1.0 0.016    2957.   0.4    2.   0.1   0.3 0.002  2.66  -2.98   1.17   7.9  5.6 0.0188 13  70    -9   5 127.0   19    -2    17  -0.3 0.008300 999999.99 99999.99 99999.99 99999.99 99999.99 99999.99  0
1999  53  4 2260 71 71  15  15   7.5   7.4  52.3 118.5  -2.2   4.0   5.9   1.4   7.0   0.4   0.9   0.3   0.8   0.2   50188.  10.6  403.   2.3   0.0 0.023    6098.   1.4    1.   0.7   1.2 0.005  3.14  -2.82   1.40   8.7  5.9 0.0155 13  70    -6   5 127.0   20     0    20  -0.2 0.008300 999999.99 99999.99 99999.99 99999.99 99999.99 99999.99  0
1999  53  5 2260 71 71  15  15   8.3   8.1  52.4 116.8  -2.2   4.4   6.4   2.0   7.5   0.9   1.9   0.4   1.3   1.3   45927.  10.6  395.   1.9  -0.5 0.021    8080.   3.7    2.   0.4   1.0 0.000  2.99  -2.96   1.12   7.7  5.5 0.0198 13  70    -6   5 127.0   18    -2    16  -0.1 0.008300 999999.99 99999.99 99999.99 99999.99 99999.99 99999.99  0
1999  53  6 2260 71 71  15  15   6.2   5.6  75.5 130.4  -0.9   1.1   5.4  -0.5   5.5   1.9   2.6   0.7   1.7   1.9   70582.  13.1  393.   0.5  -2.1 9.999   20994.   5.9    2.   1.2   1.4 9.999  4.05  -2.16   2.82  11.5  6.2 0.0090 20  70     0   7 127.0   29    -2    27  -0.0 0.008300 999999.99 99999.99 99999.99 99999.99 99999.99 99999.99  0
1999  53  7 2260 71 71  15  15   8.9   8.6  56.8 124.3  -2.7   3.9   7.2   2.0   7.9   0.1   1.9   0.8   1.3   1.1   46914.   4.7  390.  -1.9  -3.6 9.999    3314.   0.6    6.   1.0   1.9 9.999  1.43  -3.08   0.43   4.7  4.1 0.0527 20  70    -8   7 127.0   13    -4    10  -0.3 0.008300 999999.99 99999.99 99999.99 99999.99 99999.99 99999.99  0
1999  53  8 2260 71 71  15  15   8.8   7.4  72.9 128.7  -1.4   1.7   7.1   0.1   7.3   0.2   3.9   1.0   3.1   2.3   50768.   5.0  399.  -0.7  -4.5 9.999    6497.   0.7    8.   2.7   3.3 9.999  1.59  -2.91   0.48   5.1  4.3 0.0463 20  70    -8   7 127.0   19    -5    14  -0.2 0.008300      0.84     0.61     0.56     0.53     0.47     0.37 -1
1999  53  9 2260 71 71  16  16   7.9   4.5  35.8 110.1  -1.2   3.4   2.6   2.8   3.2   0.5   5.8   1.6   3.5   4.3   83528.   4.6  409.   1.0   2.2 9.999   18178.   0.4   12.   2.2   6.1 9.999  1.54  -1.31   0.65   5.6  4.4 0.0386 13  70    -8   5 127.0   27    -7    20   0.1 0.008300      0.94     0.69     0.64     0.60     0.53     0.42 -1
1999  53 10 2260 71 71  15  15   7.8   7.2  69.2  84.2   0.3   2.6   6.7   1.3   7.1   0.3   2.6   1.3   2.0   1.1   94418.   4.9  424.   0.7  -3.5 9.999   20037.   1.0    9.   1.3   1.2 9.999  1.76  -3.01   0.75   6.0  4.7 0.0329 13  70   -10   5 127.0   28   -14    14  -0.2 0.008300      0.96     0.71     0.67     0.64     0.55     0.43 -1
1999  53 11 2260 71 71  14  14   7.7   6.3  16.2 108.8  -2.0   5.7   1.8   5.3   2.8   0.5   4.0   1.3   1.2   3.7   99403.   3.8  405.   0.3   1.9 9.999   23250.   0.2    9.   1.2   3.7 9.999  1.25  -1.13   0.61   5.1  4.2 0.0453 13  70   -11   5 127.0   32   -18    15   0.2 0.008300      0.85     0.58     0.53     0.49     0.40     0.29 -1
1999  53 12 2260 71 71  16  16   7.8   7.5  55.0 110.1  -1.5   4.0   6.1   2.7   6.8   0.1   2.0   0.8   1.4   1.3   80408.   4.0  407.   0.6  -2.8 9.999    9245.   0.5    5.   0.6   1.3 9.999  1.33  -2.77   0.57   5.2  4.3 0.0437  7  70   -10   3 127.0   36   -25    11  -0.1 0.008300 999999.99 99999.99 99999.99 99999.99 99999.99 99999.99  0
1999  53 13 2260 71 71  14  14   7.6   7.4  55.2 119.4  -2.1   3.7   6.1   2.2   6.8   0.1   1.3   0.9   0.8   0.6   60933.   4.5  398.   0.4  -1.7 9.999    3645.   0.3    9.   0.7   1.3 9.999  1.43  -2.71   0.61   5.6  4.5 0.0386  7  70    -8   3 127.0   39   -27    13  -0.1 0.008300      0.86     0.52     0.49     0.47     0.41     0.31 -1
1999  53 14 2260 71 71  15  15   7.8   7.4  57.8 119.1  -1.9   3.4   6.3   1.7   7.0   0.1   1.9   1.2   1.2   0.8   46815.   5.1  396.   0.2  -0.9 9.999    9824.   0.7    4.   0.7   1.0 9.999  1.60  -2.77   0.61   5.7  4.6 0.0362  7  70    -8   3 127.0   44   -29    16   0.1 0.008300      0.96     0.69     0.63     0.58     0.50     0.37 -1
1999  53 15 2260 71 71  15  15   7.3   7.0  53.5  77.2   0.9   4.1   5.6   2.3   6.6   0.1   1.9   1.8   0.4   0.3   39098.   4.0  405.  -0.4   0.5 9.999    6554.   0.4    7.   0.7   0.5 9.999  1.31  -2.67   0.52   5.5  4.6 0.0386  3  70    -9   2 127.0   44   -27    17   0.1 0.008300      0.89     0.65     0.60     0.56     0.49     0.38 -1
1999  53 16 2260 71 71  15  15   7.4   6.9  43.5  99.1  -0.8   5.0   4.8   3.1   6.2   0.3   2.2   1.6   0.9   1.2   32493.   4.2  392.  -2.2   2.2 9.999    5154.   0.3    8.   0.8   1.0 9.999  1.29  -2.43   0.51   5.4  4.5 0.0404  3  70   -11   2 127.0   44   -29    15   0.0 0.008300      0.88     0.66     0.61     0.58     0.50     0.40 -1
1999  53 17 2260 71 71  15  15   6.6   5.2  20.8 112.1  -1.8   4.5   1.9   3.4   3.5   0.5   3.8   1.1   1.5   3.3   70281.   4.9  392.  -2.4   3.1 9.999   23628.   0.8    2.   1.7   2.0 9.999  1.51  -1.37   0.93   6.6  4.9 0.0275  3  70   -11   2 127.0   41   -27    14   0.2 0.008300      0.86     0.64     0.58     0.54     0.49     0.40 -1
1999  53 18 2260 71 71  14  14   6.4   6.2 -47.7 154.8  -3.8   1.8  -4.6   3.6  -3.4   0.2   1.4   0.4   1.2   0.7   69105.   5.7  388.   0.0   5.2 9.999   10499.   0.3    4.   0.8   0.4 9.999  1.72   1.32   1.14   7.2  5.1 0.0227 20  70   -11   7 127.0   43   -25    18   1.0 0.008300      0.92     0.70     0.64     0.60     0.52     0.44 -1
1999  53 19 2260 71 71  15  15   6.7   6.5 -59.3 156.9  -3.1   1.3  -5.6   3.7  -4.4   0.1   1.2   0.6   0.9   0.5   45054.   5.6  384.   0.1   5.5 9.999    7056.   0.3    2.   0.7   0.7 9.999  1.65   1.69   0.90   6.8  5.1 0.0259 20  70   -14   7 127.0  417  -378    40   2.2 0.008300 999999.99 99999.99 99999.99 99999.99 99999.99 99999.99  0
1999  53 20 2260 71 71  14  14   6.4   5.9 -59.4 158.0  -2.8   1.1  -5.1   3.5  -3.9   0.2   2.5   0.9   2.1   0.8   42294.   5.2  380.   0.3   5.8 9.999    9756.   0.4    4.   1.8   1.6 9.999  1.50   1.48   0.90   6.8  5.1 0.0260 20  70   -20   7 127.0  351  -258    93   2.5 0.008300 999999.99 99999.99 99999.99 99999.99 99999.99 99999.99  0
1999  53 21 2260 71 71  16  16   6.2   5.8 -43.4 209.6  -3.7  -2.1  -4.0   0.3  -4.5   0.1   1.9   1.4   0.6   1.2   78242.   4.6  377.   3.4   3.3 9.999   38698.   0.9    4.   0.9   2.7 9.999  1.31   1.70   1.03   6.5  4.7 0.0280 23  70   -27   9 127.0  368  -210   159   2.6 0.008300      0.87     0.68     0.63     0.59     0.52     0.43 -1
1999  53 22 2260 71 71  14  14   5.8   5.0 -42.9 190.2  -3.6  -0.6  -3.4   1.3  -3.2   0.4   2.7   1.2   1.9   1.5  103157.   4.1  378.   1.6   2.7 9.999   20390.   0.8    7.   1.5   2.2 9.999  1.17   1.21   1.17   6.6  4.6 0.0273 23  70   -32   9 127.0  294  -147   147   1.9 0.008300      0.92     0.71     0.63     0.58     0.52     0.42 -1
1999  53 23 2260 71 71  16  16   6.6   6.1  20.5 153.1  -5.1   2.6   2.1   1.1   3.2   0.2   1.9   0.8   1.4   1.0  109968.   4.1  372.  -1.3  -1.9 9.999   17844.   0.5    8.   1.5   1.0 9.999  1.13  -1.19   0.93   5.7  4.2 0.0365 23  70   -33   9 127.0  154   -73    81   0.2 0.008300      0.86     0.63     0.57     0.53     0.45     0.34 -1
1999  54  0 2260 71 71  15  15   7.3   6.5  23.7 180.8  -6.0  -0.1   2.6  -1.4   2.2   0.4   3.0   1.6   2.4   1.0  109874.   4.5  375.  -1.9  -4.0 9.999   17700.   0.2    5.   1.7   0.5 9.999  1.27  -0.83   0.84   5.4  4.2 0.0401 17  62   -32   6 124.3   83   -30    53  -0.1 0.008234      0.91     0.69     0.63     0.59     0.51     0.41 -1
1999  54  1 2260 71 71  15  15   7.9   7.3  18.1 199.3  -6.6  -2.3   2.3  -3.1   0.8   0.3   2.4   0.6   1.7   1.5  125344.   5.4  378.   0.3  -3.7 9.999   16701.   0.8    5.   1.4   0.9 9.999  1.54  -0.30   0.91   5.6  4.2 0.0385 17  62   -27   6 124.3   68   -30    38   0.1 0.008234      0.88     0.67     0.62     0.58     0.51     0.41 -1
1999  54  2 2260 71 71  16  16   9.0   8.1  11.2 137.8  -5.9   5.3   1.6   3.9   3.9   0.2   3.1   1.2   1.2   2.7  126657.   6.8  391.  -5.1  -0.9 9.999   15630.   0.7    9.   1.0   2.4 9.999  2.08  -1.52   0.89   5.7  4.3 0.0371 17  62   -26   6 124.3   46   -18    28  -0.1 0.008234      0.87     0.68     0.63     0.60     0.53     0.43 -1
1999  54  3 2260 71 71  15  15   8.7   5.5 -20.9 193.3  -5.0  -1.2  -2.0  -0.2  -2.3   0.2   6.5   1.2   6.1   1.9  107542.   6.2  390.   1.4   0.9 9.999   23530.   0.7    6.   5.7   1.1 9.999  1.89   0.90   0.80   5.6  4.3 0.0382 23  62   -23   9 124.3  153   -59    94   0.4 0.008234      0.90     0.69     0.64     0.60     0.52     0.41 -1
1999  54  4 2260 71 71  11  11   8.7   7.9 -23.6 199.6  -6.8  -2.4  -3.2  -1.0  -3.9   0.2   3.3   1.6   1.5   2.4   96212.   4.8  368.   2.5   2.5 9.999   19938.   0.7   12.   2.1   2.6 9.999  1.30   1.44   0.59   4.6  3.8 0.0554 23  62   -32   9 124.3  151  -104    47   0.5 0.008234      0.99     0.75     0.68     0.64     0.56     0.45 -1
1999  54  5 2260 71 71  14  14   8.3   7.9  13.8 168.2  -7.5   1.6   1.9   0.9   2.3   0.2   2.4   0.7   2.1   1.0  102955.   4.5  363.  -3.4  -2.3 9.999   10788.   0.3    4.   2.8   1.3 9.999  1.19  -0.83   0.63   4.6  3.7 0.0553 23  62   -33   9 124.3  183  -146    37   0.8 0.008234      0.95     0.68     0.62     0.57     0.51     0.41 -1
1999  54  6 2260 71 71  15  15   8.4   7.7  31.8 137.8  -4.8   4.4   4.0   3.0   5.1   0.2   2.8   0.7   2.0   1.8   79848.   5.2  383.  -6.0  -3.6 9.999    7612.   0.5    5.   1.6   1.9 9.999  1.53  -1.95   0.64   5.2  4.2 0.0440 30  62   -24  15 124.3  108   -66    42   0.6 0.008234      0.98     0.71     0.65     0.61     0.54     0.43 -1
1999  54  7 2260 71 71  16  16   8.7   6.6  24.4 135.7  -4.3   4.2   2.7   3.4   3.7   0.5   5.5   2.8   1.2   4.5   80937.   6.0  388.  -4.4  -3.3 9.999   14731.   1.7   10.   0.9   2.1 9.999  1.81  -1.44   0.69   5.5  4.3 0.0399 30  62   -21  15 124.3   40    -9    30   0.0 0.008234      0.93     0.72     0.67     0.63     0.55     0.44 -1
1999  54  8 2260 71 71  15  15   8.7   4.6 -30.0  93.9  -0.3   4.0  -2.3   4.4  -1.4   0.3   7.2   3.4   1.6   6.1   50533.   7.5  402.  -3.9  -0.5 9.999    9805.   0.9    7.   0.9   1.7 9.999  2.42   0.56   0.74   6.3  4.9 0.0297 30  62   -22  15 124.3  201   -59   142   2.0 0.008234      0.85     0.67     0.63     0.59     0.52     0.41 -1
1999  54  9 2260 71 71  15  15   7.8   7.7  37.8 142.4  -4.8   3.7   4.7   2.7   5.3   0.4   1.3   0.4   0.8   1.0   78176.   7.5  395.  -3.1  -1.8 9.999    5331.   0.4    1.   0.6   0.4 9.999  2.34  -2.09   1.06   6.9  5.0 0.0247 17  62   -28   6 124.3  106   -48    59   0.3 0.008234      0.83     0.68     0.63     0.60     0.50     0.39 -1
1999  54 10 2260 71 71  15  15   6.2   4.4  30.7 112.8  -1.5   3.5   2.2   3.0   2.8   0.9   4.0   1.7   2.1   3.0  116986.   8.0  403.  -1.4  -3.1 9.999   18967.   0.8    6.   1.0   1.3 9.999  2.60  -1.13   2.12   9.2  5.5 0.0141 17  62   -21   6 124.3  109   -62    48   0.6 0.008234      0.78     0.65     0.61     0.57     0.50     0.40 -1
1999  54 11 2260 71 71  15  15   4.4   3.2   3.3 138.7  -2.4   2.1   0.2   2.0   0.6   1.3   3.1   1.3   2.3   1.6  154183.   8.2  403.   0.0  -4.6 9.999   15400.   0.7    1.   0.3   0.4 9.999  2.66  -0.24   4.98  13.1  5.7 0.0069 17  62   -19   6 124.3   65   -37    27   0.4 0.008234      0.79     0.68     0.64     0.61     0.53     0.42 -1
1999  54 12 2260 71 71  15  15   4.6   3.2 -65.1 244.2  -0.6  -1.2  -2.9  -0.6  -3.1   0.5   2.9   1.5   2.2   1.2  149135.   6.8  407.   0.6  -4.1 9.999    5546.   0.6    2.   0.7   0.7 9.999  2.25   1.26   3.71  11.5  5.6 0.0089 23  62   -19   9 124.3  101   -47    54   1.2 0.008234      0.78     0.67     0.63     0.60     0.52     0.41 -1
1999  54 13 2260 71 71  15  15   4.0   3.3 -53.4 237.4  -1.1  -1.7  -2.6  -1.1  -2.9   0.7   2.2   0.7   1.7   1.1  145229.   6.4  407.   1.6  -4.4 9.999    6992.   0.4    2.   0.5   0.5 9.999  2.12   1.18   4.55  12.9  5.8 0.0072 23  62   -16   9 124.3  334  -298    37   1.8 0.008234      0.79     0.68     0.64     0.60     0.53     0.41 -1
1999  54 14 2260 71 71  15  15   4.8   2.8 -47.3 140.2  -1.5   1.2  -2.1   1.7  -1.7   0.7   3.7   0.8   3.2   1.7  123697.   6.3  412.   2.5  -4.2 9.999   10988.   0.3    6.   0.6   0.6 9.999  2.14   0.70   2.87  10.8  5.8 0.0103 23  62   -14   9 124.3  218  -154    64   1.7 0.008234      0.74     0.62     0.59     0.56     0.49     0.39 -1
1999  54 15 2260 71 71  16  16   4.5   3.8 -36.1 107.5  -0.9   3.0  -2.3   3.6  -1.3   0.3   1.9   1.1   1.0   1.1  126613.   5.8  414.   2.3  -3.4 9.999    5252.   0.3    4.   0.3   0.4 9.999  1.99   0.54   3.04  11.1  5.8 0.0097 33  62   -17  18 124.3  149  -119    30   1.4 0.008234      0.78     0.69     0.65     0.62     0.54     0.44 -1
1999  54 16 2260 71 71  14  14   4.5   3.7 -66.5 134.1  -1.0   1.0  -3.4   2.1  -2.9   0.3   2.2   1.4   1.4   1.0  135089.   5.0  415.   4.1  -2.8 9.999   12143.   0.4    3.   0.6   0.5 9.999  1.72   1.20   2.71  10.3  5.6 0.0112 33  62   -18  18 124.3  220  -182    37   1.4 0.008234      0.80     0.70     0.67     0.64     0.58     0.47 -1
1999  54 17 2260 71 71  15  15   4.3   4.0   8.0 146.6  -3.3   2.2   0.6   1.8   1.4   0.2   1.1   0.3   0.6   0.9  132070.   5.4  407.   2.7  -4.4 9.999    5733.   0.2    2.   0.4   0.4 9.999  1.79  -0.57   3.16  11.0  5.7 0.0098 33  62   -20  18 124.3  425  -347    79   2.0 0.008234      0.81     0.70     0.67     0.63     0.55     0.44 -1
1999  54 18 2260 71 71  15  15   5.3   4.1  40.7 134.0  -2.2   2.3   2.7   0.9   3.4   0.7   3.2   0.7   0.6   3.0   92557.   5.5  406.   2.2  -4.7 9.999   18823.   0.2    3.   0.4   0.6 9.999  1.81  -1.38   1.80   9.0  5.6 0.0147 13  62   -16   5 124.3  112   -83    29   1.1 0.008234      0.75     0.66     0.62     0.59     0.52     0.41 -1
1999  54 19 2260 71 71  15  15   5.7   5.3  29.6  99.8  -0.8   4.6   2.6   2.9   4.4   0.1   1.7   0.8   0.7   1.2   86193.   4.6  406.   2.3  -4.2 9.999    4205.   0.3    2.   0.5   0.2 9.999  1.52  -1.79   1.26   7.6  5.3 0.0204 13  62   -15   5 124.3   48    -2    46   0.1 0.008234      0.81     0.72     0.69     0.65     0.58     0.44 -1
1999  54 20 2260 71 71  15  15   5.6   5.1  21.0 105.6  -1.3   4.6   1.8   3.1   3.8   0.3   2.0   1.4   0.7   1.3   81832.   4.6  405.   2.1  -4.0 9.999    5851.   0.4    1.   0.3   0.2 9.999  1.51  -1.54   1.28   7.8  5.3 0.0198 13  62   -13   5 124.3   42    -7    35  -0.1 0.008234      0.74     0.65     0.61     0.57     0.50     0.38 -1
1999  54 21 2260 71 71  15  15   4.8   4.7 -20.0 112.6  -1.7   4.1  -1.6   4.3   0.8   0.5   1.1   0.7   0.5   0.7   83972.   4.6  403.   2.4  -3.6 9.999    5303.   0.5    2.   0.4   0.8 9.999  1.49  -0.32   1.76   9.0  5.7 0.0147  3  62   -12   2 124.3   43   -10    33   0.0 0.008234      0.84     0.75     0.71     0.67     0.60     0.48 -1
1999  54 22 2260 71 71  15  15   5.0   4.8 -13.7 116.7  -2.1   4.2  -1.1   4.1   1.3   0.3   1.2   0.6   0.3   1.0   75311.   5.5  396.   1.6  -2.5 9.999    6273.   0.3    1.   0.5   0.3 9.999  1.72  -0.51   1.86   9.3  5.7 0.0138  3  62   -14   2 124.3   39    -9    30  -0.0 0.008234      0.73     0.63     0.59     0.56     0.49     0.39 -1
1999  54 23 2260 71 71  14  14   4.9   4.7  -3.3 122.1  -2.5   4.0  -0.3   3.6   1.9   0.5   1.2   0.4   0.6   0.9   68632.   5.9  387.   0.5  -3.8 9.999    9494.   0.8    5.   0.7   0.6 9.999  1.77  -0.74   2.01   9.6  5.8 0.0129  3  62   -18   2 124.3   38   -10    28  -0.0 0.008234      0.79     0.68     0.64     0.61     0.54     0.44 -1
1999  55  0 2260 71 71  15  15   5.8   5.7 -15.2 110.5  -1.9   5.1  -1.5   5.1   1.4   0.2   0.9   0.4   0.4   0.7   43462.   4.5  383.  -0.4  -1.4 9.999    8801.   0.3    3.   0.6   1.0 9.999  1.32  -0.54   0.96   7.0  5.2 0.0242  7  56   -20   3 117.3   30    -8    22  -0.0 0.008191      0.77     0.66     0.62     0.58     0.52     0.41 -1
1999  55  1 2260 71 71  15  15   5.2   4.9 -24.7  99.5  -0.7   4.4  -2.0   4.8   0.5   1.0   2.0   1.3   1.5   0.5   47525.   4.8  378.   0.1  -1.5 9.999   11272.   1.0    4.   0.5   0.6 9.999  1.37  -0.19   1.30   8.0  5.5 0.0188  7  56   -20   3 117.3   26    -5    21   0.2 0.008191      0.73     0.63     0.59     0.56     0.48     0.37 -1
1999  55  2 2260 71 71  15  15   3.4   3.1 -46.8  42.5   1.5   1.4  -2.2   2.3  -1.3   0.3   1.3   0.7   1.0   0.6   59526.   7.6  380.  -1.0  -0.2 9.999    4186.   0.3    3.   0.6   0.3 9.999  2.19   0.49   5.14  15.4  6.6 0.0050  7  56   -15   3 117.3   70   -43    27   0.5 0.008191      0.74     0.64     0.60     0.57     0.49     0.38 -1
1999  55  3 2260 71 71  15  15   2.8   2.4 -31.2  82.7   0.3   2.0  -1.2   2.3  -0.2   0.4   1.0   0.7   0.4   0.6   65427.   8.2  375.  -1.8  -0.7 9.999    2495.   0.6    4.   0.6   0.4 9.999  2.31   0.07   8.43  19.2  6.7 0.0032 17  56   -11   6 117.3  145   -98    47   0.9 0.008191      0.77     0.68     0.64     0.61     0.54     0.44 -1
1999  55  4 2260 71 71  15  15   3.2   2.0  21.6  99.3  -0.3   1.8   0.7   1.4   1.3   0.6   2.1   0.8   0.9   1.7   65604.   9.1  378.  -1.0  -1.8 9.999    5594.   0.7    3.   0.5   1.1 9.999  2.60  -0.49   7.17  17.8  6.6 0.0037 17  56    -7   6 117.3   68   -18    50   0.7 0.008191      0.75     0.66     0.62     0.59     0.51     0.40 -1
1999  55  5 2260 71 71  15  15   4.2   3.9 -24.4  64.8   1.5   3.2  -1.6   3.6  -0.4   1.1   1.6   0.7   1.1   1.0   59497.   8.8  385.  -2.1   1.6 9.999   10463.   0.6    3.   0.8   0.9 9.999  2.61   0.15   3.90  13.6  6.5 0.0064 17  56    -2   6 117.3   38    -2    37   0.4 0.008191      0.86     0.76     0.70     0.65     0.56     0.45 -1
1999  55  6 2260 71 71  16  16   5.9   5.8 -40.2  42.8   3.2   3.0  -3.7   4.0  -2.6   0.2   1.3   0.6   1.0   0.4   40517.  10.2  387.  -1.9   2.0 9.999    4270.   1.2    3.   0.5   0.5 9.999  3.06   1.01   2.06  10.5  6.3 0.0108 20  56    -1   7 117.3   96   -20    76   1.1 0.008191      0.80     0.69     0.63     0.58     0.51     0.42 -1
1999  55  7 2260 71 71  14  14   6.8   6.5 -31.0  88.8   0.1   5.5  -3.3   6.2  -1.8   0.3   1.6   1.3   0.5   0.8   33291.  12.4  381.  -3.5   2.7 9.999    2441.   1.2    4.   0.4   0.2 9.999  3.60   0.69   1.80   9.9  6.2 0.0122 20  56    -6   7 117.3  243  -166    77   1.4 0.008191      0.83     0.71     0.63     0.58     0.50     0.40 -1
1999  55  8 2260 71 71  15  15   7.1   2.6  45.4 139.6  -1.4   1.2   1.8   0.8   2.0   1.0   6.5   3.3   5.3   1.8   45775.  12.0  381.  -2.3   1.2 9.999   10644.   1.2    3.   1.2   0.8 9.999  3.48  -0.76   1.72   9.3  5.9 0.0138 20  56   -11   7 117.3  255  -187    68   1.1 0.008191      0.89     0.73     0.63     0.58     0.50     0.40 -1
1999  55  9 2260 71 71  16  16   8.3   7.9  23.8 285.1   1.9  -7.0   3.2  -7.5   1.7   0.3   2.0   0.9   0.7   1.7   27149.  13.1  383.  -0.7  -0.0 9.999    4197.   0.8    2.   0.3   0.7 9.999  3.84  -0.65   1.23   8.4  5.8 0.0171 30  56    -6  15 117.3  118   -56    62   0.6 0.008191      1.00     0.78     0.66     0.60     0.52     0.42 -1
1999  55 10 2260 71 71  14  14   7.8   7.6 -57.2  76.2   1.0   4.0  -6.4   5.1  -5.5   0.4   1.8   1.5   0.9   0.6   71262.  10.3  388.  -1.0   0.6 9.999    5868.   0.5    8.   0.6   0.7 9.999  3.10   2.13   1.41   8.0  5.4 0.0187 30  56    -4  15 117.3  223  -104   119   1.4 0.008191      0.92     0.75     0.66     0.61     0.53     0.42 -1
1999  55 11 2260 71 71  16  16   9.1   7.8 -59.2 344.8   3.8  -1.0  -6.7   0.3  -6.8   0.9   4.6   2.3   3.7   1.7   73277.  10.3  395.  -0.4   1.5 9.999    5581.   1.0   11.   1.1   0.9 9.999  3.21   2.69   1.04   7.0  5.1 0.0245 30  56    -9  15 117.3  665  -426   239   3.3 0.008191      0.90     0.71     0.62     0.56     0.48     0.38 -1
1999  55 12 2260 71 71  14  14   9.0   8.7 -39.3 316.6   4.9  -4.6  -5.5  -3.4  -6.3   0.4   1.7   1.1   0.7   1.2   68640.   9.4  397.   0.7   2.2 9.999    5909.   0.6    3.   0.4   0.7 9.999  2.96   2.50   0.95   6.8  5.0 0.0260 33  56   -19  18 117.3  639  -420   219   4.1 0.008191      1.03     0.82     0.72     0.67     0.58     0.45 -1
1999  55 13 2260 71 71  16  16   8.4   5.5  -8.9 134.9  -3.9   3.9  -0.9   4.0   0.0   0.5   6.1   3.3   3.5   3.8   82596.   8.8  401.   1.6   1.1 9.999   10791.   1.0    9.   1.6   2.2 9.999  2.83  -0.00   1.09   7.1  5.1 0.0237 33  56   -21  18 117.3  427  -270   157   2.6 0.008191      1.02     0.77     0.68     0.63     0.54     0.44 -1
1999  55 14 2260 71 71  16  16   7.1   5.9 -12.4 152.0  -5.1   2.7  -1.3   2.9  -0.5   1.6   4.1   0.8   3.7   1.5  108914.   8.2  408.   3.9  -0.6 9.999   15544.   1.1    8.   1.3   1.3 9.999  2.73   0.20   1.61   8.2  5.3 0.0176 33  56   -17  18 117.3  163   -66    98   1.2 0.008191      1.04     0.76     0.65     0.59     0.52     0.42 -1
1999  55 15 2260 71 71  14  14   7.8   6.4 -21.1 189.4  -5.9  -1.0  -2.3  -0.3  -2.5   0.7   4.3   1.7   3.7   1.4   97084.   9.5  416.   4.7  -1.4 9.999   17916.   1.8    4.   0.5   0.6 9.999  3.29   1.04   1.46   8.2  5.5 0.0176 30  56   -19  15 117.3  334  -168   166   2.3 0.008191      1.12     0.77     0.65     0.60     0.52     0.40 -1
1999  55 16 2260 71 71  13  13   6.9   3.6  28.6 190.3  -3.1  -0.6   1.7  -1.2   1.4   0.6   5.8   1.6   3.5   4.3   94880.   9.4  409.   4.9  -1.8 9.999    5298.   1.3    4.   0.4   0.6 9.999  3.14  -0.57   1.83   9.1  5.7 0.0144 30  56   -26  15 117.3  450  -245   205   2.1 0.008191      1.08     0.75     0.64     0.59     0.52     0.41 -1
1999  55 17 2260 71 71  14  14   6.0   5.8  52.0 203.9  -3.3  -1.4   4.6  -3.1   3.7   0.4   1.3   0.9   0.8   0.5   82618.  11.0  414.   3.6  -0.4 9.999    8185.   1.1    4.   0.4   0.5 9.999  3.77  -1.53   2.68  11.4  6.3 0.0091 30  56   -28  15 117.3  204  -107    97   1.1 0.008191      1.07     0.75     0.64     0.58     0.50     0.40 -1
1999  55 18 2260 71 71  15  15   6.1   5.3  53.3 224.5  -2.2  -2.2   4.2  -3.8   2.8   1.2   3.1   2.8   1.1   0.7   75554.   9.9  405.   3.0   0.0 9.999   15717.   2.7    4.   0.4   0.6 9.999  3.25  -1.13   2.26  10.4  6.1 0.0109 20  56   -22   7 117.3   99   -57    42   0.6 0.008191      1.04     0.75     0.64     0.59     0.52     0.42 -1
1999  55 19 2260 71 71  15  15   8.1   7.9  30.6 203.7  -6.2  -2.7   4.0  -4.3   2.3   0.3   1.7   1.0   0.8   1.1  103636.   6.6  397.   3.6  -0.6 9.999   10005.   0.3    2.   0.3   0.5 9.999  2.08  -0.91   0.97   6.3  4.6 0.0300 20  56   -17   7 117.3   60   -19    41   0.8 0.008191      0.88     0.69     0.62     0.57     0.50     0.41 -1
1999  55 20 2260 71 71  16  16   6.3   6.1  52.5 173.3  -3.7   0.4   4.8  -2.0   4.4   1.3   1.8   0.8   0.8   1.4   76032.   7.7  401.   3.0  -0.7 9.999   16862.   2.6    4.   0.4   0.7 9.999  2.48  -1.76   1.65   8.8  5.7 0.0153 20  56   -12   7 117.3  104   -47    57   0.5 0.008191      0.94     0.73     0.65     0.60     0.53     0.43 -1
1999  55 21 2260 71 71  14  14   7.5   4.8  19.0 126.8  -2.7   3.7   1.6   2.3   3.3   0.7   5.4   3.5   1.9   3.7   83958.   5.3  412.   2.1   1.2 9.999   10583.   0.7   14.   0.8   2.1 9.999  1.80  -1.36   0.83   6.3  4.8 0.0297 10  56   -14   4 117.3   53   -13    40   0.3 0.008191      0.84     0.68     0.62     0.58     0.51     0.41 -1
1999  55 22 2260 71 71  15  15   7.5   7.4  34.5 156.0  -5.6   2.5   4.2  -0.1   4.9   0.5   1.3   0.4   0.8   0.9  103832.   5.7  401.   2.4  -0.6 9.999   10622.   0.6    4.   0.4   0.6 9.999  1.83  -1.96   0.98   6.4  4.7 0.0292 10  56   -18   4 117.3   35    -8    27  -0.2 0.008191      0.81     0.68     0.63     0.59     0.52     0.42 -1
1999  55 23 2260 71 71  15  15   7.4   7.0  37.9 146.9  -4.6   3.0   4.3   0.2   5.2   0.2   1.9   0.6   1.4   1.1  100282.   6.0  404.   1.9  -1.0 9.999    3855.   0.2    5.   0.8   0.7 9.999  1.96  -2.10   1.04   6.7  4.9 0.0266 10  56   -18   4 117.3   24    -7    18  -0.1 0.008191      0.81     0.70     0.65     0.61     0.54     0.42 -1
