2000 299  0 2283 71 71  17  17   4.8   4.3   8.4  93.8  -0.3   4.3   0.6   4.3  -0.2   0.3   2.0   1.9   0.4   0.5  112029.   1.9  425.  -4.4  -1.2 0.044   16210.   0.2   20.   0.9   0.8 0.006  0.67   0.09   0.82   6.1  4.7 0.0319  3 125   -23   2 162.0   76   -30    46   0.6 0.009433      0.63     0.56     0.50     0.46     0.40     0.31 -1
2000 299  1 2283 71 71  15  15   5.1   4.9  16.5  75.2   1.2   4.5   1.4   4.7   0.4   0.1   1.1   0.9   0.4   0.6   80368.   2.1  438.  -4.7  -2.3 0.040    8276.   0.2    9.   0.8   1.1 0.012  0.78  -0.18   0.70   6.2  4.9 0.0307  3 125   -22   2 162.0   62   -14    48   0.6 0.009433      0.57     0.51     0.44     0.40     0.33     0.25 -1
2000 299  2 2283 71 71  15  15   5.6   5.5  17.9  65.8   2.1   4.7   1.7   5.0   0.5   0.1   0.9   0.6   0.3   0.6   47886.   2.1  452.  -4.6  -2.7 0.030    8010.   0.1    8.   0.6   1.0 0.003  0.80  -0.23   0.49   5.8  4.9 0.0348  3 125   -22   2 162.0   50   -17    33   0.4 0.009433      0.59     0.52     0.47     0.43     0.37     0.28 -1
2000 299  3 2283 71 71  14  14   5.9   5.5  31.8  79.9   0.8   4.6   2.9   5.3   1.4   0.1   1.5   1.2   0.5   0.7   46597.   2.0  440.  -5.0  -4.8 0.033    4167.   0.3   13.   0.8   1.4 0.003  0.73  -0.62   0.42   5.3  4.5 0.0428  7 125   -22   3 162.0   48   -23    25   0.4 0.009433      0.58     0.51     0.45     0.42     0.35     0.28 -1
2000 299  4 2283 71 71  16  16   6.0   5.4  27.1 104.6  -1.2   4.7   2.5   5.3   0.7   0.1   2.0   1.4   1.1   0.9   45558.   2.0  412.  -5.5  -4.5 0.043    6741.   0.2   19.   2.1   2.2 0.010  0.66  -0.29   0.40   4.9  4.2 0.0505  7 125   -20   3 162.0   45   -22    23   0.2 0.009433      0.60     0.53     0.46     0.43     0.37     0.29 -1
2000 299  5 2283 71 71  14  14   6.3   5.5  49.8 119.7  -1.7   3.1   4.2   4.5   2.7   0.1   2.9   1.6   2.2   1.0   35734.   2.0  408.  -2.5  -7.6 0.036    7840.   0.2   20.   4.3   2.0 0.005  0.64  -1.10   0.34   4.6  4.0 0.0567  7 125   -20   3 162.0   56   -31    25   0.5 0.009433      0.60     0.53     0.47     0.42     0.36     0.26 -1
2000 299  6 2283 71 71  15  15   6.3   5.7  24.0 104.4  -1.3   5.0   2.3   5.5  -0.1   0.1   2.3   1.1   0.9   1.8   40213.   2.0  412.  -5.7  -3.1 0.035    4038.   0.3   13.   1.7   3.4 0.004  0.65   0.04   0.35   4.6  4.0 0.0556 20 125   -20   7 162.0   66   -39    28   0.5 0.009433      0.59     0.51     0.44     0.40     0.34     0.26 -1
2000 299  7 2283 71 71  15  15   6.3   5.8 -10.5 104.2  -1.4   5.5  -1.1   4.3  -3.5   0.1   1.9   1.4   0.4   1.2   46032.   2.1  409.  -6.4   3.0 0.041    5849.   0.5   17.   0.8   2.0 0.007  0.68   1.43   0.38   4.7  4.1 0.0538 20 125   -21   7 162.0  213  -164    49   1.2 0.009433      0.63     0.56     0.49     0.44     0.38     0.30 -1
2000 299  8 2283 71 71  12  12   6.1   4.6 -22.8 127.3  -2.6   3.4  -1.8   2.1  -3.2   0.1   3.5   1.5   2.4   2.1   72123.   2.1  395.  -2.6   3.4 0.057   20205.   0.4   19.   4.8   3.0 0.030  0.67   1.26   0.47   4.7  4.0 0.0540 20 125   -25   7 162.0  371  -292    80   2.3 0.009433      0.61     0.54     0.47     0.43     0.36     0.28 -1
2000 299  9 2283 71 71  18  18   6.3   5.2 -27.0 147.0  -3.9   2.5  -2.4   0.9  -3.3   0.1   3.1   1.7   1.8   1.9   83326.   2.1  379.  -0.3   3.4 0.050   21661.   0.6   25.   3.8   3.1 0.013  0.60   1.25   0.47   4.4  3.7 0.0626 20 125   -23   7 162.0  290  -187   103   2.3 0.009433      0.60     0.53     0.46     0.42     0.36     0.28 -1
2000 299 10 2283 71 71  14  14   6.4   6.1  -7.7 108.7  -1.9   5.7  -0.8   4.5  -3.6   0.1   1.6   0.8   0.5   1.3   52811.   2.2  399.  -5.7   2.5 0.050    7130.   0.4    8.   1.7   1.5 0.010  0.70   1.44   0.40   4.6  4.0 0.0556 20 125   -23   7 162.0  441  -251   190   2.6 0.009433      0.57     0.49     0.42     0.38     0.33     0.26 -1
2000 299 11 2283 71 71  15  15   6.3   5.9 -25.7 115.9  -2.3   4.8  -2.6   2.8  -4.7   0.1   1.8   0.7   0.9   1.4   60188.   2.3  396.  -3.2   4.5 0.041    9901.   0.2    8.   2.6   1.4 0.010  0.70   1.86   0.45   4.8  4.0 0.0524 20 125   -28   7 162.0  481  -289   192   2.3 0.009433      0.62     0.54     0.46     0.41     0.35     0.27 -1
2000 299 12 2283 71 71  15  15   6.1   5.6 -36.3 122.2  -2.4   3.8  -3.3   1.7  -4.7   0.1   2.0   1.2   1.0   1.3   85434.   2.4  401.  -1.0   3.5 0.045   16279.   0.3   11.   1.9   2.2 0.007  0.76   1.88   0.57   5.1  4.2 0.0459 27 125   -32  12 162.0  680  -546   134   3.0 0.009433      0.66     0.57     0.49     0.44     0.38     0.29 -1
2000 299 13 2283 71 71  16  16   5.6   3.3  34.2 116.7  -1.2   2.4   1.8   3.0   0.5   0.4   4.4   1.0   1.1   4.2  129244.   2.6  409.  -0.6  -3.3 0.034   22127.   0.2    7.   1.4   4.4 0.005  0.83  -0.20   0.89   5.9  4.4 0.0343 27 125   -29  12 162.0  549  -461    88   3.2 0.009433      0.82     0.69     0.58     0.50     0.38     0.29 -1
2000 299 14 2283 71 71  15  15   5.3   4.9  66.8  67.1   0.8   1.8   4.5   3.6   3.3   0.1   1.6   1.1   1.1   0.3  138041.   2.5  419.  -1.0  -5.1 0.030    8215.   0.1   10.   1.4   0.5 0.002  0.82  -1.38   0.99   6.2  4.6 0.0304 27 125   -22  12 162.0  133   -87    46   0.7 0.009433      0.99     0.86     0.74     0.62     0.41     0.29 -1
2000 299 15 2283 71 71  15  15   4.1   3.7  70.8  30.1   1.1   0.6   3.5   1.9   3.0   0.8   1.7   0.4   1.6   0.7  147401.   3.0  424.   0.4  -3.9 0.028   15344.   0.3    3.   1.9   0.7 0.004  1.00  -1.27   2.05   9.0  5.4 0.0148 10 125   -14   4 162.0   91   -39    52   0.2 0.009433      2.05     1.90     1.65     1.24     0.57     0.35 -1
2000 299 16 2283 71 71  15  15   4.2   3.5  21.8  77.5   0.7   3.2   1.3   3.5   0.1   0.4   2.1   0.9   1.5   1.2  138361.   3.1  419.  -1.3  -1.2 0.025    9581.   0.2    4.   1.7   1.1 0.002  1.00  -0.04   1.95   8.8  5.4 0.0154 10 125   -13   4 162.0   50   -30    20   0.6 0.009433      6.06     5.63     4.32     2.55     0.76     0.44 -1
2000 299 17 2283 71 71  15  15   4.4   4.1 -15.2  80.4   0.7   3.9  -1.1   3.4  -2.2   0.1   1.4   0.6   0.4   1.2  119271.   2.9  420.  -2.5   0.2 0.023    7895.   0.2    3.   0.4   0.7 0.003  0.93   0.92   1.54   8.1  5.3 0.0180 10 125   -14   4 162.0  209  -187    22   1.0 0.009433     12.10    10.10     6.88     3.56     0.85     0.45 -1
2000 299 18 2283 71 71  15  15   4.8   4.4  -9.0  93.8  -0.3   4.4  -0.7   4.1  -1.8   0.2   1.4   1.2   0.3   0.7  102963.   2.9  408.  -3.5  -0.4 0.024    7316.   0.2    7.   0.6   0.6 0.003  0.88   0.73   1.21   7.2  5.1 0.0227 17 125   -14   6 162.0  391  -344    47   1.9 0.009433     10.60     9.25     6.66     3.61     0.85     0.46 -1
2000 299 19 2283 71 71  16  16   4.9   4.7  11.4  54.0   2.7   3.7   0.9   3.8   0.1   0.1   1.1   0.8   0.6   0.6   90648.   3.1  427.  -3.5  -1.2 0.020    2960.   0.1    5.   0.4   0.7 0.002  1.02  -0.04   1.18   7.7  5.4 0.0202 17 125   -11   6 162.0  204  -168    36   1.5 0.009433     12.50    10.90     7.80     4.08     0.84     0.44 -1
2000 299 20 2283 71 71  14  14   4.9   4.6  13.5  82.6   0.6   4.4   1.1   4.5   0.2   0.1   1.5   1.1   0.4   1.0   87656.   3.0  413.  -4.3  -0.9 0.020    5016.   0.2    7.   0.2   1.0 0.002  0.92  -0.08   1.12   7.3  5.2 0.0223 17 125   -10   6 162.0   68   -47    21   0.3 0.009433     16.80    14.40     9.79     4.65     0.83     0.42 -1
2000 299 21 2283 71 71  15  15   5.1   4.6   9.6  90.6   0.0   4.5   0.8   4.6   0.0   0.1   2.1   0.9   0.3   1.9   81830.   2.9  411.  -4.2  -1.6 0.020    7017.   0.2    5.   0.3   1.6 0.002  0.88  -0.00   0.97   6.9  5.1 0.0253 20 125   -11   7 162.0   54   -25    29   0.2 0.009433     24.20    19.30    12.00     5.30     0.84     0.41 -1
2000 299 22 2283 71 71  15  15   5.2   4.8 -18.0  97.3  -0.6   4.5  -1.5   4.2  -2.2   0.1   1.6   0.6   0.4   1.4   70099.   3.0  409.  -4.6   0.4 0.021    2946.   0.2    5.   0.6   1.0 0.002  0.91   0.90   0.92   6.8  5.1 0.0256 20 125   -13   7 162.0  145   -89    56   1.1 0.009433     28.40    22.20    13.10     5.10     0.75     0.43 -1
2000 299 23 2283 71 71  15  15   5.2   5.1  12.9  90.1   0.0   5.0   1.1   5.1   0.3   0.0   1.0   0.5   0.2   0.9   65594.   3.0  410.  -5.7  -1.4 0.018    3961.   0.1    3.   0.3   1.3 0.002  0.90  -0.12   0.90   6.8  5.1 0.0255 20 125   -23   7 162.0  213  -177    36   1.1 0.009433     29.80    22.20    12.20     4.61     0.70     0.37 -1
2000 300  0 2283 71 71  15  15   5.3   5.2  -8.4  97.7  -0.7   5.1  -0.8   4.9  -1.7   0.0   1.1   0.5   0.2   0.9   52975.   3.2  401.  -5.9   0.5 0.019    4057.   0.1    4.   0.3   1.0 0.002  0.92   0.68   0.86   6.8  5.1 0.0260 27 104   -23  12 168.9  173  -132    41   1.2 0.009299     35.70    25.80    14.10     5.36     1.26     0.85 -1
2000 300  1 2283 71 71  14  14   5.3   5.1   2.9 101.1  -1.0   5.0   0.3   5.0  -0.8   0.1   1.2   0.3   0.3   1.1   46115.   3.2  397.  -6.1  -1.1 0.023    7259.   0.2    3.   0.3   1.3 0.003  0.92   0.32   0.83   6.7  5.1 0.0265 27 104   -20  12 168.9  214  -164    50   1.0 0.009299     37.80    27.20    14.10     4.59     0.66     0.36 -1
2000 300  2 2283 71 71  15  15   5.5   5.4  -6.2 102.4  -1.2   5.2  -0.6   4.9  -1.9   0.1   1.2   0.4   0.3   1.2   37294.   3.0  393.  -6.7  -1.2 0.028    3894.   0.3    4.   0.2   1.3 0.004  0.86   0.75   0.68   6.2  4.9 0.0311 27 104   -18  12 168.9  271  -208    63   1.9 0.009299     54.40    36.60    17.60     5.09     0.69     0.41 -1
2000 300  3 2283 71 71  15  15   5.5   5.1 -32.3 109.7  -1.5   4.1  -2.7   3.1  -3.8   0.1   1.4   0.8   0.8   0.8   28348.   3.0  389.  -5.0   0.4 0.045    5529.   0.2    7.   1.3   0.6 0.005  0.89   1.48   0.65   6.1  4.9 0.0317 23 104   -17   9 168.9  319  -218   101   2.1 0.009299     56.40    37.70    18.30     4.95     0.63     0.38 -1
2000 300  4 2283 71 71  15  15   5.5   5.2 -34.6  99.8  -0.7   4.2  -2.9   3.0  -4.2   0.1   1.6   1.2   0.4   0.9   32988.   3.4  390.  -5.2   0.9 0.044    3347.   0.3    8.   0.6   0.4 0.004  1.02   1.64   0.75   6.5  5.1 0.0278 23 104   -21   9 168.9  401  -240   161   2.5 0.009299     86.30    54.70    23.80     5.44     0.68     0.42 -1
2000 300  5 2283 71 71  15  15   5.7   5.4 -66.2 109.3  -0.7   2.1  -5.0   0.0  -5.4   0.1   1.6   1.1   1.0   0.6   33405.   2.8  386.  -2.5   1.8 0.041    3725.   0.2    5.   1.3   0.5 0.005  0.81   2.08   0.58   5.7  4.6 0.0371 23 104   -27   9 168.9  422  -311   112   2.7 0.009299     97.10    60.10    25.80     5.41     0.62     0.37 -1
2000 300  6 2283 71 71  15  15   5.3   5.1 -72.7  67.0   0.6   1.4  -4.9  -0.8  -5.0   0.2   1.1   0.7   0.7   0.3   29212.   3.2  394.  -1.3   2.0 0.032    5497.   0.4    6.   1.0   0.4 0.002  0.94   1.97   0.75   6.6  5.2 0.0269 20 104   -31   7 168.9  532  -326   207   2.7 0.009299    102.00    62.00    25.50     4.99     0.55     0.36 -1
2000 300  7 2283 71 71  14  14   4.9   4.1 -60.1 111.4  -0.7   1.9  -3.5   0.1  -4.0   0.3   2.4   1.3   1.4   1.3   35190.   3.2  382.  -1.6   1.4 0.044   11730.   0.2   10.   2.0   1.3 0.019  0.92   1.53   0.91   7.0  5.2 0.0245 20 104   -36   7 168.9  476  -251   226   3.0 0.009299    120.00    68.10    26.50     4.89     0.56     0.33 -1
2000 300  8 2283 71 71  16  16   4.7   3.5 -28.4 152.8  -2.8   1.4  -1.7   0.4  -2.2   0.1   2.9   1.7   1.9   1.5   64524.   3.2  366.  -0.7  -0.5 0.068   18606.   0.4   12.   2.3   1.6 0.009  0.91   0.81   1.16   7.0  4.9 0.0245 20 104   -36   7 168.9  383  -135   248   2.3 0.009299    187.00   108.00    39.50     5.90     0.60     0.36 -1
2000 300  9 2283 71 71  14  14   4.8   4.5 -20.8 100.7  -0.8   4.2  -1.6   2.8  -3.5   0.1   1.5   0.6   0.8   1.1   33651.   2.7  377.  -4.2   0.2 0.066    1997.   0.2    4.   1.2   1.2 0.005  0.81   1.32   0.79   6.5  5.0 0.0286 20 104   -29   7 168.9  279   -85   194   2.4 0.009299    219.00   120.00    41.40     5.67     0.54     0.35 -1
2000 300 10 2283 71 71  15  15   4.7   3.7 -12.7 128.0  -2.2   2.9  -0.8   2.1  -2.2   0.1   2.8   0.6   2.0   1.8   42513.   2.8  363.  -2.6  -1.2 0.061    9058.   0.4    4.   2.7   1.7 0.008  0.77   0.80   0.90   6.5  4.8 0.0285 20 104   -28   7 168.9  308  -114   193   2.0 0.009299    220.00   119.00    40.20     5.31     0.56     0.36 -1
2000 300 11 2283 71 71  15  15   4.5   4.4 -51.7 190.8  -2.7  -0.5  -3.4  -2.1  -2.7   0.1   0.9   0.5   0.6   0.4   54622.   3.2  361.   1.1   0.7 0.072   10679.   0.4    3.   0.9   0.5 0.009  0.90   0.97   1.20   7.2  5.0 0.0231 20 104   -29   7 168.9  525  -303   221   2.4 0.009299    244.00   128.00    39.90     4.89     0.51     0.34 -1
2000 300 12 2283 71 71  15  15   4.6   3.6 -12.7 114.5  -1.5   3.2  -0.8   2.4  -2.3   0.2   2.5   1.0   1.6   1.6   45763.   2.6  371.  -3.9  -0.3 0.064   13467.   0.4    7.   2.2   1.7 0.008  0.75   0.85   0.89   6.5  4.9 0.0281 20 104   -28   7 168.9  334  -230   104   2.2 0.009299    223.00   114.00    35.50     4.31     0.47     0.30 -1
2000 300 13 2283 71 71  15  15   4.6   4.3   2.8 124.9  -2.5   3.5   0.2   3.2  -1.4   0.1   1.6   1.0   0.7   1.0   49149.   2.4  361.  -4.6  -1.5 0.060    6895.   0.3    8.   1.1   1.5 0.005  0.65   0.51   0.84   6.1  4.6 0.0322 20 104   -20   7 168.9  416  -316   100   2.6 0.009299    261.00   124.00    35.60     4.30     0.45     0.30 -1
2000 300 14 2283 71 71  15  15   4.6   4.2  -5.7 110.6  -1.5   3.9  -0.4   3.4  -2.0   0.1   1.8   1.0   0.6   1.3   44422.   2.6  367.  -5.1  -0.7 0.058    9394.   0.3    7.   1.2   1.3 0.008  0.72   0.73   0.88   6.4  4.8 0.0287 20 104   -18   7 168.9  187  -119    68   1.6 0.009299    279.00   130.00    35.90     4.18     0.51     0.35 -1
2000 300 15 2283 71 71  15  15   4.7   4.1 -12.3 105.9  -1.1   3.9  -0.9   3.3  -2.3   0.0   2.0   1.2   1.0   1.2   40407.   2.5  372.  -4.8   0.4 0.056   11222.   0.3   11.   1.6   1.4 0.007  0.71   0.86   0.79   6.3  4.8 0.0304 10 104   -16   4 168.9  152  -118    34   1.5 0.009299    291.00   130.00    34.10     3.72     0.43     0.28 -1
2000 300 16 2283 71 71  14  14   4.5   4.1   3.2 124.0  -2.3   3.4   0.2   3.3  -1.0   0.2   1.5   0.6   0.9   1.0   52665.   2.4  359.  -4.1  -1.2 0.059   11910.   0.4    5.   1.3   1.8 0.004  0.64   0.36   0.89   6.2  4.6 0.0311 10 104   -16   4 168.9  136  -116    20   1.0 0.009299    294.00   127.00    32.00     3.45     0.43     0.29 -1
2000 300 17 2283 71 71  15  15   4.4   3.9   7.4 138.1  -2.9   2.6   0.5   2.6  -0.3   0.1   1.7   0.7   0.5   1.5   63468.   2.4  354.  -3.0  -2.3 0.066   16769.   0.4    6.   1.0   1.6 0.009  0.63   0.11   0.99   6.2  4.6 0.0306 10 104   -15   4 168.9   66   -52    14   0.4 0.009299    358.00   145.00    33.90     3.59     0.44     0.31 -1
2000 300 18 2283 71 71  15  15   4.5   3.8   1.5 137.3  -2.8   2.6   0.1   2.5  -0.6   0.0   1.9   0.5   0.8   1.7   48539.   2.6  355.  -3.3  -1.7 0.062    6566.   0.4    4.   1.6   1.9 0.005  0.68   0.21   0.94   6.4  4.7 0.0294 17 104   -14   6 168.9   68   -50    18   0.7 0.009299    363.00   144.00    32.40     3.48     0.44     0.30 -1
2000 300 19 2283 71 71  16  16   4.6   4.2  18.7 137.9  -2.9   2.6   1.3   2.8   0.7   0.1   1.6   0.8   0.5   1.3   42834.   3.0  352.  -3.8  -2.7 0.059   12702.   0.5    7.   1.0   1.4 0.006  0.77  -0.25   1.01   6.6  4.8 0.0271 17 104   -11   6 168.9   63   -44    19   0.1 0.009299    374.00   138.00    29.50     3.10     0.47     0.34 -1
2000 300 20 2283 71 71  15  15   4.8   4.3 -41.0 102.1  -0.7   3.2  -2.8   2.6  -3.3   0.1   1.7   0.5   0.9   1.3   30802.   2.3  369.  -4.1   1.6 0.055    4611.   0.2    3.   1.3   1.1 0.006  0.64   1.22   0.66   5.8  4.7 0.0350 17 104    -6   6 168.9  180  -141    39   1.1 0.009299    414.00   147.00    30.40     3.17     0.43     0.30 -1
2000 300 21 2283 71 71  15  15   4.9   4.7 -64.6  90.7   0.0   2.0  -4.2   1.3  -4.5   0.2   1.3   0.5   1.1   0.5   28291.   2.5  371.  -2.3   2.6 0.052    2323.   0.3    3.   1.1   0.4 0.005  0.69   1.67   0.68   6.0  4.8 0.0332 23 104    -9   9 168.9  363  -296    67   2.0 0.009299    390.00   147.00    31.00     3.13     0.40     0.29 -1
2000 300 22 2283 71 71  14  14   4.6   4.1 -37.1 111.6  -1.2   3.0  -2.5   2.6  -2.9   0.2   2.0   0.6   1.3   1.4   26935.   2.3  363.  -2.9   1.2 0.052    1465.   0.2    4.   1.2   0.9 0.004  0.61   1.05   0.70   6.0  4.7 0.0332 23 104   -18   9 168.9  413  -329    85   2.3 0.009299    341.00   125.00    25.80     2.74     0.39     0.27 -1
2000 300 23 2283 71 71  15  15   4.6   4.4  -5.9 117.5  -2.0   3.8  -0.4   3.7  -1.0   0.2   1.2   0.7   0.3   0.9 9999999. 999.9  356.  -4.3  -0.4 0.052 9999999. 999.9    4.   0.9   1.0 0.003 99.99   0.36 999.99 999.9 99.9 9.9999 23 104   -23   9 168.9  249  -169    80   1.3 0.009299    335.00   113.00    22.60     2.56     0.43     0.30 -1
2000 301  0 2283 71 71  16  16   4.6   4.3 -10.4 100.8  -0.8   4.2  -0.8   4.0  -1.5   0.1   1.5   0.9   0.5   1.1 9999999. 999.9  356.  -4.6   0.7 0.052 9999999. 999.9    4.   0.9   0.8 0.003 99.99   0.53 999.99 999.9 99.9 9.9999 23 114   -21   9 173.7  247  -168    80   1.3 0.009113    323.00   108.00    21.00     2.49     0.42     0.30 -1
2000 301  1 2283 71 71  14  14   4.3   3.8   3.9 119.8  -1.9   3.3   0.3   3.3  -0.4   0.2   1.6   0.6   0.5   1.4 9999999. 999.9  351.  -4.5  -1.0 0.053 9999999. 999.9    3.   0.6   1.2 0.004 99.99   0.14 999.99 999.9 99.9 9.9999 23 114   -20   9 173.7  203  -116    88   1.6 0.009113    402.00   119.00    21.10     2.32     0.39     0.29 -1
2000 301  2 2283 71 71  15  15   3.8   3.3   7.3 101.5  -0.6   3.2   0.4   3.2  -0.4   0.1   1.7   0.9   0.5   1.3   43949.   2.4  360.  -4.5  -1.4 0.049    1992.   0.2    6.   0.6   1.1 0.006  0.62   0.14   1.19   7.3  5.2 0.0221 23 114   -20   9 173.7   51   -11    40   0.5 0.009113    474.00   134.00    22.30     2.40     0.41     0.29 -1
2000 301  3 2283 71 71  15  15   3.8   3.4  50.7 152.2  -1.9   1.0   2.6   1.7   2.2   0.1   1.4   0.7   1.1   0.5   58774.   2.6  354.  -2.7  -3.3 0.052    9194.   0.2    2.   1.0   0.7 0.008  0.66  -0.78   1.40   7.5  5.1 0.0211  3 114   -19   2 173.7   34    -5    29   0.1 0.009113    514.00   138.00    22.20     2.30     0.38     0.28 -1
2000 301  4 2283 71 71  15  15   3.7   3.1  19.2 136.9  -2.1   2.0   1.0   2.2   0.3   0.1   1.9   0.6   0.6   1.7   53262.   2.5  351.  -2.6  -2.5 0.064    2896.   0.2    2.   1.0   1.2 0.010  0.65  -0.11   1.38   7.5  5.1 0.0211  3 114   -16   2 173.7   33    -3    30   0.1 0.009113    528.00   136.00    21.20     2.15     0.37     0.28 -1
2000 301  5 2283 71 71  15  15   3.4   3.0  -9.9 155.2  -2.7   1.2  -0.5   0.9  -0.9   0.2   1.2   0.4   0.9   0.7 9999999. 999.9  352.  -1.7  -1.3 0.055 9999999. 999.9    2.   0.9   0.6 0.007 99.99   0.32 999.99 999.9 99.9 9.9999  3 114   -16   2 173.7   51    -2    49   0.6 0.009113    430.00   112.00    18.20     2.05     0.37     0.27 -1
2000 301  6 2283 71 71  15  15   3.3   3.0   3.9 161.6  -2.8   0.9   0.2   0.9  -0.2   0.1   1.2   0.3   0.7   0.9 9999999. 999.9  346.  -1.4  -1.9 0.054 9999999. 999.9    3.   0.9   0.9 0.007 99.99   0.07 999.99 999.9 99.9 9.9999 13 114   -18   5 173.7   90   -38    52   0.5 0.009113    426.00   108.00    17.30     1.98     0.38     0.28 -1
2000 301  7 2283 71 71  16  16   3.5   3.1  35.6 110.0  -0.9   2.4   1.8   3.0   0.5   0.1   1.4   0.9   0.7   0.8   48824.   2.4  358.  -4.2  -2.3 0.052    8267.   0.2    6.   0.8   1.0 0.007  0.62  -0.18   1.44   7.9  5.3 0.0189 13 114   -17   5 173.7  124   -84    40   0.7 0.009113    429.00   104.00    16.20     1.90     0.41     0.30 -1
2000 301  8 2283 71 71  14  14   3.4   3.0  49.2 122.9  -1.1   1.6   2.3   2.5   1.2   0.2   1.3   0.8   0.5   0.8   54918.   2.5  355.  -3.8  -3.7 0.051    9413.   0.3    5.   0.5   0.9 0.013  0.63  -0.43   1.65   8.3  5.3 0.0175 13 114   -16   5 173.7   93   -52    40   0.5 0.009113    446.00   101.00    15.40     1.87     0.41     0.29 -1
2000 301  9 2283 71 71  15  15   3.6   3.0 -45.8 127.1  -1.3   1.7  -2.2   0.4  -2.8   0.2   1.9   0.5   1.2   1.4 9999999. 999.9  353.  -2.5   0.7 0.048 9999999. 999.9    3.   1.2   1.2 0.006 99.99   0.99 999.99 999.9 99.9 9.9999 13 114   -13   5 173.7   97   -42    55   0.6 0.009113    430.00    95.30    14.50     1.79     0.41     0.31 -1
2000 301 10 2283 71 71  15  15   3.8   3.5 -33.9 104.6  -0.7   2.8  -2.0   1.4  -3.1   0.1   1.0   0.7   0.4   0.6 9999999. 999.9  354.  -3.7   1.2 0.050 9999999. 999.9    4.   0.5   0.6 0.014 99.99   1.10 999.99 999.9 99.9 9.9999 13 114   -12   5 173.7  252  -168    83   1.7 0.009113    384.00    84.80    13.00     1.65     0.39     0.29 -1
2000 301 11 2283 71 71  15  15   4.0   3.7 -26.8 132.0  -2.2   2.5  -1.7   1.3  -2.7   0.1   1.3   0.5   0.5   1.0 9999999. 999.9  343.  -3.0   0.6 0.043 9999999. 999.9    4.   0.8   1.1 0.004 99.99   0.93 999.99 999.9 99.9 9.9999 13 114   -16   5 173.7  316  -177   139   1.8 0.009113    342.00    75.10    11.80     1.55     0.38     0.28 -1
2000 301 12 2283 71 71  15  15   3.7   3.4  32.5 155.1  -2.6   1.2   1.8   1.9   1.0   0.2   1.2   0.4   0.9   0.6 9999999. 999.9  344.  -2.8  -1.9 0.048 9999999. 999.9    4.   1.2   0.8 0.005 99.99  -0.34 999.99 999.9 99.9 9.9999 10 114   -19   4 173.7  295  -131   165   1.1 0.009113    330.00    71.80    11.40     1.59     0.42     0.33 -1
2000 301 13 2283 71 71  15  15   3.4   3.3  27.7 158.0  -2.7   1.1   1.6   1.7   0.9   0.1   0.4   0.2   0.2   0.2 9999999. 999.9  343.  -2.5  -1.8 0.063 9999999. 999.9    2.   0.4   0.4 0.013 99.99  -0.31 999.99 999.9 99.9 9.9999 10 114   -16   4 173.7  107   -41    66   0.4 0.009113    324.00    67.80    10.60     1.54     0.40     0.31 -1
2000 301 14 2283 71 71  15  15   3.4   3.2  21.0 151.3  -2.6   1.4   1.1   1.7   0.4   0.1   1.0   0.7   0.6   0.4 9999999. 999.9  340.  -2.5  -1.6 0.061 9999999. 999.9    4.   0.8   0.5 0.008 99.99  -0.14 999.99 999.9 99.9 9.9999 10 114   -12   4 173.7   45   -22    23   0.4 0.009113    313.00    63.80    10.00     1.47     0.40     0.30 -1
2000 301 15 2283 71 71  15  15   3.3   2.8  -7.7  95.3  -0.3   2.8  -0.4   2.4  -1.4   0.1   1.5   1.2   0.5   0.7 9999999. 999.9  348.  -4.3   0.2 0.061 9999999. 999.9    7.   0.7   0.7 0.005 99.99   0.49 999.99 999.9 99.9 9.9999 10 114   -10   4 173.7   44   -30    14   0.7 0.009113    312.00    62.80     9.86     1.36     0.36     0.27 -1
2000 301 16 2283 71 71  15  15   3.6   3.2  11.4 114.0  -1.3   2.9   0.6   2.9  -0.4   0.2   1.5   0.9   0.6   1.1 9999999. 999.9  342.  -4.6  -0.5 0.058 9999999. 999.9    4.   0.4   0.9 0.007 99.99   0.14 999.99 999.9 99.9 9.9999 10 114   -11   4 173.7  177  -154    23   0.7 0.009113    298.00    59.10     9.54     1.45     0.41     0.30 -1
2000 301 17 2283 71 71  15  15   3.7   3.4  47.4 188.8  -2.3  -0.3   2.5   0.4   2.5   0.2   1.3   0.4   1.2   0.3 9999999. 999.9  334.  -2.4  -1.9 0.067 9999999. 999.9    5.   1.7   0.6 0.004 99.99  -0.83 999.99 999.9 99.9 9.9999 10 114    -7   4 173.7   72   -56    16  -0.0 0.009113    266.00    52.20     8.52     1.38     0.40     0.30 -1
2000 301 18 2283 71 71  14  14   4.0   3.4  47.3 191.8  -2.2  -0.5   2.5   0.1   2.5   0.1   2.1   0.7   1.9   0.4 9999999. 999.9  331.  -1.8  -2.3 0.063 9999999. 999.9    6.   2.2   0.5 0.009 99.99  -0.83 999.99 999.9 99.9 9.9999  7 114    -3   3 173.7   42   -19    23  -0.1 0.009113    260.00    50.80     8.34     1.27     0.38     0.28 -1
2000 301 19 2283 71 71  15  15   3.9   3.0  12.5 139.4  -2.2   1.9   0.7   2.0   0.3   0.1   2.1   0.6   0.6   2.0 9999999. 999.9  327.  -4.1  -0.1 0.066 9999999. 999.9    5.   0.6   2.4 0.017 99.99  -0.10 999.99 999.9 99.9 9.9999  7 114     1   3 173.7   47   -17    29  -0.1 0.009113    253.00    48.60     7.98     1.25     0.37     0.27 -1
2000 301 20 2283 71 71  14  14   3.9   3.6  -8.9 149.8  -3.1   1.8  -0.6   1.7  -0.9   0.1   1.3   0.5   0.8   0.9 9999999. 999.9  318.  -3.6   0.7 0.058 9999999. 999.9    6.   1.2   0.9 0.010 99.99   0.29 999.99 999.9 99.9 9.9999  7 114    -1   3 173.7   53   -26    27   0.3 0.009113    221.00    43.80     7.47     1.31     0.35     0.26 -1
2000 301 21 2283 71 71  13  13   3.9   3.8   9.6 175.8  -3.8   0.3   0.6   0.4   0.5   0.1   0.6   0.2   0.5   0.4 9999999. 999.9  312.  -1.9  -1.5 0.054 9999999. 999.9    1.   0.7   0.4 0.005 99.99  -0.16 999.99 999.9 99.9 9.9999 10 114    -6   4 173.7   60   -32    27   0.0 0.009113    205.00    41.00     7.13     1.26     0.42     0.32 -1
2000 301 22 2283 71 71  15  15   3.9   3.6   3.1 135.7  -2.6   2.5   0.2   2.5  -0.2   0.1   1.4   0.9   0.6   0.7 9999999. 999.9  315.  -4.3  -0.7 0.056 9999999. 999.9    6.   1.1   1.0 0.005 99.99   0.06 999.99 999.9 99.9 9.9999 10 114    -8   4 173.7   69   -44    26   0.2 0.009113    197.00    39.30     7.03     1.46     0.57     0.40 -1
2000 301 23 2283 71 71  15  15   3.9   3.7 -14.0  92.7  -0.2   3.6  -0.9   3.4  -1.5   0.0   1.1   0.8   0.2   0.7 9999999. 999.9  327.  -5.1   1.2 0.054 9999999. 999.9    6.   0.3   1.2 0.007 99.99   0.49 999.99 999.9 99.9 9.9999 10 114    -9   4 173.7   57   -31    26   0.9 0.009113    183.00    36.30     6.43     1.13     0.36     0.27 -1
2000 302  0 2283 71 71  15  15   4.0   3.5   5.2 100.5  -0.6   3.5   0.3   3.5  -0.3   0.1   1.6   1.3   0.6   0.9 9999999. 999.9  323.  -5.4  -0.4 0.055 9999999. 999.9   10.   1.0   0.9 0.006 99.99   0.10 999.99 999.9 99.9 9.9999  7 151    -9   3 179.7   79   -51    28   1.1 0.009059    174.00    34.70     6.26     1.15     0.39     0.30 -1
2000 302  1 2283 71 71  15  15   4.1   3.6   2.3 113.2  -1.4   3.3   0.1   3.3  -0.6   0.0   1.5   0.7   0.3   1.3 9999999. 999.9  320.  -5.7  -0.2 0.053 9999999. 999.9    4.   0.8   1.7 0.004 99.99   0.19 999.99 999.9 99.9 9.9999  7 151    -8   3 179.7   49   -20    29   0.5 0.009059    164.00    32.50     5.87     1.07     0.36     0.27 -1
2000 302  2 2283 71 71  14  14   4.1   3.8   0.9 125.9  -2.2   3.1   0.1   3.0  -0.6   0.1   1.5   0.8   0.6   1.1 9999999. 999.9  317.  -5.6  -0.7 0.058 9999999. 999.9    6.   0.9   0.8 0.008 99.99   0.19 999.99 999.9 99.9 9.9999  7 151    -8   3 179.7   36    -5    30   0.5 0.009059    158.00    31.20     5.61     1.05     0.37     0.28 -1
2000 302  3 2283 71 71  16  16   4.1   4.0  12.4 108.6  -1.2   3.7   0.8   3.8  -0.3   0.1   1.0   0.3   0.3   0.9 9999999. 999.9  320.  -6.1  -0.8 0.049 9999999. 999.9    3.   0.4   0.9 0.009 99.99   0.10 999.99 999.9 99.9 9.9999  7 151    -7   3 179.7   37    -4    33   0.5 0.009059    155.00    30.00     5.44     1.04     0.38     0.28 -1
2000 302  4 2283 71 71  14  14   4.1   4.0  -3.8  99.6  -0.7   3.9  -0.3   3.6  -1.6   0.1   0.9   0.7   0.1   0.5 9999999. 999.9  322.  -5.3   0.4 0.066 9999999. 999.9    6.   0.4   0.8 0.017 99.99   0.52 999.99 999.9 99.9 9.9999  7 151    -8   3 179.7   46    -9    37   0.9 0.009059    150.00    29.00     5.32     1.04     0.37     0.29 -1
2000 302  5 2283 71 71  15  15   4.3   3.8   2.2 118.9  -1.8   3.3   0.1   3.1  -1.2   0.2   2.0   1.0   1.4   0.9 9999999. 999.9  314.  -4.7  -0.8 0.073 9999999. 999.9    5.   1.2   1.0 0.014 99.99   0.38 999.99 999.9 99.9 9.9999  7 151   -10   3 179.7   67   -26    41   0.5 0.009059    142.00    27.60     5.07     1.04     0.42     0.32 -1
2000 302  6 2283 71 71  18  18   4.9   4.7  -9.6 122.1  -2.5   3.9  -0.8   3.2  -2.4   0.8   1.2   0.5   0.7   0.9   96845.   6.5  324.  -5.4   0.7 0.054   13955.   0.3   20.   1.1   1.3 0.010  1.39   0.78   2.54   8.4  4.7 0.0167 23 151    -9   9 179.7  227  -168    60   1.5 0.009059    130.00    25.00     4.64     1.00     0.38     0.29 -1
2000 302  7 2283 71 71  16  16   6.1   5.6  42.4 147.7  -3.5   2.2   3.8   3.7   2.4   0.6   1.7   0.8   1.0   1.1  127480.   7.2  371.  -7.1   1.0 0.040   14408.   0.5    7.   0.6   2.0 0.008  1.92  -0.89   2.06   8.2  4.9 0.0179 23 151    -8   9 179.7  225  -128    98   2.2 0.009059    111.00    22.40     4.30     0.97     0.41     0.31 -1
2000 302  8 2283 71 71  14  14   6.9   6.6  17.6 120.4  -3.2   5.4   2.0   5.7  -0.9   0.6   2.0   0.6   1.2   1.4   95894.   7.8  376.  -7.8   3.6 0.035   21845.   0.6    3.   0.4   0.9 0.007  2.10   0.34   1.53   7.6  5.0 0.0205 23 151    -4   9 179.7   99   -10    89   1.7 0.009059     96.40    19.40     3.88     0.94     0.41     0.32 -1
2000 302  9 2283 71 71  15  15   6.0   5.8  13.9 128.2  -3.5   4.4   1.4   4.5  -1.0   0.7   1.3   0.8   0.6   0.8  111283.   8.4  372.  -6.9   3.7 0.031   14435.   0.7    3.   0.5   0.6 0.002  2.18   0.37   2.33   9.0  5.2 0.0147 47 151    -1  39 179.7  108   -26    82   1.3 0.009059    116.00    19.90     3.81     0.86     0.35     0.26 -1
2000 302 10 2283 71 71  17  17  12.0  11.7 -10.8 102.9  -2.6  11.2  -2.2   8.6  -7.5   3.0   3.7   1.2   2.9   1.9   97550.  26.1  415.  -4.8   6.8 0.031   26315.  11.0   20.   1.2   1.5 0.004  8.44   3.11   1.70   8.8  5.6 0.0152 47 151    15  39 179.7  659  -493   166   4.4 0.009059     92.20    18.60     3.78     0.99     0.43     0.32 -1
2000 302 11 2283 71 71  15  15  10.7  10.3  -6.4 104.8  -2.6   9.9  -1.1   8.1  -5.9   2.3   3.4   1.3   1.9   2.5   63718.  34.1  411.  -6.1   6.7 0.021    5123.   4.2    2.   0.7   0.7 0.005 10.43   2.42   2.38  11.2  6.4 0.0095 47 151    -9  39 179.7  719  -637    82   4.5 0.009059    202.00    30.00     4.28     0.89     0.37     0.29 -1
2000 302 12 2283 71 71  14  14  10.1   8.0  42.1   3.9   5.9   0.4   5.4   2.9   4.6   1.7   5.9   3.1   4.7   1.9   68194.  37.0  396.  -6.8   6.8 0.027    9256.   2.7    6.   1.1   0.5 0.005 10.74  -1.82   2.97  11.9  6.3 0.0084 40 151   -18  27 179.7  455  -361    95   1.9 0.009059    191.00    28.60     3.99     0.86     0.36     0.27 -1
2000 302 13 2283 71 71  15  15   9.4   9.1   7.0 105.6  -2.4   8.7   1.1   8.3  -2.9   1.0   2.0   0.9   1.2   1.3   56784.  37.1  384.  -4.4   6.7 0.016    5059.   3.4    3.   0.5   0.3 0.003  9.72   1.11   3.23  12.4  6.4 0.0077 40 151     0  27 179.7  404  -286   118   2.8 0.009059    236.00    31.60     3.89     0.80     0.34     0.26 -1
2000 302 14 2283 71 71  14  14   9.4   4.9  29.3  69.5   1.5   4.0   2.4   4.6   0.5   1.9   8.0   4.3   6.5   2.0   72551.  31.4  377.  -4.1   6.2 0.017   12191.   4.8    4.   0.3   0.7 0.004  7.96  -0.19   2.97  11.2  6.0 0.0094 40 151    -6  27 179.7  408  -227   181   2.5 0.009059    212.00    29.20     3.86     0.85     0.38     0.28 -1
2000 302 15 2283 71 71  15  15  11.1  11.0  37.7 318.7   6.6  -5.7   6.7  -2.8   8.4   0.5   1.5   1.1   0.6   0.8   96881.  25.5  374.  -5.0   5.0 0.025    9905.   1.5    2.   0.1   0.4 0.003  6.55  -3.14   1.94   8.5  5.2 0.0164 23 151   -10   9 179.7  153   -80    73   0.1 0.009059    113.00    21.20     3.53     0.80     0.34     0.26 -1
2000 302 16 2283 71 71  15  15  10.9  10.7  39.9 326.6   6.9  -4.5   6.9  -1.9   8.0   0.4   1.4   0.8   0.6   1.0  120706.  29.1  376.  -5.0   3.6 0.028   10128.   1.7    3.   0.2   0.3 0.002  7.64  -3.01   2.54   9.3  5.2 0.0137 23 151    -1   9 179.7   71   -16    55   0.2 0.009059    100.00    19.80     3.40     0.82     0.37     0.28 -1
2000 302 17 2283 71 71  14  14  10.5  10.1  25.6 320.5   7.0  -5.8   4.4  -4.3   5.9   0.6   2.7   0.4   1.0   2.5  132997.  28.5  368.  -5.4   4.2 0.029    8294.   1.0    7.   0.4   0.3 0.001  7.19  -2.17   2.81   9.4  5.1 0.0136 23 151     1   9 179.7   61   -24    37   0.2 0.009059     97.90    19.50     3.38     0.81     0.37     0.28 -1
2000 302 18 2283 71 71  14  14   8.8   8.5   6.6 318.5   6.4  -5.6   1.0  -5.2   2.3   0.3   1.8   1.0   1.3   0.7  135888.  24.4  349.  -5.9   3.6 0.034   13223.   2.0    2.   0.5   0.7 0.004  5.64  -0.80   3.46   9.8  4.9 0.0124 30 151     2  15 179.7   37   -15    22   0.1 0.009059     97.10    19.40     3.34     0.83     0.38     0.29 -1
2000 302 19 2283 71 71  16  16   9.4   8.7 -13.2 324.8   6.9  -4.9  -2.0  -5.2  -0.9   1.0   3.6   1.9   2.7   1.5  151519.  26.2  355.  -4.7  -0.4 0.027   18847.   4.0   10.   0.4   1.8 0.002  6.11   0.32   3.45   9.7  4.8 0.0127 30 151    12  15 179.7   98   -48    50   1.0 0.009059     88.10    18.00     3.14     0.75     0.33     0.24 -1
2000 302 20 2283 71 71  16  16   9.7   7.2 -26.7 325.5   5.3  -3.7  -3.3  -4.2  -2.6   2.1   6.1   2.6   4.4   3.4  115436.  39.6  381.  -4.4  -1.6 0.026    6161.   3.6    9.   2.0   1.7 0.002 10.60   0.99   4.27  12.4  5.7 0.0078 30 151    15  15 179.7  269  -146   123   1.8 0.009059     84.00    17.40     3.07     0.78     0.37     0.27 -1
2000 302 21 2283 71 71  16  16  16.3   7.9  48.0  72.3   1.6   5.0   5.8   5.9   4.9   4.3  14.2   2.9   3.6  13.4  148959.  23.6  404.  -0.0  -2.5 0.036   12607.  10.1    5.   2.0   1.8 0.010  7.36  -1.98   1.02   6.0  4.4 0.0328 53 151    -1  56 179.7  305  -203   102   1.8 0.009059     59.00    13.90     2.71     0.77     0.39     0.30 -1
2000 302 22 2283 71 71  15  15  18.1  17.9 -72.4 211.0  -4.7  -2.8 -17.1  -5.3 -16.5   2.9   3.5   1.3   1.8   2.7  109953.  21.5  413.   4.2  -3.4 0.030   30009.   7.4    3.   1.0   0.9 0.010  6.86   6.81   0.65   5.3  4.2 0.0425 53 151   -10  56 179.7  221  -131    90   1.7 0.009059     39.60     9.76     2.03     0.63     0.33     0.27 -1
2000 302 23 2283 71 71  14  14  18.4  18.2 -63.2 142.9  -6.5   4.9 -16.2   2.3 -16.8   0.6   3.1   0.5   2.6   1.7   76341.  17.9  405.   5.0  -4.0 0.023    3457.   2.1    4.   0.5   0.6 0.005  5.35   6.80   0.45   4.7  4.0 0.0549 53 151   -52  56 179.7  341  -267    74   3.2 0.009059     25.90     6.55     1.58     0.60     0.34     0.27 -1
2000 303  0 2283 71 71  16  16  18.8  18.5 -61.7 137.9  -6.5   5.9 -16.3   3.0 -17.1   0.5   3.1   0.2   2.9   1.0   37899.  10.3  396.   0.2  -4.6 0.025   11626.   2.9    5.   3.5   1.5 0.011  2.97   6.77   0.20   3.4  3.1 0.1041 60 161   -99  80 184.5  640  -578    62   5.4 0.009293     16.10     3.68     1.09     0.55     0.36     0.26 -1
2000 303  1 2283 71 71  15  15  18.3  18.2 -64.2 144.7  -6.4   4.6 -16.4   1.2 -17.0   0.3   1.7   0.3   1.5   0.7   22799.   6.6  404.  -5.2  -6.5 0.056    2031.   1.0    3.   1.0   0.7 0.008  2.20   6.87   0.12   2.8  2.7 0.1479 60 161  -115  80 184.5  307  -279    28   3.8 0.009293      6.64     1.72     0.68     0.43     0.33     0.25 -1
2000 303  2 2283 71 71  15  15  17.7  17.7 -53.2 128.8  -6.6   8.2 -14.2   4.6 -15.7   0.1   1.5   0.6   1.3   0.5   19337.   5.7  405.  -4.8  -6.7 0.060    6048.   2.3    3.   0.6   0.4 0.010  1.94   6.36   0.11   2.7  2.6 0.1594 60 161  -125  80 184.5  498  -472    26   3.8 0.009293      7.38     1.82     0.71     0.45     0.34     0.26 -1
2000 303  3 2283 71 71  14  14  17.6  17.5 -50.4 123.1  -6.1   9.4 -13.5   5.2 -15.6   0.1   0.8   0.3   0.6   0.4    8717.   3.6  404.  -4.5  -7.4 0.052    1413.   1.0    2.   0.5   0.3 0.005  1.19   6.30   0.07   2.2  2.1 0.2508 60 161  -126  80 184.5  437  -375    62   3.1 0.009293      6.72     1.62     0.68     0.44     0.33     0.26 -1
2000 303  4 2283 71 71  15  15  17.2  17.1 -43.6 114.6  -5.2  11.3 -11.8   6.8 -14.9   0.1   0.9   0.4   0.6   0.6    8189.   2.9  399.  -3.2  -7.3 0.046     539.   0.3    2.   0.4   0.2 0.007  0.91   5.95   0.06   2.0  1.9 0.3049 60 161  -108  80 184.5  631  -379   252   5.4 0.009293      6.39     1.47     0.61     0.39     0.30     0.23 -1
2000 303  5 2283 71 71  15  15  16.7  16.7 -37.9 110.6  -4.6  12.3 -10.2   7.5 -14.1   0.1   0.8   0.3   0.3   0.7   10810.   1.9  396.  -3.3  -6.9 0.041    8187.   0.4    3.   0.6   0.6 0.007  0.58   5.58   0.04   1.6  1.6 0.4453 60 161  -110  80 184.5  405  -293   112   2.9 0.009293      5.77     1.43     0.62     0.42     0.33     0.25 -1
2000 303  6 2283 71 71  15  15  16.2  16.2 -29.5 109.7  -4.7  13.2  -8.0   8.6 -12.8   0.1   1.0   0.7   0.4   0.6    8445.   1.8  393.  -2.7  -6.9 0.032     996.   0.1    2.   0.5   0.3 0.005  0.52   5.03   0.04   1.6  1.6 0.4491 37 161  -111  22 184.5  387  -256   131   2.8 0.009293      5.68     1.41     0.60     0.41     0.31     0.23 -1
2000 303  7 2283 71 71  15  15  15.6  15.6 -22.9 105.0  -3.7  13.9  -6.1   9.6 -11.8   0.2   0.9   0.2   0.2   0.9    7335.   2.1  386.  -1.7  -6.8 0.032     871.   0.3    5.   0.7   0.5 0.005  0.59   4.55   0.05   1.8  1.8 0.3700 37 161  -114  22 184.5  533  -368   165   3.6 0.009293      5.10     1.38     0.59     0.40     0.32     0.24 -1
2000 303  8 2283 71 71  15  15  14.9  14.9 -17.1 108.6  -4.5  13.5  -4.4   9.7 -10.4   0.1   0.6   0.3   0.2   0.5    7537.   2.3  391.  -0.6  -7.4 0.034    1587.   0.4    4.   0.6   1.6 0.006  0.67   4.07   0.06   2.0  1.9 0.3004 37 161  -118  22 184.5  530  -374   156   3.4 0.009293      5.52     1.42     0.62     0.42     0.32     0.25 -1
2000 303  9 2283 71 71  14  14  14.6  14.6 -20.7 107.7  -4.1  13.0  -5.1   8.8 -10.9   0.1   0.4   0.1   0.3   0.3    7769.   1.6  384.   0.4  -6.9 0.029     901.   0.1    3.   0.5   0.5 0.003  0.44   4.19   0.04   1.7  1.6 0.4299 40 161  -108  27 184.5  430  -360    70   3.1 0.009293      6.29     1.61     0.67     0.44     0.34     0.25 -1
2000 303 10 2283 71 71  15  15  13.9  13.8 -18.4 107.2  -3.9  12.5  -4.4   8.6 -10.1   0.2   1.0   0.2   0.1   0.9   22090.   2.2  377.  -0.4  -4.6 0.033    7107.   0.4    2.   0.4   1.5 0.003  0.59   3.81   0.07   2.0  2.0 0.2940 40 161   -81  27 184.5  588  -330   258   4.9 0.009293      7.21     1.69     0.64     0.40     0.30     0.22 -1
2000 303 11 2283 71 71  15  15  13.6  13.6 -16.3 103.9  -3.1  12.6  -3.8   9.1  -9.5   0.1   0.8   0.6   0.1   0.5   16375.   1.6  373.   0.1  -3.5 0.033    2524.   0.2    5.   0.2   0.5 0.003  0.42   3.54   0.05   1.7  1.7 0.3953 40 161   -82  27 184.5  358  -270    88   2.5 0.009293      7.69     1.88     0.70     0.44     0.33     0.26 -1
2000 303 12 2283 71 71  15  15  13.3  13.3 -12.5 101.9  -2.7  12.7  -2.9   9.8  -8.6   0.1   0.8   0.4   0.2   0.7   11916.   1.7  373.  -0.1  -2.0 0.032    3375.   0.1    6.   0.5   1.4 0.005  0.45   3.21   0.06   1.8  1.8 0.3558 30 161   -84  15 184.5  434  -359    75   2.2 0.009293      7.43     2.00     0.71     0.43     0.33     0.27 -1
2000 303 13 2283 71 71  15  15  12.9  12.9 -14.7 101.1  -2.4  12.2  -3.3   9.4  -8.4   0.1   0.7   0.3   0.2   0.6   19342.   1.8  380.  -1.4  -2.1 0.029    2249.   0.2    3.   0.9   0.9 0.003  0.48   3.19   0.07   2.0  1.9 0.3046 30 161   -79  15 184.5  604  -475   129   3.8 0.009293      8.57     2.00     0.74     0.45     0.33     0.25 -1
2000 303 14 2283 71 71  15  15  12.4  12.4 -18.5  95.0  -1.0  11.7  -3.9   9.0  -8.4   0.1   0.7   0.5   0.2   0.4   25660.   3.0  373.  -3.7  -2.0 0.027    2628.   0.8    2.   0.5   0.7 0.003  0.77   3.13   0.13   2.6  2.5 0.1753 30 161   -74  15 184.5  544  -428   117   3.7 0.009293      9.35     2.06     0.70     0.43     0.31     0.24 -1
2000 303 15 2283 71 71  16  16  11.4  11.3 -17.4  96.0  -1.1  10.7  -3.4   8.7  -7.1   0.4   1.0   0.6   0.5   0.6   31344.   6.1  381.  -3.3  -1.6 0.032    4558.   1.3    5.   1.2   0.9 0.005  1.67   2.71   0.31   4.1  3.7 0.0698 33 161   -70  18 184.5  839  -596   244   4.0 0.009293      7.54     1.75     0.65     0.42     0.31     0.24 -1
2000 303 16 2283 71 71  15  15  11.4  11.4 -19.4  91.0  -0.2  10.7  -3.8   8.9  -7.1   0.3   0.8   0.7   0.3   0.4   26649.   5.5  383.  -2.1  -2.1 0.031    4568.   1.0    2.   1.2   0.6 0.004  1.51   2.72   0.27   3.9  3.5 0.0766 33 161   -73  18 184.5  800  -502   298   3.9 0.009293      7.42     1.74     0.68     0.44     0.35     0.28 -1
2000 303 17 2283 71 71  15  15  11.6  11.6 -17.2  86.0   0.8  11.0  -3.4   9.6  -6.4   0.1   0.4   0.2   0.1   0.3   18472.   4.5  387.  -1.0  -2.5 0.031    1716.   0.4    2.   0.3   0.2 0.004  1.27   2.48   0.20   3.5  3.3 0.0950 33 161   -76  18 184.5  739  -463   276   3.4 0.009293      7.47     1.77     0.64     0.40     0.31     0.23 -1
2000 303 18 2283 71 71  14  14  10.9  10.9 -12.4  88.0   0.4  10.7  -2.4   9.8  -4.9   0.3   0.6   0.4   0.3   0.2   17010.   6.2  382.  -1.8  -2.6 0.024     501.   1.7    4.   0.4   0.1 0.002  1.66   1.87   0.32   4.4  3.9 0.0625 33 161   -72  18 184.5  718  -469   249   3.5 0.009293      6.43     1.58     0.66     0.45     0.35     0.27 -1
2000 303 19 2283 71 71  15  15  10.8  10.7  -8.8  90.8  -0.1  10.6  -1.6  10.1  -3.7   0.2   1.2   0.9   0.2   0.7   19114.   5.4  370.  -0.4  -4.3 0.025    2561.   1.5    7.   1.0   0.9 0.002  1.36   1.37   0.28   4.0  3.6 0.0751 33 161   -72  18 184.5  496  -357   140   2.9 0.009293      6.22     1.56     0.67     0.45     0.36     0.28 -1
2000 303 20 2283 71 71  14  14  10.8  10.7  -0.2  97.8  -1.5  10.6   0.0  10.4  -1.9   0.1   0.7   0.4   0.1   0.6   17937.   4.9  357.   0.5  -4.8 0.024     848.   0.3    4.   0.1   0.7 0.002  1.14   0.68   0.26   3.7  3.3 0.0889 33 161   -64  18 184.5  435  -319   116   2.4 0.009293      5.69     1.61     0.68     0.44     0.34     0.26 -1
2000 303 21 2283 71 71  15  15  10.4  10.4  -0.3  98.3  -1.5  10.3  -0.1  10.2  -1.7   0.1   0.5   0.2   0.1   0.5   19167.   5.1  352.   0.5  -5.5 0.020    1373.   0.5    2.   0.3   1.2 0.002  1.14   0.60   0.29   3.8  3.4 0.0814 27 161   -60  12 184.5  115   -73    42   1.3 0.009293      6.14     2.11     1.22     0.97     0.85     0.70 -1
2000 303 22 2283 71 71  15  15  10.2  10.2   1.5  95.7  -1.0  10.1   0.3  10.0  -1.2   0.1   0.4   0.2   0.1   0.4   21648.   5.8  346.   0.0  -4.6 0.021    1589.   0.5    2.   0.3   0.5 0.002  1.26   0.42   0.35   4.1  3.6 0.0713 27 161   -57  12 184.5  129   -95    35   1.1 0.009293      5.52     1.52     0.66     0.44     0.34     0.26 -1
2000 303 23 2283 71 71  15  15   8.7   8.1  -8.2  89.7   0.0   8.0  -1.2   7.7  -2.4   1.1   3.0   0.7   1.7   2.4   42134.   6.4  351.   0.1  -3.7 0.054   16733.   0.6    2.   1.2   2.9 0.020  1.60   0.84   0.60   5.1  4.1 0.0457 27 161   -55  12 184.5  276  -237    39   1.5 0.009293      5.45     1.50     0.69     0.46     0.34     0.25 -1
2000 304  0 2283 71 71  15  15   8.3   7.7  24.8  71.3   2.2   6.6   3.2   7.0   2.1   0.6   2.6   0.7   0.9   2.4   63503.   6.6  355.  -1.6  -1.9 0.075    8771.   0.6    2.   0.8   0.5 0.010  1.81  -0.75   0.76   5.5  4.3 0.0394 50 154   -53  48 191.0  261  -224    37   1.8 0.009429      5.34     1.48     0.68     0.44     0.33     0.25 -1
2000 304  1 2283 71 71  16  16  11.3  10.7 -55.0  53.9   3.6   5.0  -8.8   3.2  -9.6   0.5   3.3   1.7   1.8   2.2   52909.   4.6  360.  -0.9  -0.0 0.057   10898.   1.6    7.   0.9   1.5 0.009  1.22   3.46   0.27   3.4  3.1 0.1019 50 154   -53  48 191.0  273  -209    64   1.9 0.009429      4.44     1.31     0.64     0.44     0.34     0.26 -1
2000 304  2 2283 71 71  16  16  10.9   8.2 -19.1 317.5   5.7  -5.2  -2.7  -5.7  -1.4   0.7   7.1   1.2   5.5   4.3   58839.   5.8  373.  -1.6  -1.3 0.074    9805.   1.2    7.   1.7   0.7 0.014  1.75   0.52   0.38   4.1  3.6 0.0700 50 154   -51  48 191.0  544  -436   108   4.2 0.009429      5.16     1.41     0.64     0.41     0.31     0.24 -1
2000 304  3 2283 71 71  15  15  12.9  12.6 -13.0 295.7   5.3 -11.1  -2.8 -11.4   0.4   0.5   2.7   1.0   1.2   2.1   54328.   4.4  396.  -3.6  -1.0 0.083    8470.   0.5    3.   0.5   0.8 0.013  1.53  -0.16   0.20   3.2  3.0 0.1147 37 154   -41  22 191.0  181   -86    95   1.1 0.009429      5.04     1.45     0.70     0.46     0.33     0.26 -1
2000 304  4 2283 71 71  14  14  10.8  10.2 -17.6 318.7   7.3  -6.4  -3.1  -7.1  -0.8   0.5   3.6   1.8   2.8   1.3   75817.   4.1  386.  -5.3   0.0 0.094    9998.   0.9   11.   0.7   0.9 0.015  1.40   0.31   0.30   3.6  3.2 0.0908 37 154   -39  22 191.0  104   -34    69   0.3 0.009429      4.57     1.37     0.69     0.47     0.36     0.28 -1
2000 304  5 2283 71 71  16  16  10.1   9.3  -5.4 327.1   7.7  -5.0  -0.9  -5.0   1.0   0.3   3.8   1.4   2.4   2.6   99354.   4.2  390.  -4.7   2.6 0.160   13613.   0.9   13.   1.0   1.7 0.059  1.75  -0.39   0.39   4.0  3.4 0.0760 37 154   -44  22 191.0  122   -57    65   0.3 0.009429      4.62     1.38     0.73     0.50     0.38     0.31 -1
2000 304  6 2283 71 71  15  15   9.4   9.2  -5.5 320.6   7.0  -5.8  -0.9  -5.6   1.6   0.2   1.6   0.4   0.4   1.5   77965.   3.8  391.  -6.1   2.0 0.136   10224.   0.3    5.   0.4   1.1 0.050  1.50  -0.63   0.37   4.1  3.5 0.0724 27 154   -43  12 191.0  112   -73    39   0.5 0.009429      4.13     1.26     0.66     0.44     0.33     0.26 -1
2000 304  7 2283 71 71  14  14   9.3   9.1 -14.1 334.7   8.0  -3.8  -2.2  -4.4  -0.2   0.2   1.6   0.6   0.8   1.2  100888.   3.6  384.  -6.0   0.8 0.091   20805.   0.6    5.   0.7   1.3 0.020  1.21   0.08   0.40   3.9  3.4 0.0775 27 154   -38  12 191.0   80   -19    60   0.5 0.009429      4.29     1.38     0.74     0.50     0.36     0.28 -1
2000 304  8 2283 71 71  16  16   9.6   9.3 -48.9 314.4   4.3  -4.4  -7.0  -7.2  -4.0   0.1   2.0   1.3   0.9   1.3   48429.   5.5  382.  -7.2  -2.2 0.099    7765.   0.5    2.   0.5   0.8 0.023  1.87   1.53   0.44   4.7  4.0 0.0546 27 154   -34  12 191.0  115   -36    79   0.7 0.009429      3.71     1.25     0.69     0.48     0.36     0.28 -1
2000 304  9 2283 71 71  15  15  10.2   8.2 -62.5 310.0   2.4  -2.9  -7.3  -6.1  -4.9   0.5   5.8   4.0   2.5   3.5   42733.   5.6  388.  -4.9  -2.4 0.052    9753.   0.9    4.   0.5   1.0 0.010  1.70   1.90   0.38   4.5  3.9 0.0587 33 154   -37  18 191.0  339  -207   132   1.9 0.009429      3.27     1.20     0.70     0.48     0.36     0.28 -1
2000 304 10 2283 71 71  15  15  10.2   9.6 -37.7 310.5   5.0  -5.8  -5.9  -8.0  -2.2   0.2   2.5   1.4   1.2   1.6   30536.   6.7  394.  -3.9  -1.0 0.054    3660.   0.6    5.   0.5   1.1 0.008  2.11   0.87   0.43   5.0  4.3 0.0476 33 154   -39  18 191.0  442  -218   224   2.5 0.009429      3.63     1.34     0.74     0.49     0.35     0.28 -1
2000 304 11 2283 71 71  14  14   9.8   9.5 -32.0 317.7   6.0  -5.4  -5.0  -7.2  -1.7   0.1   2.1   1.6   0.9   1.1   41267.   5.8  378.  -3.1   0.1 0.040    8964.   0.7    7.   0.7   1.1 0.009  1.61   0.64   0.43   4.6  4.0 0.0551 33 154   -35  18 191.0  250   -83   167   1.3 0.009429      3.95     1.49     0.79     0.49     0.34     0.25 -1
2000 304 12 2283 71 71  15  15   9.9   9.6 -28.9 318.2   6.3  -5.6  -4.6  -7.1  -1.4   0.1   1.6   1.0   0.8   1.0   40150.   5.3  375.  -3.1   0.9 0.047    9279.   0.5    5.   0.6   1.4 0.006  1.48   0.53   0.38   4.4  3.8 0.0626 17 154   -33   6 191.0  277  -101   175   0.9 0.009429      3.96     1.59     0.87     0.55     0.38     0.29 -1
2000 304 13 2283 71 71  15  15  10.3   9.9 -27.4 323.4   7.0  -5.2  -4.6  -6.7  -1.8   0.2   2.3   1.1   1.2   1.6   20083.   5.4  370.  -2.0  -1.5 0.040    3842.   0.8    4.   0.9   1.3 0.008  1.43   0.67   0.31   4.2  3.7 0.0683 17 154   -34   6 191.0  252  -102   149   1.4 0.009429      4.82     1.87     0.95     0.54     0.33     0.26 -1
2000 304 14 2283 71 71  15  15  10.3  10.1 -33.1 308.6   5.3  -6.6  -5.5  -8.3  -2.3   0.2   1.3   0.6   0.8   0.8   36220.   3.8  371.  -3.1   1.9 0.028   10179.   0.4    7.   0.9   1.7 0.007  0.97   0.85   0.25   3.5  3.2 0.0965 17 154   -37   6 191.0  153   -82    71   1.4 0.009429      5.97     2.55     1.25     0.60     0.35     0.27 -1
2000 304 15 2283 71 71  15  15  10.1   9.7 -18.7 307.0   5.5  -7.3  -3.1  -7.9  -0.2   0.2   2.4   1.4   0.8   1.7   47449.   4.4  367.  -2.2   3.2 0.020   11025.   0.4    9.   1.4   1.8 0.002  1.07   0.07   0.32   3.8  3.4 0.0819 20 154   -39   7 191.0  248  -177    71   2.0 0.009429      6.63     2.94     1.45     0.68     0.37     0.28 -1
2000 304 16 2283 71 71  15  15  10.4   9.9 -12.6 307.1   5.9  -7.7  -2.2  -8.0   0.4   0.4   2.4   0.9   1.3   1.8   51939.   4.2  360.  -2.2   2.8 0.026   10468.   0.4    8.   0.8   1.7 0.004  1.00  -0.14   0.29   3.5  3.2 0.0945 20 154   -36   7 191.0  144   -82    62   1.0 0.009429      7.68     3.72     1.76     0.72     0.33     0.25 -1
2000 304 17 2283 71 71  15  15  10.5   9.9  -8.2 304.2   5.5  -8.1  -1.4  -8.2   0.9   0.2   3.1   1.6   1.6   2.1   38662.   4.2  364.  -2.9   1.7 0.027    8712.   0.5   10.   1.2   1.2 0.005  1.03  -0.33   0.26   3.6  3.2 0.0943 20 154   -31   7 191.0   64   -30    34   1.0 0.009429     10.10     4.89     2.16     0.81     0.37     0.29 -1
2000 304 18 2283 71 71  13  13  10.8  10.6 -33.9 284.0   2.1  -8.5  -5.9  -9.7  -3.7   0.3   2.2   1.3   1.2   1.2   30298.   5.2  371.  -2.6  -1.2 0.025    8181.   0.5    4.   0.7   0.6 0.003  1.31   1.37   0.29   3.9  3.5 0.0775 17 154   -26   6 191.0  184  -130    55   2.1 0.009429     12.90     5.61     2.31     0.78     0.35     0.26 -1
2000 304 19 2283 71 71  14  14  11.0  10.7 -12.7 283.5   2.4 -10.1  -2.3 -10.4  -0.2   0.1   2.1   1.2   0.5   1.7   27484.   5.2  368.  -3.5  -0.7 0.031    2614.   0.5    8.   0.3   1.3 0.003  1.32   0.07   0.28   3.8  3.4 0.0817 17 154   -29   6 191.0  237  -144    94   1.5 0.009429     14.70     6.11     2.42     0.83     0.36     0.28 -1
2000 304 20 2283 71 71  15  15  11.0  10.5  -2.4 289.0   3.4  -9.9  -0.4  -9.8   1.3   0.2   2.9   1.5   0.6   2.5   25578.   5.1  367.  -3.0   0.1 0.034    2099.   0.6   11.   0.8   2.4 0.003  1.30  -0.48   0.27   3.8  3.4 0.0838 17 154   -30   6 191.0  226  -151    75   0.9 0.009429     15.50     6.78     2.73     0.88     0.37     0.28 -1
2000 304 21 2283 71 71  15  15  10.8  10.7   5.8 295.1   4.5  -9.6   1.1  -9.3   2.5   0.0   1.1   0.5   0.3   1.0   24977.   4.6  355.  -2.3   1.7 0.035    2746.   0.3    3.   0.5   1.0 0.002  1.10  -0.89   0.25   3.5  3.2 0.0957 10 154   -30   4 191.0   89   -26    63  -0.3 0.009429     15.40     7.84     3.22     0.94     0.36     0.27 -1
2000 304 22 2283 71 71  15  15  10.4  10.3  15.9 298.1   4.7  -8.8   2.8  -8.3   4.0   0.1   1.0   0.4   0.3   0.8   30242.   4.6  353.  -1.3   2.2 0.041    4290.   0.3    3.   0.4   1.0 0.004  1.11  -1.41   0.28   3.6  3.3 0.0898 10 154   -29   4 191.0   63    -5    58  -0.5 0.009429     15.50     7.86     3.23     0.94     0.36     0.28 -1
2000 304 23 2283 71 71  15  15  10.4  10.3  32.3 290.5   3.0  -8.1   5.5  -7.2   6.6   0.1   1.4   0.6   0.5   1.1   19967.   5.2  351.  -2.3   1.1 0.046    1941.   0.4    3.   0.5   0.6 0.002  1.27  -2.32   0.30   3.8  3.4 0.0803 10 154   -28   4 191.0   42    -4    38  -0.5 0.009429     15.50     8.10     3.32     0.94     0.36     0.28 -1
2000 305  0 2283 71 71  15  15   9.2   7.5   4.4 297.9   3.5  -6.6   0.6  -6.4   1.7   0.8   5.2   0.7   0.8   5.1   44950.   6.3  351.  -1.7   0.3 0.052   16633.   1.2    3.   0.6   1.4 0.011  1.57  -0.60   0.54   4.8  4.0 0.0519 27 158   -26  12 190.5   42    -3    38  -0.3 0.009426     15.70     8.14     3.31     0.94     0.36     0.26 -1
2000 305  1 2283 71 71  15  15   8.7   8.4 -46.5 299.5   2.8  -5.0  -6.1  -6.1  -5.0   0.1   1.5   0.9   0.5   1.1   50093.   7.3  355.  -2.2  -0.1 0.065    7995.   0.6    3.   0.4   0.8 0.008  1.94   1.77   0.72   5.5  4.3 0.0391 27 158   -22  12 190.5   86   -25    60   0.3 0.009426      9.22     3.54     1.50     0.62     0.34     0.26 -1
2000 305  2 2283 71 71  14  14   9.1   8.9 -44.2 291.1   2.3  -6.0  -6.2  -7.3  -4.7   0.3   1.3   1.1   0.6   0.6   43764.   7.8  356.  -2.1   0.7 0.056    8116.   0.5    6.   0.4   0.7 0.005  2.02   1.67   0.67   5.5  4.3 0.0399 27 158   -23  12 190.5  319  -201   118   2.0 0.009426      8.58     3.56     1.57     0.63     0.33     0.26 -1
2000 305  3 2283 71 71  16  16   9.8   9.3   0.7 285.8   2.5  -8.9   0.1  -8.5   2.5   0.2   2.9   0.6   1.1   2.7   52597.   6.6  360.  -0.5   1.0 0.062    5549.   1.0    3.   0.7   0.5 0.011  1.78  -0.90   0.52   4.7  3.9 0.0534 27 158   -23  12 190.5  246   -98   148   1.8 0.009426     14.20     7.11     2.86     0.84     0.34     0.26 -1
2000 305  4 2283 71 71  14  14  10.0   9.6  29.7 281.2   1.6  -8.2   4.8  -6.2   7.2   0.2   2.4   0.9   1.5   1.7   49741.   6.6  357.  -0.4   1.1 0.067    2677.   0.4    4.   0.5   0.4 0.010  1.78  -2.57   0.49   4.6  3.8 0.0566 27 158   -19  12 190.5   50    10    60  -0.1 0.009426     20.40    11.90     4.79     1.12     0.37     0.27 -1
2000 305  5 2283 71 71  15  15   9.3   7.5  25.2 290.0   2.3  -6.4   3.2  -4.8   5.3   0.1   5.3   0.8   1.6   5.0   45747.   6.2  353.  -1.2   1.5 0.061    2384.   0.8    2.   1.3   0.5 0.009  1.61  -1.87   0.52   4.7  3.9 0.0533 27 158   -18  12 190.5   44    -1    43  -0.3 0.009426     17.20    10.10     4.06     1.01     0.36     0.28 -1
2000 305  6 2283 71 71  15  15   7.7   6.6 -30.0 286.4   1.6  -5.5  -3.3  -6.4  -0.7   1.1   3.9   1.0   1.1   3.6   41458.  11.9  355.  -1.7  -0.1 0.039    4259.   4.6    2.   0.6   0.7 0.004  2.90   0.25   1.42   8.0  5.3 0.0188 17 158   -17   6 190.5  102   -13    89   0.3 0.009426     17.10    10.50     4.16     0.99     0.32     0.24 -1
2000 305  7 2283 71 71  15  15   5.9   4.3 -64.0 155.4  -1.7   0.8  -3.9  -1.0  -3.8   0.3   3.8   1.2   3.4   1.4   27934.  22.7  354.  -1.3  -0.2 0.049    2429.   2.0    2.   0.9   0.7 0.008  5.68   1.35   4.24  14.3  6.6 0.0058 17 158   -16   6 190.5   92   -18    74   0.8 0.009426     23.50    14.80     5.75     1.30     0.40     0.31 -1
2000 305  8 2283 71 71  15  15   7.4   6.8  15.9 115.4  -2.8   5.9   1.9   6.1  -1.1   0.9   2.8   1.5   1.0   2.1   33088.  21.1  353.  -1.9  -0.4 0.051    5205.   3.9    3.   0.4   0.3 0.007  5.29   0.39   2.59  11.0  6.1 0.0099 17 158   -18   6 190.5  182   -60   122   1.3 0.009426     27.90    17.00     6.32     1.33     0.37     0.29 -1
2000 305  9 2283 71 71  16  16   8.5   7.8  13.4 117.6  -3.5   6.7   1.8   6.7  -1.7   0.3   3.0   0.9   0.6   2.8   56698.  10.6  362.   0.7  -0.8 0.049   12425.   3.0    4.   1.4   1.4 0.018  2.77   0.62   1.13   6.9  4.9 0.0247 23 158   -22   9 190.5  173   -55   118   0.9 0.009426     34.30    20.90     7.54     1.46     0.38     0.28 -1
2000 305 10 2283 71 71  14  14   8.7   8.4   9.5 112.2  -3.1   7.7   1.4   7.4  -2.6   0.2   1.8   0.5   0.3   1.7   55217.   6.4  361.  -0.9  -0.9 0.069    5239.   0.4    3.   0.8   1.4 0.009  1.78   0.94   0.65   5.2  4.2 0.0432 23 158   -23   9 190.5  375  -260   115   1.9 0.009426     41.90    25.50     9.14     1.68     0.38     0.28 -1
2000 305 11 2283 71 71  15  15   8.3   8.2  25.1 117.9  -3.5   6.6   3.5   7.5  -0.1   0.2   1.1   0.4   0.4   0.9   46770.   6.0  355.  -1.3  -2.3 0.061    3197.   0.2    1.   0.3   0.9 0.006  1.57   0.04   0.63   5.2  4.2 0.0433 23 158   -24   9 190.5  344  -208   136   2.0 0.009426     45.30    27.60     9.85     1.83     0.41     0.31 -1
2000 305 12 2283 71 71  15  15   7.7   7.6  23.8 110.0  -2.4   6.5   3.1   7.2  -0.3   0.1   1.0   0.6   0.4   0.7   43675.   5.7  357.  -2.0  -2.0 0.057    2089.   0.2    3.   0.4   0.8 0.003  1.49   0.11   0.69   5.5  4.4 0.0388 20 158   -25   7 190.5  141   -53    88   1.0 0.009426     50.70    30.50    10.70     1.91     0.40     0.29 -1
2000 305 13 2283 71 71  15  15   7.4   7.1  23.4 119.3  -3.2   5.7   2.8   6.4   0.0   0.1   1.7   1.0   0.7   1.2   48073.   5.2  351.  -1.3  -1.9 0.060    4487.   0.3    5.   0.7   1.2 0.003  1.33  -0.00   0.70   5.4  4.3 0.0407 20 158   -24   7 190.5   85   -48    38   1.0 0.009426     56.60    33.50    11.70     2.00     0.37     0.27 -1
2000 305 14 2283 71 71  15  15   7.1   6.8  13.8 114.5  -2.7   6.0   1.6   6.1  -1.0   0.1   1.7   0.7   0.6   1.5   48574.   5.1  353.  -1.8  -0.7 0.054    3347.   0.4    4.   0.6   1.4 0.006  1.29   0.35   0.74   5.6  4.4 0.0377 20 158   -23   7 190.5  131  -113    18   1.3 0.009426     56.50    33.30    11.50     1.95     0.38     0.26 -1
2000 305 15 2283 71 71  15  15   7.2   6.7  18.8 110.3  -2.2   6.0   2.2   6.4  -0.1   0.2   2.3   1.0   0.6   2.0   49838.   5.2  355.  -2.1  -1.7 0.056    7426.   0.4    4.   0.6   1.8 0.006  1.34   0.04   0.74   5.6  4.4 0.0376 40 158   -21  27 190.5  231  -200    31   1.5 0.009426     64.40    37.10    13.00     2.21     0.39     0.28 -1
2000 305 16 2283 71 71  15  15   7.2   6.3  -0.5 107.6  -1.9   6.1  -0.1   5.7  -2.1   0.7   3.0   1.3   1.0   2.6   51831.   5.3  357.  -2.0  -0.5 0.058    8854.   0.4    3.   1.1   1.4 0.009  1.39   0.75   0.77   5.7  4.4 0.0365 40 158   -22  27 190.5  210  -168    42   1.6 0.009426     63.00    36.60    12.80     2.16     0.40     0.29 -1
2000 305 17 2283 71 71  18  18   8.4   5.5 -10.9 161.3  -5.1   1.7  -1.0   1.4  -1.4   2.8   5.2   2.4   3.6   2.9  160170.  12.3  387.   0.9   2.7 0.089   57106.   6.9   38.   2.3   2.9 0.027  4.17   0.54   2.09   8.1  4.8 0.0182 40 158   -11  27 190.5  395  -281   115   2.3 0.009426     75.60    41.00    13.90     2.25     0.40     0.29 -1
2000 305 18 2283 71 71  15  15  11.7   7.7   4.1 114.0  -3.1   7.1   0.6   7.0  -1.1   3.1   8.8   2.9   7.9   2.6  171960.  14.4  428.  -2.2   6.4 0.057   52400.   1.7   13.   3.9   3.1 0.015  5.41   0.47   1.31   6.9  4.7 0.0247 27 158   -11  12 190.5  340  -221   119   2.7 0.009426     80.40    41.50    13.50     2.16     0.39     0.28 -1
2000 305 19 2283 71 71  15  15  13.0  12.0  -0.3 125.0  -6.9   9.9  -0.1   9.7  -2.0   1.3   4.5   1.9   2.5   3.2  149039.  14.3  418.  -3.6   8.4 0.061   24678.   1.3    8.   2.3   1.9 0.009  5.19   0.84   0.98   6.1  4.5 0.0322 27 158   -11  12 190.5  460  -292   168   2.5 0.009426     89.40    42.80    13.70     2.79     0.90     0.70 -1
2000 305 20 2283 71 71  15  15  14.6  14.1  10.4 113.1  -5.4  12.7   2.5  12.9   0.4   0.2   2.9   1.0   0.9   2.5  102425.  13.2  423.  -4.9   4.9 0.047   11770.   1.5    5.   0.7   1.7 0.008  4.69  -0.17   0.59   5.3  4.3 0.0429 27 158   -14  12 190.5  451  -260   191   2.5 0.009426     81.80    38.80    11.90     1.93     0.36     0.27 -1
2000 305 21 2283 71 71  15  15  14.3  14.0   0.6 118.6  -6.7  12.3   0.1  12.2  -1.7   0.3   2.1   1.2   0.8   1.5  101734.  11.7  417.  -5.1   6.0 0.048    8956.   0.8    5.   0.7   0.9 0.009  4.05   0.71   0.55   5.0  4.1 0.0478 33 158   -18  18 190.5  425  -316   109   1.8 0.009426     73.50    35.00    10.80     1.80     0.37     0.28 -1
2000 305 22 2283 71 71  15  15  13.9  13.6  -4.6 123.9  -7.6  11.3  -1.1  11.0  -2.6   0.4   2.0   0.8   1.1   1.5   82906.  11.2  413.  -4.8   5.3 0.049   11141.   0.9    4.   0.8   0.5 0.005  3.82   1.07   0.51   5.0  4.1 0.0481 33 158   -20  18 190.5  438  -299   140   2.4 0.009426     80.70    37.00    11.20     1.78     0.37     0.27 -1
2000 305 23 2283 71 71  15  15  11.8  11.5  -4.9 135.6  -8.2   8.0  -1.0   7.8  -2.1   0.8   2.1   1.3   1.4   0.9   95180.  13.0  422.  -4.7   2.6 0.040   12080.   3.1   11.   0.8   1.4 0.012  4.48   0.89   0.87   6.4  4.9 0.0286 33 158   -20  18 190.5  435  -330   106   3.2 0.009426    124.00    50.60    13.90     1.98     0.38     0.28 -1
2000 306  0 2283 71 71  15  15  10.2   7.7 -15.9 144.5  -6.0   4.3  -2.1   3.9  -2.8   1.6   6.6   5.2   2.4   3.4   74298.  14.2  430.  -5.4   1.1 0.045   17836.   2.1    9.   0.9   1.5 0.003  5.17   1.20   1.15   7.9  5.6 0.0189 33 207   -16  18 201.2  342  -236   106   2.7 0.009825    143.00    56.00    14.70     2.04     0.40     0.31 -1
2000 306  1 2283 71 71  16  16   7.2   6.6  17.4 340.9   6.0  -2.1   2.0  -1.7   2.4   1.0   2.5   0.6   1.7   1.7  200534.   9.9  453.  -4.2  -0.9 0.059   51055.   3.1   19.   0.8   1.3 0.008  4.19  -1.09   2.61   9.9  5.5 0.0121 33 207   -23  18 201.2  246  -167    79   1.2 0.009825    309.00   101.00    22.80     2.52     0.41     0.29 -1
2000 306  2 2283 71 71  15  15   8.1   7.5  27.5 340.1   6.2  -2.3   3.5  -1.5   3.9   0.9   3.1   1.2   2.5   1.4  213487.   7.5  460.  -4.6  -0.7 0.051   21696.   0.9    5.   0.6   0.3 0.006  3.19  -1.79   1.63   7.8  5.0 0.0197 33 207   -23  18 201.2  133   -96    37   0.5 0.009825    426.00   133.00    28.20     2.87     0.39     0.29 -1
2000 306  3 2283 71 71  15  15   7.5   5.8  -9.8 302.8   3.1  -4.8  -1.0  -4.9   0.3   1.0   4.2   2.2   2.6   2.5  171492.   7.9  449.  -3.4   1.0 0.053   13123.   0.6    4.   0.8   1.0 0.011  3.22  -0.13   1.75   8.4  5.3 0.0168 23 207   -21   9 201.2  127   -79    47   0.0 0.009825    401.00   126.00    26.20     2.59     0.35     0.27 -1
2000 306  4 2283 71 71  14  14   7.5   6.8 -11.7 258.3  -1.4  -6.5  -1.4  -6.6   0.7   0.6   2.3   1.5   1.1   1.4  139198.   7.1  437.  -3.0   0.2 0.065   14244.   0.6    6.   0.3   0.8 0.008  2.85  -0.31   1.40   7.8  5.2 0.0197 23 207   -23   9 201.2  127   -38    89  -0.2 0.009825    394.00   122.00    25.30     2.58     0.37     0.27 -1
2000 306  5 2283 71 71  16  16   6.1   5.7 -25.0 262.6  -0.7  -5.1  -2.4  -5.6  -0.4   1.7   2.5   1.3   2.0   0.9  114087.   8.0  435.  -3.0  -0.6 0.054   17989.   2.2    5.   0.7   0.4 0.009  3.07   0.17   2.17  10.1  5.9 0.0117 23 207   -21   9 201.2  182   -63   119   0.3 0.009825    290.00    94.10    20.60     2.25     0.37     0.26 -1
2000 306  6 2283 71 71  15  15   6.4   5.4  11.2 327.2   4.4  -2.9   1.0  -2.2   2.1   2.2   3.8   3.1   1.1   2.0  136753.   8.0  442.  -2.3  -1.2 0.058   37301.   3.3    8.   0.4   0.5 0.006  3.22  -0.93   2.15   9.8  5.8 0.0125 20 207   -15   7 201.2  222  -103   119   1.7 0.009825    231.00    78.60    18.00     2.05     0.35     0.26 -1
2000 306  7 2283 71 71  15  15   8.2   7.9  24.5 336.8   6.6  -2.8   3.3  -1.0   4.2   0.3   2.0   1.0   1.6   0.6  147735.   5.5  458.  -0.9  -2.4 0.047   17903.   0.6    5.   0.6   0.5 0.006  2.29  -1.92   0.94   6.5  4.9 0.0277 20 207   -17   7 201.2   85   -22    63   0.4 0.009825    363.00   111.00    22.60     2.40     0.38     0.29 -1
2000 306  8 2283 71 71  15  15   7.5   7.3  22.6 322.5   5.3  -4.1   2.8  -2.3   4.4   0.1   1.5   0.9   1.1   0.5  115006.   6.0  457.  -1.3  -2.2 0.050   15314.   0.2    2.   1.2   0.3 0.003  2.51  -2.01   1.08   7.5  5.4 0.0214 20 207   -14   7 201.2   31     5    36   0.2 0.009825    397.00   120.00    23.90     2.31     0.40     0.29 -1
2000 306  9 2283 71 71  15  15   7.4   7.1  28.7 341.4   5.9  -2.0   3.4  -0.1   3.9   0.1   1.8   0.7   1.6   0.5  100471.   6.1  455.  -0.7  -2.4 0.047    6668.   0.4    3.   0.9   0.3 0.003  2.51  -1.77   1.06   7.6  5.5 0.0206  3 207   -14   2 201.2   35    -3    33   0.1 0.009825    431.00   128.00    25.20     2.26     0.33     0.24 -1
2000 306 10 2283 71 71  15  15   7.1   6.9  34.9 332.6   5.0  -2.6   4.0  -0.3   4.8   0.1   1.1   0.4   0.8   0.6   88961.   6.2  447.  -1.3  -1.8 0.047    8864.   0.4    4.   0.7   0.6 0.005  2.46  -2.15   1.11   7.8  5.6 0.0194  3 207   -15   2 201.2   35   -11    24   0.1 0.009825    403.00   120.00    23.60     2.21     0.36     0.26 -1
2000 306 11 2283 71 71  14  14   6.3   5.9  32.4 335.6   4.6  -2.1   3.2  -0.3   3.8   0.4   1.9   0.4   1.1   1.4   98637.   6.5  440.  -1.0  -1.8 0.048   16794.   0.5    4.   0.8   0.5 0.005  2.51  -1.67   1.55   8.9  5.8 0.0150  3 207   -17   2 201.2   39   -20    19  -0.0 0.009825    347.00   101.00    19.80     2.03     0.35     0.25 -1
2000 306 12 2283 71 71  15  15   5.8   5.8  14.4 335.6   5.1  -2.3   1.4  -1.4   2.3   0.1   0.7   0.3   0.5   0.4  118953.   6.8  430.  -0.5  -2.5 0.037    7530.   0.1    3.   0.5   0.3 0.002  2.41  -0.99   2.08   9.7  5.8 0.0127 10 207   -17   4 201.2   52   -29    23  -0.0 0.009825    276.00    80.80    16.10     1.75     0.36     0.27 -1
2000 306 13 2283 71 71  15  15   5.9   5.6  35.8 336.5   4.2  -1.8   3.3  -0.2   3.8   0.1   1.7   0.7   0.7   1.3   95177.   6.2  423.   0.1  -0.8 0.039    8996.   0.4    4.   0.6   1.1 0.003  2.14  -1.61   1.66   8.9  5.7 0.0149 10 207   -16   4 201.2   48   -34    14  -0.2 0.009825    269.00    77.30    15.20     1.69     0.36     0.26 -1
2000 306 14 2283 71 71  15  15   5.6   4.9   9.5 326.3   4.0  -2.7   0.8  -2.2   1.8   0.1   2.3   0.9   0.9   1.9  101424.   6.7  417.  -1.4  -2.5 0.038   13615.   0.4    3.   0.8   1.0 0.002  2.24  -0.75   2.04   9.6  5.8 0.0128 10 207   -11   4 201.2   54   -36    18  -0.0 0.009825    249.00    71.00    14.00     1.60     0.35     0.26 -1
2000 306 15 2283 71 71  14  14   5.6   5.2  -0.4 316.6   3.8  -3.6   0.0  -3.4   1.3   0.1   1.7   0.7   0.7   1.5   89278.   6.2  411.  -2.1  -2.5 0.042    9756.   0.5    4.   0.7   1.1 0.004  2.04  -0.53   1.79   9.1  5.7 0.0142 10 207   -11   4 201.2   60   -39    21   0.8 0.009825    240.00    68.40    13.60     1.57     0.35     0.26 -1
2000 306 16 2283 71 71  15  15   5.4   4.4  -9.6 329.0   3.7  -2.2  -0.7  -2.3   0.0   0.4   3.0   2.2   1.4   1.6   92145.   5.9  398.  -0.9  -1.7 0.045   20284.   0.5    4.   0.7   0.3 0.005  1.84  -0.00   1.86   9.0  5.5 0.0148 10 207   -13   4 201.2   66   -46    20   1.1 0.009825    223.00    63.40    12.70     1.53     0.37     0.28 -1
2000 306 17 2283 71 71  15  15   5.1   4.7 -37.2 278.9   0.6  -3.7  -2.9  -4.3  -1.8   0.3   1.4   1.2   0.6   0.5   57128.   5.3  400.  -1.9  -2.1 0.045    8132.   0.4    5.   0.4   0.5 0.006  1.67   0.72   1.57   9.0  5.9 0.0146 10 207   -15   4 201.2  255  -194    61   1.4 0.009825    187.00    53.90    11.00     1.39     0.34     0.25 -1
2000 306 18 2283 71 71  15  15   4.8   3.7  -8.4 278.8   0.6  -3.6  -0.5  -3.6   0.3   0.1   2.7   0.8   0.9   2.4   44147.   5.2  402.  -2.2  -1.6 0.041    5172.   0.5    2.   0.5   0.5 0.003  1.63  -0.12   1.62   9.5  6.2 0.0130 13 207   -15   5 201.2  259  -192    68   1.2 0.009825    173.00    49.80    10.10     1.39     0.37     0.28 -1
2000 306 19 2283 71 71  15  15   4.6   4.2  -3.3 306.3   2.5  -3.4  -0.2  -3.4   0.5   0.1   1.6   0.9   0.8   1.1   51487.   6.0  397.  -2.3  -1.9 0.054   11195.   0.2    1.   0.4   0.7 0.004  1.92  -0.20   2.12  10.6  6.3 0.0106 13 207   -14   5 201.2  174  -101    74   0.5 0.009825    161.00    46.20     9.32     1.26     0.35     0.27 -1
2000 306 20 2283 71 71  15  15   4.5   4.5 -43.8 327.2   2.7  -1.7  -3.1  -2.2  -2.8   0.1   0.6   0.4   0.4   0.3   58573.   6.3  394.  -2.1  -3.3 0.056    5639.   0.1    2.   0.1   0.2 0.002  2.00   1.10   2.42  11.0  6.3 0.0099 13 207   -12   5 201.2  109   -59    50   0.8 0.009825    152.00    43.50     8.89     1.25     0.34     0.26 -1
2000 306 21 2283 71 71  15  15   4.4   4.0  -8.0 347.5   3.9  -0.9  -0.6  -1.0  -0.5   0.0   1.5   0.4   0.9   1.1   77090.   6.2  389.  -1.9  -2.0 0.054    6078.   0.2    2.   0.3   0.3 0.004  1.91   0.19   2.74  11.0  6.0 0.0098 23 207   -13   9 201.2  102   -50    52   0.9 0.009825    143.00    41.30     8.55     1.21     0.35     0.28 -1
2000 306 22 2283 71 71  15  15   4.6   4.3 -51.0 327.0   2.3  -1.5  -3.4  -1.9  -3.2   0.2   1.5   0.8   0.8   0.9   55535.   6.6  392.  -2.7  -2.5 0.057    7467.   0.3    2.   0.3   0.7 0.003  2.08   1.25   2.39  10.9  6.3 0.0099 23 207   -16   9 201.2  223  -160    62   1.1 0.009825    136.00    39.50     8.09     1.15     0.34     0.26 -1
2000 306 23 2283 71 71  15  15   4.4   3.9 -31.2 332.1   2.9  -1.6  -2.0  -1.9  -1.8   0.2   2.1   0.9   0.3   1.9   65730.   6.6  393.  -2.8  -1.3 0.047    6340.   0.2    1.   0.1   0.5 0.003  2.02   0.71   2.75  11.5  6.2 0.0090 23 207   -19   9 201.2  392  -313    79   2.3 0.009825    127.00    37.40     7.80     1.12     0.33     0.26 -1
2000 307  0 2283 71 71  15  15   4.6   4.0 -37.6 326.3   2.7  -1.8  -2.5  -2.2  -2.2   0.3   2.1   1.5   0.6   1.4   59387.   6.4  391.  -3.2  -1.6 0.053   10322.   0.2    5.   0.3   0.7 0.003  1.98   0.86   2.36  10.8  6.2 0.0103 27 218   -20  12 193.2  187  -119    68   1.0 0.009993    115.00    33.90     7.05     1.12     0.36     0.27 -1
2000 307  1 2283 71 71  15  15   4.5   3.7 -83.3 328.6   0.4  -0.2  -3.6  -0.9  -3.5   0.5   2.6   1.7   1.2   1.6   46969.   6.3  392.  -2.9  -2.5 0.051    8294.   0.4    4.   0.4   0.9 0.004  1.95   1.37   2.27  10.9  6.4 0.0100 27 218   -18  12 193.2  208  -103   105   1.3 0.009993    107.00    32.00     6.85     1.08     0.34     0.25 -1
2000 307  2 2283 71 71  15  15   3.8   3.5   2.6 324.9   2.9  -2.0   0.2  -1.9   0.6   0.1   1.4   0.5   0.4   1.3   56387.   5.5  387.  -3.1  -1.5 0.056    6310.   0.1    1.   0.2   0.2 0.004  1.68  -0.23   2.93  11.9  6.4 0.0083 27 218   -20  12 193.2  166   -79    87   1.0 0.009993    105.00    30.90     6.52     1.05     0.34     0.26 -1
2000 307  3 2283 71 71  15  15   3.8   3.6   2.5 321.8   2.8  -2.2   0.2  -2.1   0.8   0.1   1.1   0.4   0.4   1.0   55425.   5.1  385.  -3.3  -2.1 0.052    5536.   0.1    1.   0.2   0.3 0.002  1.53  -0.31   2.70  11.4  6.3 0.0091  7 218   -17   3 193.2   67   -10    57   0.4 0.009993    102.00    29.90     6.31     1.07     0.35     0.27 -1
2000 307  4 2283 71 71  14  14   3.8   3.5  -0.1 321.0   2.7  -2.2   0.0  -2.1   0.7   0.1   1.2   0.3   0.6   1.0   55324.   4.9  384.  -3.2  -1.9 0.050    5778.   0.1    2.   0.2   0.5 0.002  1.45  -0.27   2.59  11.2  6.2 0.0095  7 218   -16   3 193.2   30     1    31   0.1 0.009993     94.40    28.20     5.95     1.05     0.37     0.28 -1
2000 307  5 2283 71 71  15  15   3.7   3.6 -22.9 323.5   2.6  -2.0  -1.4  -2.4  -0.6   0.0   1.0   0.6   0.7   0.3   53332.   4.6  379.  -3.5  -2.5 0.055    6882.   0.2    2.   0.4   0.2 0.003  1.35   0.23   2.54  11.0  6.1 0.0099  7 218   -16   3 193.2   38    -1    37   0.2 0.009993     92.20    27.50     5.84     1.01     0.37     0.28 -1
2000 307  6 2283 71 71  15  15   3.7   3.5   2.9 317.4   2.6  -2.4   0.2  -2.1   1.2   0.1   1.0   0.5   0.3   0.9   48988.   4.4  378.  -3.3  -1.9 0.058    6302.   0.1    2.   0.2   0.3 0.002  1.29  -0.45   2.37  10.7  6.1 0.0104  3 218   -17   2 193.2   33    -4    29   0.2 0.009993     90.40    26.70     5.68     0.99     0.36     0.29 -1
2000 307  7 2283 71 71  15  15   3.6   3.5  15.6 322.3   2.7  -2.1   0.9  -1.5   1.7   0.1   0.7   0.2   0.3   0.6   48627.   4.2  376.  -3.0  -1.9 0.056    3321.   0.1    2.   0.3   0.1 0.003  1.21  -0.64   2.39  10.7  6.1 0.0104  3 218   -15   2 193.2   28    -4    24   0.0 0.009993     86.40    25.70     5.42     0.94     0.33     0.25 -1
2000 307  8 2283 71 71  15  15   3.6   3.5   6.8 324.7   2.9  -2.0   0.4  -1.6   1.3   0.0   0.4   0.2   0.3   0.3   50666.   4.1  372.  -3.3  -2.0 0.055    3056.   0.1    1.   0.2   0.1 0.002  1.16  -0.48   2.36  10.5  6.0 0.0109  3 218   -13   2 193.2   37   -11    27   0.0 0.009993     76.90    23.20     4.99     0.90     0.32     0.24 -1
2000 307  9 2283 71 71  15  15   3.6   3.5  -2.3 312.3   2.4  -2.6  -0.1  -2.3   1.2   0.0   0.4   0.2   0.2   0.3   40668.   3.9  368.  -3.2  -2.2 0.054    2538.   0.1    1.   0.1   0.1 0.002  1.07  -0.44   2.12  10.1  6.0 0.0117  3 218   -13   2 193.2   34   -15    19   0.0 0.009993     74.00    22.30     4.81     0.91     0.34     0.26 -1
2000 307 10 2283 71 71  15  15   3.5   3.4 -19.5 312.8   2.2  -2.3  -1.1  -2.5   0.2   0.1   0.8   0.4   0.3   0.6   37176.   4.1  365.  -3.4  -2.7 0.056    3814.   0.2    2.   0.1   0.3 0.002  1.12  -0.07   2.30  10.6  6.1 0.0107  3 218   -14   2 193.2   40   -14    26   0.0 0.009993     71.30    21.70     4.75     0.88     0.33     0.26 -1
2000 307 11 2283 71 71  14  14   3.4   3.4 -39.2 303.3   1.4  -2.2  -2.1  -2.9  -0.8   0.0   0.6   0.4   0.2   0.4   30541.   4.4  365.  -3.4  -3.3 0.057    2375.   0.2    1.   0.1   0.2 0.002  1.20   0.29   2.52  11.3  6.3 0.0094  3 218   -16   2 193.2   70   -31    39   0.2 0.009993     69.30    21.00     4.51     0.89     0.34     0.26 -1
2000 307 12 2283 71 71  16  16   3.2   3.1 -55.8 323.2   1.4  -1.1  -2.6  -2.2  -1.8   0.1   0.5   0.2   0.4   0.2   29384.   5.1  360.  -3.0  -3.5 0.055    2137.   0.3    1.   0.2   0.2 0.002  1.35   0.65   3.27  12.7  6.5 0.0074 10 218   -16   4 193.2  117   -73    44   0.6 0.009993     64.30    19.70     4.29     0.89     0.35     0.27 -1
2000 307 13 2283 71 71  14  14   3.2   3.0 -78.5 319.8   0.5  -0.4  -2.9  -1.6  -2.4   0.1   1.1   1.0   0.4   0.3   27960.   5.3  361.  -2.4  -3.7 0.050    3862.   0.1    3.   0.2   0.3 0.002  1.38   0.87   3.37  13.0  6.6 0.0071 10 218   -18   4 193.2  192  -114    78   0.9 0.009993     61.00    18.80     4.10     0.83     0.34     0.25 -1
2000 307 14 2283 71 71  15  15   3.3   3.1 -12.8 341.3   2.8  -1.0  -0.7  -1.2  -0.2   0.1   1.0   0.4   0.6   0.7   49750.   4.5  355.  -2.2  -2.4 0.050    6155.   0.4    2.   0.2   0.3 0.002  1.14   0.07   3.06  11.4  6.0 0.0091 10 218   -16   4 193.2  234  -153    81   0.9 0.009993     61.40    18.60     3.98     0.79     0.32     0.24 -1
2000 307 15 2283 71 71  15  15   3.2   2.9 -17.9 345.0   2.7  -0.7  -0.9  -1.0  -0.6   0.1   1.1   0.3   0.9   0.6   46763.   5.0  354.  -2.1  -2.6 0.050    2859.   0.4    2.   0.3   0.3 0.002  1.26   0.21   3.56  12.4  6.1 0.0078  7 218   -11   3 193.2   77   -38    39   1.0 0.009993     58.50    18.10     3.96     0.87     0.37     0.27 -1
2000 307 16 2283 71 71  15  15   3.1   3.0 -14.4 314.6   2.0  -2.0  -0.7  -2.1   0.0   0.2   0.9   0.4   0.5   0.6   39445.   5.0  355.  -2.1  -2.6 0.052    3879.   0.2    1.   0.2   0.2 0.004  1.27  -0.00   3.63  12.8  6.3 0.0073  7 218    -8   3 193.2   56   -28    27   0.8 0.009993     57.00    17.80     3.88     0.85     0.37     0.28 -1
2000 307 17 2283 71 71  15  15   3.0   2.8   5.4   1.5   2.8   0.1   0.3   0.2   0.3   0.2   1.0   0.3   0.7   0.6   52813.   5.0  354.  -1.5  -2.4 0.051    3311.   0.2    1.   0.2   0.1 0.004  1.26  -0.11   4.19  13.2  6.1 0.0068  7 218    -8   3 193.2   52   -34    18   0.7 0.009993     52.90    16.50     3.78     0.72     0.22     0.15 -1
2000 307 18 2283 71 71  15  15   3.2   2.7 -29.6 354.9   2.4  -0.2  -1.3  -0.5  -1.2   0.1   1.5   0.8   1.2   0.4   46917.   5.3  354.  -1.5  -2.6 0.048    7360.   0.2    1.   0.4   0.2 0.003  1.32   0.42   3.77  12.7  6.2 0.0073  7 218    -6   3 193.2   51   -38    13   0.5 0.009993     88.20    49.10    37.00    33.30     0.84     0.49 -1
2000 307 19 2283 71 71  15  15   3.2   1.7 -47.1 313.2   0.8  -0.8  -1.2  -1.0  -1.0   0.1   2.5   1.4   2.0   0.8   37940.   5.3  356.  -1.8  -1.8 0.048    5757.   0.6    3.   0.9   0.5 0.003  1.34   0.36   3.58  12.8  6.3 0.0073  7 218    -3   3 193.2   66   -49    17   0.6 0.009993 999999.99 99999.99 99999.99 99999.99 99999.99 99999.99  0
2000 307 20 2283 71 71  15  15   3.2   2.5   5.3   2.9   2.5   0.1   0.2   0.1   0.2   0.2   1.9   1.1   1.4   0.7   47505.   4.9  356.  -1.0  -1.1 0.043    5869.   0.4    1.   0.8   0.2 0.003  1.22  -0.07   3.50  12.3  6.1 0.0078  7 218    -3   3 193.2   33   -22    10   0.1 0.009993 999999.99 99999.99 99999.99 99999.99 99999.99 99999.99  0
2000 307 21 2283 71 71  15  15   3.3   2.6  15.2 319.6   1.9  -1.6   0.7  -1.5   0.9   0.3   2.0   1.1   1.0   1.4   43958.   5.0  357.  -1.1  -1.0 0.044    8287.   0.2    2.   0.2   0.2 0.004  1.25  -0.32   3.29  12.1  6.2 0.0081  7 218     3   3 193.2   34   -19    15   0.1 0.009993 999999.99 99999.99 99999.99 99999.99 99999.99 99999.99  0
2000 307 22 2283 71 71  15  15   3.8   3.5  50.5 321.7   1.8  -1.4   2.7  -1.0   2.9   0.2   1.3   0.5   1.0   0.7   32004.   5.1  357.  -0.7  -1.2 0.046    2310.   0.3    1.   0.5   0.3 0.004  1.29  -1.04   2.36  10.6  6.1 0.0106  7 218     2   3 193.2   41   -15    26  -0.1 0.009993     43.70    13.70     3.02     0.69     0.32     0.24 -1
2000 307 23 2283 71 71  15  15   3.7   3.0  12.4 357.8   2.9  -0.1   0.6   0.0   0.6   0.1   1.9   0.6   1.3   1.2   52747.   5.8  354.  -0.7  -2.2 0.046    9480.   0.2    2.   0.5   0.4 0.002  1.44  -0.21   3.19  11.5  5.9 0.0090  7 218     0   3 193.2   33   -14    19   0.1 0.009993     44.40    14.20     3.13     0.73     0.33     0.25 -1
2000 308  0 2283 71 71  15  15   3.7   3.3  15.2 346.1   3.1  -0.8   0.9  -0.7   1.0   0.1   1.4   0.5   1.1   0.6   53212.   5.5  353.  -0.8  -1.8 0.050    5215.   0.3    2.   0.6   0.4 0.005  1.37  -0.35   3.03  11.2  5.9 0.0095  0 209    -1   0 195.5   35   -14    20  -0.1 0.009959     45.20    16.20     3.26     0.74     0.34     0.26 -1
2000 308  1 2283 71 71  15  15   3.9   3.8  33.2 313.6   2.2  -2.3   2.1  -1.9   2.5   0.1   1.0   0.5   0.3   0.8   40990.   5.1  356.  -0.8  -1.2 0.054    5170.   0.3    1.   0.3   0.5 0.005  1.31  -0.89   2.36  10.3  5.9 0.0112  0 209    -1   0 195.5   27   -10    17  -0.2 0.009959     55.60    20.50     3.64     0.76     0.34     0.25 -1
2000 308  2 2283 71 71  15  15   4.0   3.8  25.7 338.8   3.2  -1.2   1.7  -0.8   1.9   0.1   1.1   0.6   0.7   0.6   52002.   5.5  350.  -0.3  -1.4 0.056    7075.   0.2    2.   0.3   0.4 0.004  1.38  -0.67   2.58  10.3  5.7 0.0113  0 209    -2   0 195.5   25    -9    16  -0.2 0.009959     74.40    26.70     4.26     0.81     0.35     0.27 -1
2000 308  3 2283 71 71  15  15   4.2   4.0  10.6 306.8   2.4  -3.1   0.7  -2.8   1.5   0.1   1.3   0.7   0.8   0.7   46759.   5.4  352.  -1.4  -1.4 0.054    5942.   0.2    2.   0.5   0.3 0.005  1.36  -0.53   2.23   9.7  5.7 0.0125  0 209    -2   0 195.5   20    -7    13  -0.1 0.009959     89.00    30.70     4.51     0.77     0.31     0.21 -1
2000 308  4 2283 71 71  15  15   4.8   4.6  21.8 284.6   1.1  -4.2   1.7  -3.5   2.9   0.2   1.0   0.6   0.2   0.8   41060.   5.1  356.  -2.2  -0.6 0.051    2207.   0.4    2.   0.3   0.5 0.005  1.30  -1.03   1.56   8.4  5.5 0.0170  0 209     1   0 195.5   21    -3    17  -0.2 0.009959     74.40    25.70     4.16     0.76     0.32     0.25 -1
2000 308  5 2283 71 71  15  15   4.8   4.7  39.6 294.1   1.5  -3.3   3.0  -2.0   4.0   0.1   0.6   0.5   0.3   0.3   41710.   4.9  350.  -1.8  -0.1 0.056    2497.   0.2    3.   0.2   0.3 0.005  1.23  -1.40   1.50   8.1  5.3 0.0183  0 209     4   0 195.5   18    -2    17  -0.3 0.009959     86.40    30.20     4.66     0.86     0.35     0.27 -1
2000 308  6 2283 71 71  15  15   4.5   4.1  39.5 301.2   1.6  -2.7   2.6  -1.4   3.5   0.1   1.6   1.4   0.4   0.8   40897.   5.0  348.  -1.1  -0.8 0.063    3412.   0.3    5.   0.4   0.6 0.007  1.27  -1.22   1.74   8.6  5.5 0.0159  3 209     5   2 195.5   16    -1    15  -0.2 0.009959    144.00    48.20     5.80     0.88     0.35     0.28 -1
2000 308  7 2283 71 71  15  15   4.3   4.3  24.1 319.8   3.0  -2.5   1.8  -1.5   2.7   0.1   0.4   0.2   0.2   0.3 9999999. 999.9  341.  -0.5  -2.0 0.060 9999999. 999.9    1.   0.1   0.2 0.006 99.99  -0.92 999.99 999.9 99.9 9.9999  3 209     7   2 195.5   23    -2    21  -0.2 0.009959    164.00    50.80     5.80     0.92     0.35     0.25 -1
2000 308  8 2283 71 71  14  14   4.4   3.7   7.8 313.1   2.5  -2.7   0.5  -2.2   1.7   0.2   2.3   1.3   1.1   1.6 9999999. 999.9  339.  -0.5  -2.6 0.053 9999999. 999.9    1.   0.3   0.3 0.006 99.99  -0.58 999.99 999.9 99.9 9.9999  3 209     9   2 195.5   35    -6    28  -0.2 0.009959    145.00    44.30     5.07     0.85     0.36     0.28 -1
2000 308  9 2283 71 71  15  15   4.5   4.1  18.1 309.8   2.5  -3.0   1.3  -2.0   2.6   0.0   1.7   0.8   1.0   1.1 9999999. 999.9  337.  -1.0  -2.6 0.053 9999999. 999.9    2.   0.4   0.2 0.009 99.99  -0.88 999.99 999.9 99.9 9.9999  3 209     9   2 195.5   32   -12    20  -0.2 0.009959    144.00    43.30     4.88     0.79     0.32     0.25 -1
2000 308 10 2283 71 71  15  15   4.4   4.2  39.1 277.8   0.4  -3.2   2.6  -1.5   3.8   0.1   1.1   1.0   0.4   0.3 9999999. 999.9  339.  -1.3  -2.6 0.049 9999999. 999.9    2.   0.4   0.3 0.005 99.99  -1.29 999.99 999.9 99.9 9.9999  3 209     7   2 195.5   31   -14    16  -0.3 0.009959    140.00    40.10     4.51     0.81     0.35     0.28 -1
2000 308 11 2283 71 71  15  15   4.3   3.3  35.6 346.8   2.6  -0.6   1.9   0.4   2.0   0.1   2.6   1.2   2.2   0.7 9999999. 999.9  336.  -0.5  -3.0 0.047 9999999. 999.9    2.   0.4   0.2 0.006 99.99  -0.67 999.99 999.9 99.9 9.9999  3 209     6   2 195.5   40   -20    20  -0.2 0.009959    164.00    44.30     4.64     0.81     0.36     0.28 -1
2000 308 12 2283 71 71  16  16   4.2   2.0 -35.9   9.5   1.6   0.3  -1.2  -0.3  -1.2   0.3   3.6   2.2   1.0   2.7   33235.   6.0  339.  -0.8  -4.0 0.045    2662.   0.4    6.   0.8   1.1 0.007  1.36   0.41   2.29   9.9  5.7 0.0122 10 209     4   4 195.5   66   -32    34   0.6 0.009959    124.00    33.70     4.03     0.76     0.34     0.26 -1
2000 308 13 2283 71 71  14  14   4.2   3.9 -71.3 123.7  -0.7   1.0  -3.6  -0.6  -3.7   0.2   1.5   0.7   1.3   0.5   30639.   6.4  341.  -1.1  -5.7 0.039    2047.   0.2    3.   0.7   0.2 0.005  1.44   1.26   2.40  10.3  5.9 0.0113 10 209    -2   4 195.5  217  -158    59   1.4 0.009959    148.00    39.40     5.05     0.92     0.42     0.27 -1
2000 308 14 2283 71 71  16  16   4.0   3.2 -65.2   4.3   1.3   0.1  -2.9  -1.1  -2.7   0.2   2.3   0.7   1.9   0.9   39885.   6.3  335.  -1.4  -5.1 0.044    4444.   0.3    3.   1.0   0.5 0.004  1.39   0.90   2.76  10.5  5.7 0.0108 10 209    -4   4 195.5  270  -242    28   1.5 0.009959 999999.99 99999.99 99999.99 99999.99 99999.99 99999.99  0
2000 308 15 2283 71 71  14  14   3.5   2.3 -16.3 251.7  -0.7  -2.1  -0.6  -2.2   0.2   0.6   2.5   2.0   0.9   1.1   45137.   6.3  340.  -2.7  -4.0 0.041    6591.   0.5    6.   0.3   0.7 0.003  1.42  -0.07   3.71  12.2  5.9 0.0080 10 209    -6   4 195.5  192  -150    42   0.9 0.009959 999999.99 99999.99 99999.99 99999.99 99999.99 99999.99  0
2000 308 16 2283 71 71  15  15   3.8   2.9  30.1 293.0   1.0  -2.3   1.5  -1.7   2.1   0.5   2.4   1.3   1.4   1.5 9999999. 999.9  332.  -2.4  -3.0 0.040 9999999. 999.9    3.   0.5   0.6 0.004 99.99  -0.70 999.99 999.9 99.9 9.9999 10 209    -4   4 195.5   68   -40    28   0.3 0.009959 999999.99 99999.99 99999.99 99999.99 99999.99 99999.99  0
2000 308 17 2283 71 71  15  15   3.5   2.4  -5.3 316.6   1.8  -1.7  -0.2  -1.7   0.3   0.2   2.4   1.3   1.6   1.2 9999999. 999.9  330.  -2.2  -3.0 0.041 9999999. 999.9    4.   0.7   0.8 0.005 99.99  -0.10 999.99 999.9 99.9 9.9999 10 209    -2   4 195.5   32   -15    17   0.3 0.009959 999999.99 99999.99 99999.99 99999.99 99999.99 99999.99  0
2000 308 18 2283 71 71  15  15   4.5   4.2  30.6 287.0   1.1  -3.5   2.2  -2.9   2.9   0.3   1.6   0.6   0.5   1.3   38654.   7.4  335.  -2.6  -1.7 0.039    2623.   0.4    2.   0.3   0.7 0.005  1.60  -0.97   2.54  10.1  5.7 0.0116 20 209     3   7 195.5   33   -13    20  -0.2 0.009959 999999.99 99999.99 99999.99 99999.99 99999.99 99999.99  0
2000 308 19 2283 71 71  13  13   4.9   4.2 -51.2  33.6   2.2   1.4  -3.2   0.8  -3.4   0.3   2.4   0.5   1.8   1.5   38861.  10.0  338.  -2.3  -2.7 0.036    2851.   0.9    2.   0.4   0.3 0.004  2.18   1.15   2.90  10.9  5.8 0.0100 20 209    10   7 195.5   47   -21    26   0.7 0.009959    269.00    78.00     8.75     0.89     0.33     0.28 -1
2000 308 20 2283 71 71  15  15   5.2   5.2 -22.0  63.9   2.1   4.3  -1.9   4.0  -2.5   0.1   0.4   0.2   0.2   0.3   33354.  10.9  332.  -0.9  -3.2 0.037    2254.   0.3    1.   0.3   0.2 0.004  2.30   0.83   2.71  10.5  5.8 0.0107 20 209     7   7 195.5  135   -75    61   1.2 0.009959    283.00    77.40     7.90     1.06     0.38     0.34 -1
2000 308 21 2283 71 71  15  15   5.0   4.3 -15.0  70.6   1.4   3.9  -1.1   3.7  -1.6   0.4   2.4   1.4   1.5   1.3   35336.  11.4  333.  -0.8  -2.9 0.038   11225.   0.8    2.   0.5   0.7 0.003  2.43   0.53   3.11  11.2  5.9 0.0094 20 209     5   7 195.5  325  -233    91   1.9 0.009959    336.00    87.80    12.10     4.88     3.67     1.46 -1
2000 308 22 2283 71 71  16  16   5.4   4.9   4.6 304.8   2.8  -4.0   0.4  -3.9   0.9   0.6   1.8   0.4   1.2   1.3   50741.  10.2  340.  -4.4  -1.2 0.037    4696.   0.8    4.   0.9   0.8 0.006  2.26  -0.31   2.61  10.1  5.6 0.0118 20 209     1   7 195.5  207  -147    60   1.2 0.009959    383.00    87.20     7.38     1.00     0.40     0.30 -1
2000 308 23 2283 71 71  15  15   6.6   6.2   9.9 299.6   3.0  -5.3   1.1  -5.1   1.8   0.6   2.2   0.6   1.9   1.0   44837.  11.6  347.  -4.5   0.2 0.036    7933.   0.9    3.   0.5   0.4 0.005  2.67  -0.62   1.92   9.0  5.5 0.0148 20 209     4   7 195.5   78   -32    46   0.5 0.009959    344.00    76.60     6.59     1.15     0.56     0.37 -1
