2000 283  0 2282 71 71  15  15   4.0   3.0 -17.7 115.4  -1.2   2.5  -0.9   2.2  -1.5   0.2   2.7   0.7   0.7   2.5 9999999. 999.9  331.  -3.5  -0.8 0.026 9999999. 999.9    3.   0.5   0.9 0.003 99.99   0.50 999.99 999.9 99.9 9.9999  7 101   -17   3 140.4   96   -52    44   1.1 0.009480      0.44     0.43     0.42     0.40     0.35     0.27 -1
2000 283  1 2282 71 71  15  15   4.0   3.9  42.1 111.7  -1.1   2.7   2.6   3.3   1.8   0.3   0.8   0.5   0.3   0.6 9999999. 999.9  332.  -3.8  -1.9 0.037 9999999. 999.9    2.   0.4   0.3 0.004 99.99  -0.60 999.99 999.9 99.9 9.9999  7 101   -17   3 140.4   62   -15    47   0.0 0.009480      0.43     0.42     0.41     0.39     0.33     0.26 -1
2000 283  2 2282 71 71  14  14   4.7   4.6  34.5 148.3  -3.2   2.0   2.6   2.7   1.9   0.1   1.1   0.8   0.3   0.7 9999999. 999.9  328.  -3.8  -2.6 0.036 9999999. 999.9    2.   0.3   0.3 0.003 99.99  -0.62 999.99 999.9 99.9 9.9999  7 101   -15   3 140.4   46    -3    43  -0.4 0.009480      0.45     0.43     0.42     0.40     0.35     0.26 -1
2000 283  3 2282 71 71  15  15   4.8   4.6  50.4 152.4  -2.6   1.4   3.6   2.5   2.9   0.1   1.3   0.7   0.7   0.9 9999999. 999.9  324.  -3.1  -3.2 0.038 9999999. 999.9    3.   0.3   0.4 0.004 99.99  -0.94 999.99 999.9 99.9 9.9999  3 101   -12   2 140.4   39    -2    37  -0.3 0.009480      0.47     0.46     0.44     0.43     0.37     0.27 -1
2000 283  4 2282 71 71  15  15   4.6   4.3  17.1 137.0  -3.0   2.8   1.3   3.1   0.1   0.1   1.6   0.4   0.6   1.5 9999999. 999.9  321.  -3.7  -2.7 0.036 9999999. 999.9    2.   0.4   0.4 0.004 99.99  -0.03 999.99 999.9 99.9 9.9999  3 101   -14   2 140.4   31     0    31   0.0 0.009480      0.44     0.43     0.41     0.40     0.35     0.28 -1
2000 283  5 2282 71 71  15  15   5.0   4.4  39.4 137.2  -2.5   2.3   2.8   3.3   1.6   0.3   2.3   0.3   1.2   1.9 9999999. 999.9  324.  -3.0  -2.0 0.036 9999999. 999.9    2.   0.7   0.9 0.006 99.99  -0.52 999.99 999.9 99.9 9.9999  3 101   -16   2 140.4   20     3    24   0.0 0.009480      0.40     0.39     0.37     0.36     0.31     0.22 -1
2000 283  6 2282 71 71  15  15   5.0   4.9  40.6 151.3  -3.2   1.8   3.2   3.1   2.0   0.1   1.2   0.5   0.8   0.8 9999999. 999.9  325.  -2.1  -1.6 0.049 9999999. 999.9    2.   0.6   0.5 0.002 99.99  -0.65 999.99 999.9 99.9 9.9999  3 101   -16   2 140.4   15     5    20  -0.1 0.009480      0.43     0.42     0.40     0.39     0.34     0.26 -1
2000 283  7 2282 71 71  15  15   5.2   5.0  25.6 149.9  -3.9   2.3   2.2   3.1   0.8   0.1   1.1   0.4   0.7   0.8 9999999. 999.9  322.  -2.9  -1.8 0.050 9999999. 999.9    2.   0.4   0.6 0.004 99.99  -0.26 999.99 999.9 99.9 9.9999  3 101   -15   2 140.4   35    -6    29  -0.0 0.009480      0.43     0.41     0.40     0.38     0.34     0.25 -1
2000 283  8 2282 71 71  15  15   5.5   5.3  30.6 158.7  -4.3   1.7   2.7   2.9   1.4   0.2   1.1   0.2   1.1   0.3 9999999. 999.9  321.  -2.4  -2.4 0.050 9999999. 999.9    2.   0.9   0.4 0.005 99.99  -0.45 999.99 999.9 99.9 9.9999  3 101   -15   2 140.4   50   -22    28  -0.1 0.009480      0.45     0.43     0.42     0.40     0.35     0.26 -1
2000 283  9 2282 71 71  15  15   6.1   5.9  27.1 175.2  -5.2   0.4   2.7   1.8   2.1   0.3   1.3   0.5   1.0   0.7 9999999. 999.9  323.  -2.0  -2.2 0.057 9999999. 999.9    2.   0.4   0.3 0.010 99.99  -0.68 999.99 999.9 99.9 9.9999  3 101   -14   2 140.4   41   -20    21  -0.1 0.009480      0.42     0.41     0.39     0.38     0.33     0.26 -1
2000 283 10 2282 71 71  15  15   6.2   5.9   7.4 147.4  -5.0   3.2   0.8   3.1  -1.1   0.2   1.7   0.7   1.2   0.9 9999999. 999.9  321.  -2.7  -2.2 0.049 9999999. 999.9    2.   0.6   0.4 0.008 99.99   0.35 999.99 999.9 99.9 9.9999  3 101   -12   2 140.4   44   -22    23   0.2 0.009480      0.45     0.43     0.42     0.41     0.36     0.29 -1
2000 283 11 2282 71 71  15  15   5.7   5.0  45.1 146.9  -3.0   1.9   3.5   3.5   1.9   0.3   2.7   1.2   1.9   1.4 9999999. 999.9  319.  -2.3  -3.3 0.052 9999999. 999.9    2.   0.5   0.5 0.010 99.99  -0.61 999.99 999.9 99.9 9.9999  3 101   -11   2 140.4   49   -22    28   0.5 0.009480      0.38     0.37     0.35     0.34     0.30     0.23 -1
2000 283 12 2282 71 71  15  15   5.1   4.7  24.6 170.9  -4.2   0.7   2.0   1.6   1.3   0.4   1.6   0.2   1.0   1.3 9999999. 999.9  313.  -1.7  -2.3 0.039 9999999. 999.9    3.   0.5   0.8 0.006 99.99  -0.41 999.99 999.9 99.9 9.9999 10 101   -10   4 140.4   53   -27    25   0.2 0.009480      0.43     0.42     0.41     0.39     0.34     0.26 -1
2000 283 13 2282 71 71  15  15   4.6   4.2  -4.2 206.1  -3.7  -1.8  -0.3  -1.7   0.6   0.1   1.3   0.6   0.9   0.8 9999999. 999.9  315.  -0.2  -0.5 0.041 9999999. 999.9    2.   0.4   0.5 0.005 99.99  -0.19 999.99 999.9 99.9 9.9999 10 101    -9   4 140.4   70   -25    45   0.6 0.009480     24.50    24.50    24.50    24.50    24.40     5.23 -1
2000 283 14 2282 71 71  14  14   4.2   3.9   3.9 202.0  -3.6  -1.5   0.3  -1.2   1.0   0.3   1.2   0.5   0.8   0.8 9999999. 999.9  315.  -0.9  -0.8 0.054 9999999. 999.9    2.   0.7   0.7 0.011 99.99  -0.32 999.99 999.9 99.9 9.9999 10 101    -7   4 140.4   72   -29    43   0.6 0.009480      0.38     0.37     0.36     0.35     0.32     0.27 -1
2000 283 15 2282 71 71  15  15   4.2   3.7 -27.3 199.3  -3.1  -1.1  -1.7  -1.7  -1.1   0.4   1.9   0.6   1.4   1.2 9999999. 999.9  315.  -1.8   0.0 0.072 9999999. 999.9    2.   0.8   0.6 0.007 99.99   0.35 999.99 999.9 99.9 9.9999 10 101    -5   4 140.4  132  -106    26   1.2 0.009480      0.46     0.44     0.42     0.41     0.35     0.30 -1
2000 283 16 2282 71 71  15  15   4.7   3.7 -44.3 160.3  -2.5   0.9  -2.6  -0.2  -2.7   0.3   2.6   0.9   2.0   1.5 9999999. 999.9  317.  -2.8  -0.5 0.073 9999999. 999.9    2.   0.7   0.4 0.004 99.99   0.86 999.99 999.9 99.9 9.9999 10 101    -6   4 140.4  210  -162    48   1.8 0.009480      0.52     0.51     0.49     0.49     0.42     0.38 -1
2000 283 17 2282 71 71  15  15   5.2   4.6 -58.4 139.2  -1.8   1.6  -3.9   0.2  -4.2   0.3   2.2   0.8   1.8   0.8 9999999. 999.9  316.  -2.6  -0.6 0.060 9999999. 999.9    3.   0.7   0.5 0.007 99.99   1.33 999.99 999.9 99.9 9.9999 10 101    -9   4 140.4  321  -243    78   1.7 0.009480 999999.99 99999.99 99999.99 99999.99 99999.99 99999.99  0
2000 283 18 2282 71 71  14  14   5.1   4.8 -45.4 166.7  -3.3   0.8  -3.4  -0.3  -3.5   0.2   1.7   1.0   1.3   0.4 9999999. 999.9  310.  -3.0  -0.2 0.043 9999999. 999.9    4.   0.4   0.3 0.009 99.99   1.08 999.99 999.9 99.9 9.9999 17 101   -14   6 140.4  363  -258   104   1.5 0.009480 999999.99 99999.99 99999.99 99999.99 99999.99 99999.99  0
2000 283 19 2282 71 71  16  16   5.0   4.2 -20.3 232.1  -2.4  -3.1  -1.4  -3.4  -0.5   0.3   2.6   1.3   2.0   1.2 9999999. 999.9  308.  -2.3  -0.6 0.035 9999999. 999.9    3.   0.4   0.6 0.003 99.99   0.15 999.99 999.9 99.9 9.9999 17 101   -16   6 140.4  318  -209   109   1.1 0.009480 999999.99 99999.99 99999.99 99999.99 99999.99 99999.99  0
2000 283 20 2282 71 71  16  16   4.9   4.5  -9.1 110.2  -1.5   4.2  -0.7   3.9  -1.7   0.6   1.9   0.7   1.2   1.2 9999999. 999.9  325.  -5.1  -1.4 0.038 9999999. 999.9    5.   0.5   0.6 0.006 99.99   0.55 999.99 999.9 99.9 9.9999 17 101   -13   6 140.4  111   -51    59   0.9 0.009480 999999.99 99999.99 99999.99 99999.99 99999.99 99999.99  0
2000 283 21 2282 71 71  14  14   5.3   4.3  -7.2 128.0  -2.6   3.4  -0.5   3.2  -1.2   0.5   2.9   1.6   2.1   1.2 9999999. 999.9  319.  -5.1  -1.9 0.042 9999999. 999.9    7.   1.0   0.4 0.004 99.99   0.38 999.99 999.9 99.9 9.9999 20 101   -11   7 140.4   63    -6    58   0.7 0.009480      3.06     3.04     3.02     3.01     2.96     0.97 -1
2000 283 22 2282 71 71  16  16   6.4   6.2  14.2 121.6  -3.2   5.1   1.5   5.3   0.4   0.6   1.4   0.6   0.9   0.9 9999999. 999.9  324.  -4.6  -2.9 0.046 9999999. 999.9    5.   1.0   0.3 0.005 99.99  -0.13 999.99 999.9 99.9 9.9999 20 101   -12   7 140.4  110   -54    56   0.5 0.009480      0.58     0.53     0.52     0.51     0.45     0.35 -1
2000 283 23 2282 71 71  15  15   6.8   6.5  -1.2  99.9  -1.1   6.4  -0.1   6.2  -1.5   0.6   1.7   1.2   0.6   1.1 9999999. 999.9  328.  -4.7  -2.5 0.046 9999999. 999.9    2.   1.1   0.6 0.004 99.99   0.49 999.99 999.9 99.9 9.9999 20 101   -12   7 140.4  193  -134    59   1.1 0.009480      0.55     0.54     0.53     0.51     0.44     0.30 -1
2000 284  0 2282 71 71  15  15   6.5   6.1   0.1  96.9  -0.7   6.1   0.0   5.9  -1.4   0.4   1.7   0.4   0.5   1.6 9999999. 999.9  327.  -5.9  -2.5 0.044 9999999. 999.9    2.   0.3   0.8 0.003 99.99   0.46 999.99 999.9 99.9 9.9999 20  81   -13   7 139.1  243  -173    70   1.8 0.008814      0.43     0.42     0.40     0.38     0.34     0.26 -1
2000 284  1 2282 71 71  15  15   6.7   6.6 -11.7 104.7  -1.6   6.2  -1.3   5.7  -2.8   0.1   0.9   0.4   0.2   0.7 9999999. 999.9  323.  -6.3  -1.7 0.041 9999999. 999.9    2.   0.2   0.4 0.002 99.99   0.90 999.99 999.9 99.9 9.9999 20  81   -13   7 139.1  180   -95    85   1.6 0.008814      3.09     3.06     3.05     3.04     2.99     1.28 -1
2000 284  2 2282 71 71  14  14   6.7   6.6 -11.7  96.1  -0.7   6.4  -1.3   5.7  -3.1   0.1   1.2   0.5   0.3   1.0 9999999. 999.9  324.  -5.8  -1.9 0.041 9999999. 999.9    2.   0.2   0.4 0.003 99.99   1.00 999.99 999.9 99.9 9.9999 20  81   -16   7 139.1  216  -116   100   1.4 0.008814      0.42     0.40     0.38     0.36     0.31     0.22 -1
2000 284  3 2282 71 71  15  15   7.1   6.7   6.7 103.4  -1.5   6.5   0.8   6.4  -1.4   0.2   2.1   1.2   0.6   1.6 9999999. 999.9  322.  -4.3  -3.5 0.053 9999999. 999.9    2.   1.2   1.1 0.006 99.99   0.45 999.99 999.9 99.9 9.9999 23  81   -18   9 139.1  232  -137    95   1.4 0.008814      0.51     0.49     0.47     0.45     0.39     0.28 -1
2000 284  4 2282 71 71  15  15   7.6   6.2  -2.5 113.4  -2.5   5.7  -0.3   5.2  -2.4   0.3   4.0   2.2   0.6   3.4 9999999. 999.9  323.  -2.7  -3.9 0.065 9999999. 999.9    4.   0.4   1.1 0.006 99.99   0.78 999.99 999.9 99.9 9.9999 23  81   -20   9 139.1  227  -128    99   1.3 0.008814      0.54     0.51     0.49     0.46     0.40     0.31 -1
2000 284  5 2282 71 71  15  15   8.1   7.6  -4.9 120.0  -3.8   6.6  -0.6   5.7  -3.3   0.4   2.4   0.8   1.2   1.9 9999999. 999.9  321.  -3.4  -3.3 0.062 9999999. 999.9    2.   0.9   1.2 0.008 99.99   1.06 999.99 999.9 99.9 9.9999 23  81   -23   9 139.1  255  -115   140   1.8 0.008814      0.58     0.55     0.52     0.50     0.44     0.37 -1
2000 284  6 2282 71 71  15  15   7.8   6.8 -73.1 220.7  -1.5  -1.3  -6.5  -4.2  -5.1   0.4   3.5   1.4   2.8   1.4 9999999. 999.9  319.  -1.4   1.8 0.072 9999999. 999.9    5.   1.0   1.0 0.006 99.99   1.63 999.99 999.9 99.9 9.9999 30  81   -24  15 139.1  355  -224   131   1.8 0.008814      0.47     0.43     0.39     0.37     0.32     0.26 -1
2000 284  7 2282 71 71  16  16   7.3   5.4 -79.7 297.6   0.4  -0.9  -5.3  -3.4  -4.1   0.3   4.6   0.9   4.1   1.9 9999999. 999.9  323.  -2.7  -0.5 0.072 9999999. 999.9    5.   1.2   1.4 0.010 99.99   1.32 999.99 999.9 99.9 9.9999 30  81   -26  15 139.1  376  -232   143   1.7 0.008814      0.64     0.59     0.54     0.51     0.47     0.36 -1
2000 284  8 2282 71 71  15  15   9.0   8.8 -70.8 353.3   2.9  -0.3  -8.3  -4.6  -6.9   0.3   1.6   0.5   1.6   0.3 9999999. 999.9  329.  -1.7   1.6 0.065 9999999. 999.9    3.   1.1   0.6 0.005 99.99   2.27 999.99 999.9 99.9 9.9999 30  81   -30  15 139.1  306  -159   147   1.7 0.008814      0.71     0.64     0.60     0.57     0.43     0.32 -1
2000 284  9 2282 71 71  14  14   9.3   9.1 -66.6  26.7   3.2   1.6  -8.4  -3.2  -7.9   0.2   1.5   0.5   1.3   0.5 9999999. 999.9  328.  -0.1   0.8 0.077 9999999. 999.9    4.   0.5   0.5 0.008 99.99   2.59 999.99 999.9 99.9 9.9999 23  81   -28   9 139.1  623  -368   255   3.1 0.008814      0.62     0.49     0.45     0.42     0.35     0.26 -1
2000 284 10 2282 71 71  15  15   8.2   7.5 -52.5  59.6   2.3   3.9  -5.9   0.1  -7.1   0.3   3.2   0.7   2.8   1.2 9999999. 999.9  327.   0.4   0.2 0.080 9999999. 999.9    4.   1.5   0.9 0.009 99.99   2.32 999.99 999.9 99.9 9.9999 23  81   -28   9 139.1  528  -260   268   3.5 0.008814      0.68     0.54     0.49     0.44     0.40     0.24 -1
2000 284 11 2282 71 71  16  16   6.9   6.5 -66.4   8.9   2.6   0.4  -6.0  -2.9  -5.3   1.4   2.4   0.8   1.7   1.5 9999999. 999.9  326.   1.7  -0.3 0.081 9999999. 999.9    4.   0.6   0.7 0.011 99.99   1.73 999.99 999.9 99.9 9.9999 23  81   -30   9 139.1  539  -328   211   3.1 0.008814      0.73     0.58     0.54     0.47     0.38     0.27 -1
2000 284 12 2282 71 71  15  15   4.6   3.3 -68.2  32.3   1.0   0.6  -3.0  -1.1  -2.9   0.7   3.0   1.4   2.2   1.6 9999999. 999.9  330.   1.8  -0.7 0.075 9999999. 999.9    3.   0.4   1.1 0.008 99.99   0.96 999.99 999.9 99.9 9.9999 17  81   -28   6 139.1  373  -219   154   2.3 0.008814      0.85     0.65     0.56     0.47     0.37     0.28 -1
2000 284 13 2282 71 71  15  15   5.7   4.7 -19.8  92.7  -0.2   4.4  -1.6   3.0  -3.6   0.4   2.9   0.8   2.3   1.5 9999999. 999.9  333.   0.3  -0.9 0.078 9999999. 999.9    3.   0.7   1.0 0.005 99.99   1.20 999.99 999.9 99.9 9.9999 17  81   -25   6 139.1  237  -131   106   1.8 0.008814      0.84     0.68     0.59     0.51     0.40     0.30 -1
2000 284 14 2282 71 71  15  15   5.3   4.8 -88.2 198.0  -0.1   0.0  -4.8  -2.2  -4.2   0.7   2.2   1.2   1.6   0.7 9999999. 999.9  339.   1.5   0.0 0.070 9999999. 999.9    2.   0.5   0.4 0.010 99.99   1.42 999.99 999.9 99.9 9.9999 17  81   -24   6 139.1  335  -226   109   1.9 0.008814      0.95     0.71     0.60     0.50     0.37     0.27 -1
2000 284 15 2282 71 71  15  15   5.4   5.0 -86.0 320.5   0.3  -0.2  -5.0  -2.3  -4.4   0.2   1.9   0.6   1.8   0.4 9999999. 999.9  340.   2.4   0.9 0.062 9999999. 999.9    2.   0.2   1.0 0.005 99.99   1.50 999.99 999.9 99.9 9.9999 20  81   -28   7 139.1  332  -211   121   2.4 0.008814      1.01     0.73     0.58     0.46     0.35     0.26 -1
2000 284 16 2282 71 71  15  15   5.4   4.9 -70.9  69.5   0.6   1.5  -4.6  -0.4  -4.8   0.6   1.9   0.5   1.0   1.6 9999999. 999.9  340.   2.6   0.5 0.055 9999999. 999.9    3.   0.5   1.4 0.004 99.99   1.63 999.99 999.9 99.9 9.9999 20  81   -28   7 139.1  451  -286   165   2.4 0.008814      1.12     0.84     0.68     0.55     0.40     0.30 -1
2000 284 17 2282 71 71  15  15   5.6   5.3  56.6 147.1  -2.4   1.6   4.4   3.0   3.6   1.3   2.0   0.9   0.9   1.6 9999999. 999.9  344.   2.2  -1.6 0.061 9999999. 999.9    3.   0.4   1.1 0.009 99.99  -1.24 999.99 999.9 99.9 9.9999 20  81   -27   7 139.1  338  -202   136   1.0 0.008814 999999.99 99999.99 99999.99 99999.99 99999.99 99999.99  0
2000 284 18 2282 71 71  15  15   6.7   6.6  37.7 128.9  -3.3   4.1   4.0   5.1   2.6   0.5   1.0   0.8   0.5   0.3 9999999. 999.9  342.   1.4  -1.1 0.067 9999999. 999.9    2.   0.3   0.5 0.006 99.99  -0.89 999.99 999.9 99.9 9.9999 10  81   -18   4 139.1   72   -22    50  -0.2 0.008814 999999.99 99999.99 99999.99 99999.99 99999.99 99999.99  0
2000 284 19 2282 71 71  15  15   6.4   6.0  17.9 123.9  -3.2   4.7   1.8   5.0   0.5   0.5   2.2   1.0   0.4   1.8 9999999. 999.9  343.   1.1  -0.1 0.067 9999999. 999.9    3.   0.5   0.6 0.006 99.99  -0.17 999.99 999.9 99.9 9.9999 10  81   -13   4 139.1   62    -6    56   0.1 0.008814      1.41     1.02     0.83     0.68     0.52     0.36 -1
2000 284 20 2282 71 71  16  16   6.3   5.4  -1.9  86.8   0.3   5.4  -0.2   5.2  -1.5   0.7   2.9   2.4   0.9   1.4 9999999. 999.9  346.   0.3   0.5 0.072 9999999. 999.9    6.   0.8   0.8 0.007 99.99   0.52 999.99 999.9 99.9 9.9999 10  81   -12   4 139.1   43    -3    40   0.6 0.008814      1.25     0.95     0.70     0.51     0.34     0.26 -1
2000 284 21 2282 71 71  14  14   7.0   6.6  15.6  80.8   1.0   6.3   1.8   6.5   0.4   0.2   2.1   1.3   0.5   1.6 9999999. 999.9  343.  -0.9  -0.3 0.063 9999999. 999.9    6.   0.5   1.0 0.008 99.99  -0.14 999.99 999.9 99.9 9.9999 20  81   -14   7 139.1  107   -53    54   0.6 0.008814      3.09     2.75     2.46     2.26     2.07     1.01 -1
2000 284 22 2282 71 71  15  15   7.9   7.8  23.9 106.6  -2.0   6.8   3.2   7.3   1.7   0.3   1.0   0.7   0.5   0.6 9999999. 999.9  331.  -1.8  -1.0 0.042 9999999. 999.9    3.   0.6   0.2 0.007 99.99  -0.56 999.99 999.9 99.9 9.9999 20  81   -14   7 139.1  131   -87    44   0.4 0.008814      1.50     1.16     0.87     0.65     0.45     0.35 -1
2000 284 23 2282 71 71  14  14   7.2   6.2  31.1 101.7  -1.1   5.2   3.2   5.8   2.0   0.4   3.2   2.8   1.2   0.9 9999999. 999.9  331.  -3.3  -1.0 0.043 9999999. 999.9    6.   0.8   0.5 0.009 99.99  -0.66 999.99 999.9 99.9 9.9999 20  81   -10   7 139.1   55   -19    37   0.2 0.008814      1.84     1.26     0.79     0.51     0.33     0.24 -1
2000 285  0 2282 71 71  15  15   7.3   6.5 -49.0 111.9  -1.6   3.9  -4.9   2.7  -5.7   0.1   3.2   0.7   2.4   2.0 9999999. 999.9  326.  -2.6   2.5 0.055 9999999. 999.9    2.   0.6   1.0 0.008 99.99   1.86 999.99 999.9 99.9 9.9999 40 117    -8  27 150.8  127   -66    60   0.7 0.008509      1.67     1.22     0.82     0.57     0.39     0.29 -1
2000 285  1 2282 71 71  15  15   8.0   7.7 -69.3 234.4  -1.6  -2.2  -7.2  -4.0  -6.4   0.3   2.0   0.6   1.9   0.6 9999999. 999.9  322.  -1.2   1.7 0.042 9999999. 999.9    2.   0.8   0.6 0.008 99.99   2.06 999.99 999.9 99.9 9.9999 40 117   -13  27 150.8  499  -411    88   2.2 0.008509      2.03     1.39     0.88     0.59     0.39     0.30 -1
2000 285  2 2282 71 71  15  15   7.1   5.6 -68.9 211.5  -1.7  -1.0  -5.2  -2.5  -4.7   0.7   3.9   0.9   3.5   1.5 9999999. 999.9  324.  -1.0   2.1 0.044 9999999. 999.9    4.   1.2   1.0 0.007 99.99   1.52 999.99 999.9 99.9 9.9999 40 117   -18  27 150.8  382  -264   118   2.7 0.008509      4.13     3.47     2.98     2.67     2.44     1.19 -1
2000 285  3 2282 71 71  16  16   9.0   8.7 -70.1 142.2  -2.3   1.8  -8.2  -1.0  -8.3   0.4   2.0   0.8   1.7   0.5 9999999. 999.9  326.  -1.6   2.3 0.053 9999999. 999.9    2.   0.6   0.5 0.007 99.99   2.71 999.99 999.9 99.9 9.9999 47 117   -25  39 150.8  269  -156   113   1.2 0.008509      2.18     1.43     0.86     0.53     0.33     0.26 -1
2000 285  4 2282 71 71  15  15   8.9   8.7 -55.8 120.4  -2.5   4.2  -7.2   1.2  -8.3   0.3   1.3   0.5   1.2   0.4 9999999. 999.9  329.  -1.9   2.2 0.060 9999999. 999.9    2.   0.4   0.2 0.005 99.99   2.73 999.99 999.9 99.9 9.9999 47 117   -31  39 150.8  649  -479   170   4.2 0.008509      2.73     1.69     0.96     0.59     0.38     0.28 -1
2000 285  5 2282 71 71  15  15   9.5   9.2 -27.2 111.6  -3.0   7.6  -4.2   5.1  -7.0   0.2   2.2   0.5   1.0   1.8 9999999. 999.9  330.  -3.3   2.6 0.056 9999999. 999.9    2.   0.5   0.4 0.005 99.99   2.31 999.99 999.9 99.9 9.9999 47 117   -42  39 150.8  640  -324   316   3.7 0.008509      2.42     1.57     0.95     0.62     0.41     0.32 -1
2000 285  6 2282 71 71  15  15   9.1   8.8   7.4 120.2  -4.4   7.6   1.1   7.2  -2.6   0.4   2.2   1.3   0.5   1.7 9999999. 999.9  329.  -4.8   2.5 0.064 9999999. 999.9    3.   0.5   0.3 0.008 99.99   0.86 999.99 999.9 99.9 9.9999 23 117   -46   9 150.8  488  -286   202   3.1 0.008509      2.34     1.49     0.89     0.57     0.38     0.29 -1
2000 285  7 2282 71 71  14  14   8.8   8.7   2.1 104.4  -2.1   8.4   0.3   7.4  -3.9   0.2   1.4   0.8   0.5   1.1 9999999. 999.9  331.  -5.0   3.0 0.063 9999999. 999.9    3.   0.6   0.5 0.006 99.99   1.29 999.99 999.9 99.9 9.9999 23 117   -45   9 150.8  388  -200   188   3.2 0.008509      2.31     1.50     0.91     0.60     0.40     0.29 -1
2000 285  8 2282 71 71  15  15   8.6   8.4  11.0 110.5  -2.9   7.7   1.6   7.4  -2.7   0.2   1.4   0.9   0.5   1.0 9999999. 999.9  326.  -5.6   2.5 0.060 9999999. 999.9    4.   0.3   0.7 0.002 99.99   0.88 999.99 999.9 99.9 9.9999 23 117   -45   9 150.8  283  -136   147   2.3 0.008509      2.53     1.54     0.89     0.56     0.36     0.27 -1
2000 285  9 2282 71 71  16  16   8.1   7.7  18.8 105.1  -1.9   7.1   2.5   7.3  -1.7   0.2   2.0   0.9   0.6   1.7 9999999. 999.9  328.  -5.7   2.2 0.059 9999999. 999.9    3.   0.3   0.9 0.006 99.99   0.56 999.99 999.9 99.9 9.9999 17 117   -41   6 150.8  192   -89   102   1.7 0.008509      2.81     1.65     0.94     0.60     0.37     0.27 -1
2000 285 10 2282 71 71  14  14   8.7   8.2 -67.5 294.3   1.3  -2.9  -7.6  -6.6  -4.8   0.5   2.4   0.4   2.1   1.0 9999999. 999.9  325.  -1.8   1.0 0.046 9999999. 999.9    2.   1.8   0.7 0.006 99.99   1.56 999.99 999.9 99.9 9.9999 17 117   -34   6 150.8  231  -110   121   1.8 0.008509      4.13     2.22     1.13     0.64     0.38     0.30 -1
2000 285 11 2282 71 71  16  16   8.7   7.7 -59.0 291.6   1.5  -3.7  -6.6  -6.7  -3.6   0.5   3.9   1.6   3.6   0.5 9999999. 999.9  328.   0.4   1.7 0.056 9999999. 999.9    5.   0.8   0.3 0.013 99.99   1.18 999.99 999.9 99.9 9.9999 17 117   -33   6 150.8  237  -119   117   1.2 0.008509      6.11     2.85     1.29     0.69     0.41     0.30 -1
2000 285 12 2282 71 71  17  17   7.0   6.7 -52.1 125.5  -2.4   3.3  -5.3   0.1  -6.2   0.8   2.0   0.8   0.9   1.6 9999999. 999.9  352.   0.6  -3.0 0.100 9999999. 999.9   10.   1.0   2.6 0.016 99.99   2.18 999.99 999.9 99.9 9.9999 27 117   -28  12 150.8  467  -398    69   2.7 0.008509      4.30     2.24     1.13     0.63     0.38     0.30 -1
2000 285 13 2282 71 71  15  15   6.9   6.6   8.0 128.9  -4.1   5.0   0.9   4.8  -1.7   0.3   1.9   0.7   0.6   1.7 9999999. 999.9  372.   2.8  -1.1 0.097 9999999. 999.9    3.   0.3   0.9 0.007 99.99   0.63 999.99 999.9 99.9 9.9999 27 117   -29  12 150.8  363  -265    98   2.4 0.008509      5.05     2.53     1.22     0.67     0.40     0.31 -1
2000 285 14 2282 71 71  16  16   6.8   6.6  12.2 137.6  -4.7   4.3   1.4   4.5  -0.8   0.2   1.6   0.8   0.9   1.0  155709.   4.2  376.   3.7  -1.4 0.069    4203.   0.1    6.   0.7   0.9 0.009  1.27   0.30   1.07   5.7  4.1 0.0371 27 117   -27  12 150.8  177  -120    57   0.9 0.008509      5.27     2.68     1.28     0.68     0.41     0.31 -1
2000 285 15 2282 71 71  15  15   6.6   6.5   3.5 130.2  -4.2   4.9   0.4   4.6  -1.7   0.2   1.3   0.6   0.8   0.8  156857.   3.6  388.   5.0  -1.2 0.069   14795.   0.2    2.   0.7   0.5 0.010  1.15   0.66   0.98   5.6  4.1 0.0382 13 117   -27   5 150.8   97   -62    35   0.8 0.008509      5.26     2.62     1.21     0.64     0.38     0.29 -1
2000 285 16 2282 71 71  15  15   6.7   6.4   7.6 147.1  -5.3   3.4   0.8   3.4  -0.6   0.3   1.8   0.4   1.1   1.4  177188.   3.6  391.   6.1  -1.1 0.083   16265.   0.3    3.   0.4   1.0 0.012  1.22   0.23   1.02   5.5  4.0 0.0388 13 117   -28   5 150.8   89   -58    31   0.4 0.008509      5.36     2.64     1.18     0.60     0.35     0.27 -1
2000 285 17 2282 71 71  15  15   6.4   6.0 -25.9 130.8  -3.5   4.1  -2.6   3.0  -3.8   0.1   1.8   0.8   0.9   1.3  140749.   4.0  399.   5.9   0.6 0.090   10385.   0.4    6.   0.7   0.7 0.009  1.45   1.52   1.09   6.2  4.5 0.0306 13 117   -28   5 150.8  118   -82    36   0.9 0.008509      5.53     2.65     1.22     0.64     0.39     0.30 -1
2000 285 18 2282 71 71  15  15   6.4   6.2 -14.6 148.7  -5.1   3.1  -1.6   2.5  -2.4   0.1   1.3   0.5   0.9   0.7  159430.   3.7  390.   6.4  -0.3 0.069   11792.   0.1    2.   1.0   0.7 0.011  1.20   0.94   1.08   5.9  4.2 0.0346 33 117   -28  18 150.8  261  -176    86   1.4 0.008509      5.53     2.61     1.21     0.64     0.40     0.31 -1
2000 285 19 2282 71 71  14  14   6.6   6.5  -9.5 136.3  -4.6   4.4  -1.1   4.0  -2.2   0.1   0.9   0.4   0.5   0.6  133490.   3.6  389.   4.8   0.1 0.075    6351.   0.3    4.   0.7   0.3 0.009  1.18   0.86   0.90   5.6  4.2 0.0380 33 117   -20  18 150.8  359  -271    88   2.8 0.008509      5.65     2.64     1.22     0.64     0.39     0.29 -1
2000 285 20 2282 71 71  15  15   6.6   6.5 -17.1 138.7  -4.7   4.1  -1.9   3.6  -2.8   0.2   0.6   0.3   0.4   0.3  122168.   3.5  388.   5.2   1.0 0.054   13247.   0.4    5.   0.6   0.4 0.008  1.07   1.09   0.84   5.5  4.2 0.0393 33 117   -20  18 150.8  174  -100    75   2.0 0.008509      5.89     2.63     1.16     0.61     0.35     0.27 -1
2000 285 21 2282 71 71  15  15   6.7   6.7 -11.5 137.6  -4.8   4.4  -1.3   4.0  -2.2   0.1   0.8   0.2   0.2   0.7  138432.   2.9  380.   4.5   0.6 0.042    8298.   0.2    3.   0.5   0.2 0.008  0.82   0.84   0.72   4.8  3.8 0.0510 10 117   -22   4 150.8  146   -75    71   1.7 0.008509      5.81     2.60     1.11     0.54     0.32     0.25 -1
2000 285 22 2282 71 71  15  15   7.1   7.1 -10.3 139.5  -5.3   4.5  -1.3   4.1  -2.2   0.1   0.4   0.1   0.1   0.4 9999999. 999.9  372.   3.7   0.9 0.048 9999999. 999.9    4.   0.4   0.3 0.007 99.99   0.82 999.99 999.9 99.9 9.9999 10 117   -22   4 150.8  120   -73    48   1.2 0.008509      6.17     2.66     1.17     0.60     0.36     0.27 -1
2000 285 23 2282 71 71  15  15   6.7   6.7  -0.5 136.9  -4.9   4.5  -0.1   4.4  -1.0   0.2   0.7   0.3   0.1   0.6 9999999. 999.9  370.   3.8   1.2 0.049 9999999. 999.9    2.   0.3   0.3 0.006 99.99   0.37 999.99 999.9 99.9 9.9999 10 117   -23   4 150.8  130   -95    35   0.8 0.008509      6.62     2.75     1.23     0.66     0.42     0.32 -1
2000 286  0 2282 71 71  15  15   6.1   6.0   0.1 149.2  -5.2   3.1   0.0   3.0  -0.7   0.2   1.1   0.3   0.8   0.7 9999999. 999.9  374.   4.1   1.3 0.047 9999999. 999.9    3.   0.8   0.5 0.008 99.99   0.26 999.99 999.9 99.9 9.9999 23 174   -20   9 161.9  253  -198    54   1.4 0.008636      6.11     2.60     1.10     0.57     0.35     0.26 -1
2000 286  1 2282 71 71  15  15   6.6   6.6   3.4 143.9  -5.3   3.9   0.4   3.9  -0.6   0.1   0.6   0.2   0.4   0.4 9999999. 999.9  373.   3.2   1.6 0.048 9999999. 999.9    3.   0.7   0.3 0.008 99.99   0.22 999.99 999.9 99.9 9.9999 23 174   -20   9 161.9   75   -29    46   0.7 0.008636      6.45     2.69     1.17     0.62     0.37     0.29 -1
2000 286  2 2282 71 71  14  14   6.3   6.3   4.6 144.7  -5.1   3.6   0.5   3.6  -0.6   0.2   0.5   0.4   0.2   0.2 9999999. 999.9  370.   2.9   2.4 0.055 9999999. 999.9    3.   0.6   0.4 0.008 99.99   0.22 999.99 999.9 99.9 9.9999 23 174   -22   9 161.9   50    -9    41   0.2 0.008636      6.92     2.64     1.11     0.59     0.37     0.28 -1
2000 286  3 2282 71 71  16  16   6.1   6.0   8.0 143.9  -4.8   3.5   0.8   3.6  -0.4   0.2   0.9   0.2   0.5   0.7 9999999. 999.9  372.   2.7   2.5 0.038 9999999. 999.9    5.   0.5   0.5 0.004 99.99   0.15 999.99 999.9 99.9 9.9999 10 174   -21   4 161.9   37    -4    34   0.0 0.008636      6.48     2.60     1.14     0.60     0.37     0.28 -1
2000 286  4 2282 71 71  14  14   5.8   5.8   4.3 137.7  -4.2   3.9   0.4   3.8  -1.1   0.2   0.8   0.3   0.5   0.6 9999999. 999.9  371.   2.7   3.0 0.046 9999999. 999.9    3.   0.3   0.6 0.007 99.99   0.41 999.99 999.9 99.9 9.9999 10 174   -21   4 161.9   43   -11    32   0.2 0.008636      6.39     2.59     1.14     0.61     0.38     0.29 -1
2000 286  5 2282 71 71  15  15   5.4   5.3  14.7 153.7  -4.6   2.3   1.3   2.6   0.2   0.2   1.2   0.4   0.4   1.1 9999999. 999.9  362.   2.5   2.5 0.051 9999999. 999.9    2.   0.5   0.9 0.007 99.99  -0.07 999.99 999.9 99.9 9.9999 10 174   -22   4 161.9  126   -86    40   0.2 0.008636      5.89     2.55     1.13     0.62     0.39     0.29 -1
2000 286  6 2282 71 71  15  15   6.0   5.9  -6.2 155.3  -5.3   2.5  -0.6   1.9  -1.7   0.2   0.6   0.2   0.3   0.4 9999999. 999.9  364.   3.6   4.5 0.049 9999999. 999.9    2.   0.5   0.4 0.007 99.99   0.62 999.99 999.9 99.9 9.9999 10 174   -21   4 161.9  110   -69    41   0.3 0.008636      6.39     2.64     1.14     0.61     0.39     0.30 -1
2000 286  7 2282 71 71  14  14   6.0   6.0  -2.3 147.5  -5.0   3.2  -0.2   2.7  -1.8   0.0   0.5   0.2   0.2   0.4 9999999. 999.9  364.   3.1   4.9 0.058 9999999. 999.9    3.   0.3   0.4 0.015 99.99   0.66 999.99 999.9 99.9 9.9999 10 174   -23   4 161.9  108   -64    43   0.5 0.008636      6.26     2.57     1.10     0.58     0.37     0.29 -1
2000 286  8 2282 71 71  15  15   5.9   5.7   7.9 142.6  -4.5   3.4   0.8   3.3  -1.1   0.1   1.2   0.3   0.4   1.0 9999999. 999.9  362.   2.8   3.9 0.037 9999999. 999.9    3.   0.4   0.8 0.003 99.99   0.40 999.99 999.9 99.9 9.9999 10 174   -22   4 161.9  174  -140    34   0.7 0.008636      4.87     2.29     1.06     0.60     0.38     0.29 -1
2000 286  9 2282 71 71  14  14   5.5   5.1 -17.0 140.1  -3.7   3.1  -1.5   1.8  -2.9   0.3   2.1   0.5   1.2   1.7 9999999. 999.9  349.   1.8   5.5 0.043 9999999. 999.9   10.   1.4   0.9 0.013 99.99   1.01 999.99 999.9 99.9 9.9999 13 174   -20   5 161.9  174  -119    55   1.1 0.008636      4.97     2.31     1.06     0.59     0.39     0.31 -1
2000 286 10 2282 71 71  15  15   5.3   4.9  -7.3 148.4  -4.2   2.6  -0.6   1.9  -1.9   0.1   1.5   0.5   0.7   1.2 9999999. 999.9  333.  -0.8   3.8 0.034 9999999. 999.9    4.   0.8   1.3 0.007 99.99   0.63 999.99 999.9 99.9 9.9999 13 174   -21   5 161.9  242  -176    65   1.2 0.008636      5.50     2.81     1.58     1.12     0.90     0.71 -1
2000 286 11 2282 71 71  11  11   5.3   5.1   9.8 174.6  -5.0   0.5   0.9   0.9   0.5   0.1   1.5   0.2   1.4   0.4 9999999. 999.9  323.   1.7   2.2 0.049 9999999. 999.9    4.   1.9   1.1 0.009 99.99  -0.16 999.99 999.9 99.9 9.9999 13 174   -20   5 161.9  192  -138    53   0.8 0.008636      6.47     2.68     1.11     0.59     0.38     0.29 -1
2000 286 12 2282 71 71  16  16   5.5   5.1   5.4 127.0  -3.1   4.0   0.5   3.7  -1.7   0.0   1.4   1.0   0.7   0.7 9999999. 999.9  335.  -2.5   3.8 0.047 9999999. 999.9    6.   0.6   0.8 0.007 99.99   0.57 999.99 999.9 99.9 9.9999 17 174   -15   6 161.9   91   -51    40   0.9 0.008636      7.94     2.99     1.14     0.57     0.35     0.26 -1
2000 286 13 2282 71 71  15  15   5.5   4.8  -6.1 100.6  -0.9   4.7  -0.5   3.8  -2.8   0.0   2.2   1.0   0.4   2.0 9999999. 999.9  346.  -2.4   5.6 0.064 9999999. 999.9    6.   0.8   2.0 0.008 99.99   0.97 999.99 999.9 99.9 9.9999 17 174   -14   6 161.9  168  -131    37   1.4 0.008636      8.22     3.03     1.15     0.56     0.35     0.28 -1
2000 286 14 2282 71 71  15  15   5.6   4.9   2.1 117.2  -2.2   4.3   0.2   3.9  -1.8   0.1   2.4   1.0   0.9   1.9 9999999. 999.9  338.  -2.4   4.9 0.043 9999999. 999.9    7.   1.0   2.1 0.006 99.99   0.61 999.99 999.9 99.9 9.9999 17 174   -16   6 161.9  271  -226    45   1.3 0.008636      8.63     3.13     1.19     0.61     0.38     0.29 -1
2000 286 15 2282 71 71  15  15   5.6   4.9 -30.2 147.2  -3.6   2.3  -2.5   1.0  -3.2   0.0   2.5   0.6   1.8   1.7 9999999. 999.9  328.  -0.7   7.1 0.045 9999999. 999.9    4.   1.8   1.6 0.008 99.99   1.05 999.99 999.9 99.9 9.9999 10 174   -17   4 161.9  226  -185    42   1.3 0.008636      8.49     3.08     1.17     0.61     0.38     0.29 -1
2000 286 16 2282 71 71  13  13   5.8   4.9  11.4 150.5  -4.2   2.4   1.0   2.6   0.0   0.1   2.9   0.9   0.8   2.6 9999999. 999.9  323.  -1.3   3.1 0.046 9999999. 999.9    4.   1.3   3.1 0.013 99.99  -0.00 999.99 999.9 99.9 9.9999 10 174   -20   4 161.9  207  -160    47   1.5 0.008636      8.46     3.00     1.13     0.56     0.36     0.28 -1
2000 286 17 2282 71 71  11  11   5.7   5.3  19.4 132.3  -3.4   3.7   1.8   4.1   0.5   0.1   1.5   0.4   0.4   1.4 9999999. 999.9  327.  -2.7   0.8 0.048 9999999. 999.9    4.   0.4   1.4 0.007 99.99  -0.16 999.99 999.9 99.9 9.9999 10 174   -17   4 161.9   75   -48    27   0.4 0.008636      8.73     2.99     1.14     0.60     0.39     0.31 -1
2000 286 18 2282 71 71  16  16   5.6   4.9  18.6 110.7  -1.6   4.3   1.6   4.6   0.3   0.2   2.5   1.1   0.5   2.1 9999999. 999.9  333.  -1.8   2.0 0.046 9999999. 999.9    5.   0.6   1.0 0.008 99.99  -0.10 999.99 999.9 99.9 9.9999 10 174   -12   4 161.9   92   -62    30   0.8 0.008636     10.30     3.18     1.17     0.61     0.40     0.30 -1
2000 286 19 2282 71 71  15  15   6.0   5.8  30.6  95.3  -0.5   5.0   2.9   5.6   1.5   0.2   1.4   1.1   0.3   0.8 9999999. 999.9  336.  -2.3   2.2 0.031 9999999. 999.9    6.   0.7   0.8 0.006 99.99  -0.50 999.99 999.9 99.9 9.9999 10 174   -10   4 161.9   46   -13    33   0.2 0.008636     16.00     4.15     1.26     0.61     0.40     0.31 -1
2000 286 20 2282 71 71  15  15   6.0   5.3  37.6  75.5   1.1   4.1   3.2   4.7   2.2   0.2   2.5   1.6   1.5   1.2 9999999. 999.9  342.  -2.6   2.7 0.033 9999999. 999.9    9.   0.8   0.7 0.006 99.99  -0.75 999.99 999.9 99.9 9.9999 10 174    -7   4 161.9   45   -15    30   0.0 0.008636     22.30     4.88     1.32     0.61     0.39     0.31 -1
2000 286 21 2282 71 71  15  15   6.1   5.7  26.7 106.1  -1.4   4.9   2.6   5.3   1.5   0.3   2.0   0.4   0.9   1.7 9999999. 999.9  330.  -3.8   3.4 0.035 9999999. 999.9    4.   0.8   1.9 0.005 99.99  -0.49 999.99 999.9 99.9 9.9999 30 174    -6  15 161.9   33   -12    22   0.2 0.008636     24.60     5.21     1.32     0.58     0.36     0.28 -1
2000 286 22 2282 71 71  20  20  10.4  10.1  40.3  96.6  -0.9   7.6   6.5   8.8   4.8   5.0   5.4   1.0   3.2   4.2   94936.  13.5  368.  -5.3   2.2 0.036    9934.   1.4   57.   1.6   1.6 0.004  3.49  -1.77   1.16   6.5  4.6 0.0281 30 174     5  15 161.9   58   -13    45   0.1 0.008636     51.30     9.05     1.67     0.59     0.34     0.25 -1
2000 286 23 2282 71 71  15  15  18.4  16.8  28.5 103.5  -3.5  14.3   8.0  15.6   4.9   0.5   6.8   3.1   2.8   5.4  119863.  10.2  455.  -6.4   1.6 0.040   20974.   1.1    7.   1.2   2.4 0.009  4.09  -2.23   0.31   3.9  3.5 0.0763 30 174    16  15 161.9  102   -55    47   1.1 0.008636    123.00    15.70     2.15     0.65     0.35     0.27 -1
2000 287  0 2282 71 71  15  15  20.5  19.5 -35.2 107.3  -4.7  15.2 -11.2  12.3 -14.3   0.7   5.7   0.9   3.7   4.3  110365.  10.5  454.  -5.3   6.6 0.052   13026.   2.6    5.   1.8   1.5 0.015  4.37   6.49   0.25   3.6  3.3 0.0924 60 173     2  80 167.2  437  -334   103   3.0 0.008536     58.90     9.20     1.68     0.65     0.37     0.28 -1
2000 287  1 2282 71 71  15  15  17.0  14.9 -18.3 100.4  -2.5  13.9  -4.7  12.3  -8.0   2.4   8.1   2.1   3.4   7.0  114211.  17.0  453.  -6.6   4.8 0.041   15074.   6.7    3.   2.5   1.5 0.009  6.78   3.62   0.59   5.5  4.5 0.0394 60 173   -30  80 167.2 1133  -883   250   9.2 0.008536     27.10     6.16     1.40     0.56     0.34     0.26 -1
2000 287  2 2282 71 71  15  15  15.5  11.0  27.7  71.2   3.2   9.2   5.1  10.3   2.3   1.0  10.4   4.0   5.0   8.2   95102.  21.1  459.  -7.3   3.8 0.050    8498.   1.2    5.   1.0   0.9 0.013  8.91  -1.06   0.82   6.8  5.2 0.0257 60 173   -44  80 167.2  848  -611   237   4.5 0.008536    131.00    22.40     2.91     0.74     0.38     0.29 -1
2000 287  3 2282 71 71  15  15  15.4  14.0 -65.9 103.2  -1.3   5.6 -12.8   1.1 -13.9   1.3   5.6   0.9   5.1   2.2  122213.  19.5  462.  -5.8   4.2 0.075   30580.   1.4    4.   1.9   1.0 0.017  9.04   6.42   0.86   6.6  5.0 0.0271 67 173   -39 111 167.2  667  -494   174   5.6 0.008536    151.00    22.20     2.69     0.66     0.34     0.26 -1
2000 287  4 2282 71 71  15  15  11.8   8.2 -44.2 116.3  -2.6   5.2  -5.7   2.7  -7.2   0.9   7.4   0.9   4.3   6.0  211679.  22.7  456.  -2.6   2.3 0.073   21876.   1.4    5.   0.7   0.5 0.013 10.18   3.28   2.31   9.2  5.3 0.0140 67 173   -64 111 167.2  967  -596   372   8.6 0.008536    172.00    26.00     2.95     0.68     0.34     0.28 -1
2000 287  5 2282 71 71  15  15  10.3   5.2  29.0 160.8  -4.3   1.5   2.5   2.4   1.6   1.1   8.3   4.1   5.8   4.3  260472.  22.2  458.  -2.6   0.1 0.045    8326.   1.5   11.   1.2   1.5 0.007  9.18  -0.73   3.38  10.5  5.3 0.0108 67 173   -71 111 167.2  669  -348   321   4.2 0.008536     99.30    13.70     1.88     0.63     0.38     0.30 -1
2000 287  6 2282 71 71  15  15  14.8  13.4  80.5  71.4   0.7   2.1  13.2   7.9  10.7   2.6   5.6   1.4   4.2   3.4  235304.  16.5  470.  -2.6  -4.3 0.048   37596.   2.6    4.   1.3   1.7 0.009  7.26  -5.03   1.14   6.4  4.6 0.0286 30 173   -59  15 167.2  181   -91    91   1.7 0.008536     75.70    10.20     1.56     0.58     0.37     0.29 -1
2000 287  7 2282 71 71  15  15  17.1  16.5  82.3 244.9  -0.9  -2.0  16.4   6.4  15.2   0.6   3.9   0.8   3.8   0.6  103670.  22.5  467.  -2.1  -3.5 0.041   10052.   2.1    3.   0.9   1.3 0.004  9.54  -7.10   0.74   6.5  5.1 0.0284 30 173   -51  15 167.2  102   -40    62   0.6 0.008536     52.80     6.81     1.18     0.50     0.33     0.25 -1
2000 287  8 2282 71 71  15  15  17.3  17.1  80.1 109.1  -1.0   2.8  16.9  11.2  13.0   0.5   2.1   1.3   1.6   0.4   92257.  20.9  467.  -4.0  -2.5 0.037    8081.   1.3    3.   0.4   0.7 0.006  8.74  -6.07   0.64   6.2  5.0 0.0312 30 173   -52  15 167.2   66   -25    41   0.9 0.008536     34.70     4.81     0.98     0.48     0.33     0.25 -1
2000 287  9 2282 71 71  15  15  18.0  17.3  80.3  65.9   1.2   2.7  17.0  11.4  12.9   0.7   4.6   2.2   3.6   1.9   68856.  25.2  459.  -2.7   0.2 0.030    9677.   1.7    7.   1.5   1.7 0.006  9.93  -5.92   0.64   6.4  5.1 0.0290 23 173   -42   9 167.2  101   -41    61   1.0 0.008536     31.70     4.25     0.90     0.47     0.34     0.25 -1
2000 287 10 2282 71 71  15  15  17.7  17.5  88.1 290.2   0.2  -0.5  17.5   9.0  15.0   1.2   2.5   1.6   1.4   1.3   57719.  27.3  450.  -0.9  -1.5 0.030    8734.   3.1    3.   0.4   1.7 0.003 10.34  -6.75   0.67   6.6  5.3 0.0270 23 173   -30   9 167.2   84   -30    54   0.5 0.008536     25.60     3.31     0.85     0.48     0.37     0.29 -1
2000 287 11 2282 71 71  14  14  14.4  14.2  65.9 283.4   1.3  -5.7  13.0   2.1  14.0   0.9   2.3   1.3   1.3   1.4   90527.  24.3  453.   1.5  -4.6 0.034    8191.   1.5    4.   0.7   0.3 0.008  9.46  -6.34   1.07   7.8  5.6 0.0198 23 173   -20   9 167.2   71   -25    46   0.5 0.008536     13.90     2.12     0.72     0.46     0.36     0.28 -1
2000 287 12 2282 71 71  15  15  11.9  11.7  57.4 278.5   0.9  -6.3   9.9  -0.3  11.7   1.6   2.1   0.8   1.6   1.2   95998.  25.7  446.   0.2  -4.8 0.032   11368.   3.7    3.   1.4   0.2 0.004  9.63  -5.22   1.69   9.5  6.1 0.0132 40 173   -11  27 167.2  121   -53    68   0.3 0.008536     15.70     2.25     0.71     0.45     0.34     0.26 -1
2000 287 13 2282 71 71  15  15  14.5  14.0  -1.1 270.0   0.0 -14.0  -0.3 -12.3   6.6   0.3   3.4   0.9   1.1   3.1   48097.  22.0  439.   0.0  -1.2 0.032    3054.   2.2    4.   1.1   1.2 0.006  7.99  -2.90   0.77   7.1  5.5 0.0236 40 173    -8  27 167.2   89   -30    59   0.6 0.008536      8.74     1.55     0.63     0.43     0.33     0.25 -1
2000 287 14 2282 71 71  15  15  13.2  12.7 -14.6 277.3   1.6 -12.2  -3.2 -12.3   2.8   1.1   3.2   1.7   1.4   2.4   40709.  20.3  439.   0.3   0.3 0.033    2332.   2.2    4.   0.7   0.9 0.005  7.40  -1.23   0.82   7.5  5.7 0.0212 40 173    -7  27 167.2  103   -47    56   2.0 0.008536      4.80     1.19     0.61     0.45     0.37     0.29 -1
2000 287 15 2282 71 71  15  15   9.6   9.2 -25.0 272.9   0.4  -8.3  -3.9  -9.2   0.0   1.4   2.8   1.5   1.4   1.8   43228.  23.2  436.  -0.9   3.0 0.037    3800.   3.0    2.   1.4   0.6 0.006  8.46  -0.00   1.80  10.9  6.8 0.0099 40 173   -13  27 167.2  130   -63    67   1.7 0.008536      5.35     1.26     0.61     0.44     0.36     0.28 -1
2000 287 16 2282 71 71  14  14  10.1   7.6  18.9 217.7  -5.7  -4.4   2.4  -3.2   3.9   1.0   6.6   3.1   4.6   3.5   60029.  21.4  422.   0.5   1.1 0.034   17659.   4.6   10.   1.4   0.7 0.005  7.23  -1.65   1.64   9.7  6.2 0.0127 40 173   -23  27 167.2  183   -93    91   0.7 0.008536      5.65     1.28     0.61     0.44     0.36     0.28 -1
2000 287 17 2282 71 71  16  16  11.8  10.7   7.2 117.7  -4.9   9.4   1.3   9.3  -1.9   0.8   5.0   2.5   3.7   2.3   36036.  11.1  419.  -0.2   1.5 0.043   22699.   5.6    7.   0.8   0.6 0.010  3.81   0.80   0.55   5.9  4.9 0.0340 40 173   -23  27 167.2  230   -98   133   1.2 0.008536      5.26     1.22     0.62     0.47     0.38     0.30 -1
2000 287 18 2282 71 71  14  14  12.3  12.2   9.3 118.3  -5.7  10.6   2.0  10.7  -1.2   0.3   1.4   0.6   0.6   1.1   14468.   5.7  419.  -0.3   1.6 0.070    1410.   1.1    2.   0.3   0.4 0.009  2.14   0.50   0.22   4.1  3.7 0.0719 30 173   -24  15 167.2  517  -327   190   1.7 0.008536      5.24     1.18     0.58     0.43     0.35     0.27 -1
2000 287 19 2282 71 71  16  16  12.6  12.5  11.9 125.5  -7.1   9.9   2.6  10.2   0.0   0.3   1.8   1.4   0.5   1.0   13204.   5.2  419.  -0.5   1.1 0.073    1450.   0.4    2.   0.5   0.2 0.009  1.97  -0.00   0.19   3.8  3.5 0.0827 30 173   -32  15 167.2  357  -258    99   1.2 0.008536      3.90     1.06     0.58     0.45     0.37     0.29 -1
2000 287 20 2282 71 71  14  14  12.1  12.0  12.2 110.2  -4.1  11.0   2.5  11.3  -0.1   0.2   1.2   0.9   0.4   0.6   12059.   5.2  416.  -0.6   1.1 0.075    1109.   0.5    5.   0.4   0.4 0.007  1.95   0.04   0.21   3.9  3.6 0.0774 30 173   -34  15 167.2  181  -107    75   1.1 0.008536      3.14     0.92     0.52     0.39     0.32     0.25 -1
2000 287 21 2282 71 71  15  15  12.3  12.3  -0.1 105.6  -3.3  11.8   0.0  11.5  -2.4   0.1   0.8   0.6   0.1   0.5   11166.   3.9  406.   0.2   0.6 0.072     623.   0.6    3.   0.2   0.2 0.009  1.38   0.97   0.15   3.3  3.1 0.1120 17 173   -40   6 167.2  248  -146   102   1.8 0.008536      2.85     0.92     0.56     0.45     0.37     0.29 -1
2000 287 22 2282 71 71  15  15  12.2  12.2  -4.9 105.6  -3.3  11.7  -1.0  11.3  -3.3   0.2   0.4   0.2   0.1   0.2   13117.   3.5  405.   0.8   0.2 0.071    1456.   0.4    2.   0.3   0.3 0.007  1.23   1.34   0.14   3.1  2.9 0.1233 17 173   -44   6 167.2  320  -178   142   2.7 0.008536      2.63     0.84     0.54     0.44     0.38     0.29 -1
2000 287 23 2282 71 71  15  15  12.3  12.3  -8.4 107.9  -3.7  11.6  -1.8  11.0  -4.1   0.1   0.6   0.4   0.1   0.4    8062.   3.1  401.  -0.2  -0.5 0.071     629.   0.3    3.   0.6   0.2 0.006  1.07   1.64   0.12   2.9  2.7 0.1444 17 173   -51   6 167.2  329  -167   163   2.2 0.008536      2.62     0.83     0.52     0.43     0.35     0.27 -1
2000 288  0 2282 71 71  15  15  11.9  11.9 -14.1 106.2  -3.2  11.1  -2.9  10.2  -5.3   0.2   0.6   0.5   0.1   0.3    6727.   2.5  403.  -0.2  -0.7 0.075     551.   0.1    2.   0.4   0.4 0.004  0.88   2.14   0.10   2.7  2.6 0.1659 37 148   -56  22 162.3  330  -230   100   1.8 0.008564      2.79     0.84     0.51     0.42     0.35     0.28 -1
2000 288  1 2282 71 71  15  15  11.8  11.7 -18.7 114.2  -4.6  10.1  -3.8   8.8  -6.2   0.1   1.6   1.3   0.8   0.5    6009.   3.0  401.   0.3  -1.3 0.065     507.   1.3    5.   0.9   0.7 0.012  1.02   2.49   0.12   2.9  2.8 0.1373 37 148   -57  22 162.3  429  -322   107   2.5 0.008564      3.08     0.88     0.53     0.43     0.37     0.28 -1
2000 288  2 2282 71 71  15  15  11.9  11.9 -28.2 122.2  -5.6   8.9  -5.6   6.9  -7.9   0.1   0.6   0.4   0.2   0.5    5729.   2.7  404.  -0.1  -1.0 0.061     788.   0.4    3.   0.9   0.5 0.004  0.92   3.19   0.11   2.8  2.7 0.1529 37 148   -52  22 162.3  547  -358   190   4.0 0.008564      2.52     0.81     0.50     0.41     0.34     0.25 -1
2000 288  3 2282 71 71  15  15  12.0  11.9 -31.2 116.5  -4.5   9.1  -6.2   6.6  -8.8   0.1   0.9   0.7   0.5   0.3    5431.   3.3  401.  -0.9  -1.3 0.054     632.   0.8    5.   0.7   0.3 0.005  1.08   3.53   0.13   3.0  2.9 0.1291 47 148   -57  39 162.3  526  -348   178   3.5 0.008564      2.28     0.90     0.61     0.52     0.44     0.35 -1
2000 288  4 2282 71 71  14  14  12.0  11.9 -35.5 108.1  -3.0   9.2  -6.9   6.0  -9.8   0.2   0.9   0.5   0.4   0.7    5747.   4.7  385.   0.7  -1.3 0.058     617.   0.3    3.   0.3   0.7 0.009  1.43   3.77   0.18   3.5  3.2 0.0983 47 148   -65  39 162.3  832  -556   276   4.7 0.008564      2.47     0.80     0.49     0.40     0.33     0.26 -1
2000 288  5 2282 71 71  15  15  12.1  12.1 -42.9 107.7  -2.7   8.5  -8.2   4.3 -11.0   0.1   0.5   0.5   0.2   0.2    4538.   4.2  376.  -0.6  -2.5 0.051     237.   0.3    4.   0.4   0.2 0.005  1.19   4.14   0.16   3.2  3.0 0.1173 47 148   -83  39 162.3  776  -553   222   4.0 0.008564      2.60     0.86     0.54     0.44     0.37     0.29 -1
2000 288  6 2282 71 71  15  15  11.5  11.4 -46.8 111.1  -2.8   7.3  -8.3   2.7 -10.7   0.4   1.2   0.6   1.0   0.4   15577.   4.5  376.  -1.5  -0.8 0.051    9878.   0.6    5.   1.6   1.7 0.010  1.28   4.02   0.20   3.5  3.2 0.0989 57 148   -96  67 162.3  663  -478   185   3.5 0.008564      2.82     0.86     0.53     0.44     0.38     0.30 -1
2000 288  7 2282 71 71  15  15  10.6  10.4 -43.3 141.5  -5.9   4.7  -7.1   0.6  -8.5   0.3   1.7   1.2   1.0   0.6   47835.   7.3  386.  -4.5   2.8 0.090    5025.   1.1    7.   1.1   0.9 0.018  2.47   3.28   0.48   4.9  4.1 0.0491 57 148   -87  67 162.3  790  -642   148   5.5 0.008564      2.82     0.86     0.53     0.43     0.36     0.27 -1
2000 288  8 2282 71 71  16  16  12.0  11.8 -47.1 153.8  -7.2   3.6  -8.7  -1.4  -9.3   0.3   1.5   0.6   1.1   0.9   24692.   5.4  398.  -5.3  -0.0 0.070   15000.   0.6    9.   0.8   1.7 0.010  1.83   3.70   0.24   3.9  3.5 0.0801 57 148   -96  67 162.3  641  -475   166   3.9 0.008564 999999.99 99999.99 99999.99 99999.99 99999.99 99999.99  0
2000 288  9 2282 71 71  15  15  12.5  12.2 -37.3 143.9  -7.8   5.7  -7.4   0.9  -9.3   0.3   2.4   1.2   1.3   1.6   27193.   4.7  404.  -3.8   1.9 0.070   13779.   1.5    7.   1.9   1.9 0.013  1.64   3.76   0.19   3.5  3.2 0.0969 50 148   -99  48 162.3  480  -394    86   2.7 0.008564      2.87     0.89     0.52     0.42     0.34     0.27 -1
2000 288 10 2282 71 71  14  14  11.8  11.3 -68.2 157.6  -3.9   1.6 -10.5  -4.3  -9.7   0.5   3.4   2.3   2.0   1.4   20703.   9.3  397.  -7.6  -3.8 0.068    4735.   2.8    6.   1.0   0.8 0.011  3.11   3.85   0.41   5.1  4.4 0.0452 50 148   -80  48 162.3  853  -624   229   6.2 0.008564      2.84     0.84     0.52     0.43     0.37     0.29 -1
2000 288 11 2282 71 71  17  17  12.5  12.2 -65.8 135.8  -3.6   3.5 -11.1  -2.9 -11.3   0.2   2.6   1.6   1.9   0.7   31727.   4.4  411.  -4.8  -2.8 0.069    4126.   0.5    7.   0.9   0.9 0.014  1.58   4.64   0.19   3.4  3.2 0.1000 50 148   -87  48 162.3  490  -350   140   3.3 0.008564      2.30     0.81     0.55     0.47     0.40     0.32 -1
2000 288 12 2282 71 71  15  15  12.9  12.9 -56.4 141.6  -5.6   4.4 -10.7  -1.8 -11.4   0.2   0.6   0.4   0.3   0.3   27572.   5.1  420.  -4.5  -1.7 0.080    7664.   1.0    2.   0.7   0.5 0.011  1.98   4.79   0.20   3.7  3.4 0.0880 50 148   -92  48 162.3  502  -349   154   3.5 0.008564      2.13     0.73     0.49     0.42     0.36     0.28 -1
2000 288 13 2282 71 71  14  14  13.1  12.8 -60.9 145.3  -5.1   3.5 -11.2  -2.4 -11.5   0.1   2.7   1.7   1.7   1.3   20495.   6.1  426.  -3.5  -1.1 0.065    7839.   0.6    7.   1.1   1.0 0.016  2.33   4.90   0.22   4.0  3.7 0.0738 50 148   -92  48 162.3  657  -547   109   4.5 0.008564      2.06     0.72     0.48     0.40     0.34     0.26 -1
2000 288 14 2282 71 71  14  14  13.1  12.3 -44.5 147.9  -7.4   4.7  -8.6   0.2  -9.8   0.5   4.1   1.9   1.7   3.3   42363.   5.3  413.  -5.4  -4.3 0.071   30070.   1.5    8.   0.5   3.3 0.019  1.94   4.05   0.22   3.6  3.3 0.0903 50 148  -106  48 162.3  840  -688   152   4.4 0.008564      1.92     0.70     0.49     0.41     0.36     0.28 -1
2000 288 15 2282 71 71  15  15  12.7  12.6 -70.8 259.9  -0.7  -4.1 -11.9  -8.7  -9.1   0.3   1.4   0.9   0.8   0.6   23868.   5.9  376.  -6.8   4.3 0.053    2838.   1.0    3.   0.7   0.7 0.012  1.69   3.42   0.23   3.6  3.3 0.0920 53 148  -100  56 162.3  895  -659   236   3.5 0.008564      3.22     0.86     0.50     0.40     0.33     0.26 -1
2000 288 16 2282 71 71  16  16  13.6  13.5 -78.1 253.3  -0.8  -2.7 -13.2  -7.5 -11.2   0.4   0.9   0.3   0.8   0.5   24816.   3.6  387.  -6.4   4.4 0.037    3100.   1.1    8.   1.2   0.7 0.007  1.03   4.33   0.12   2.7  2.6 0.1632 53 148  -105  56 162.3  835  -592   243   3.6 0.008564      4.98     1.09     0.55     0.42     0.35     0.28 -1
2000 288 17 2282 71 71  16  16  13.5  12.2 -67.0 164.9  -4.6   1.2 -11.3  -2.6 -11.1   0.2   5.4   3.8   3.0   2.3   53351.   3.2  402.  -4.9   0.4 0.040   17941.   0.6    8.   1.2   2.2 0.017  1.00   4.46   0.13   2.7  2.5 0.1677 53 148   -91  56 162.3  913  -659   254   5.1 0.008564      3.48     0.88     0.52     0.42     0.35     0.26 -1
2000 288 18 2282 71 71  15  15  11.6   7.3   1.4 310.0   4.7  -5.6   0.2  -5.3   1.8   0.7   8.7   3.9   3.7   6.9  103516.   7.8  433.  -2.3  -2.3 0.093   17226.   1.4    6.   1.7   1.3 0.036  3.35  -0.78   0.56   5.2  4.3 0.0438 43 148   -81  32 162.3  800  -501   298   4.2 0.008564      2.08     0.68     0.47     0.40     0.34     0.28 -1
2000 288 19 2282 71 71  15  15  11.3  10.8  25.2 308.9   6.1  -7.6   4.6  -6.2   6.4   1.1   2.6   1.2   1.9   1.3   97258.   8.3  437.  -1.1   0.6 0.077   12827.   2.0    7.   1.4   0.8 0.015  3.46  -2.80   0.61   5.6  4.5 0.0383 43 148   -73  32 162.3  185   -31   153   0.3 0.008564      2.00     0.72     0.51     0.44     0.37     0.28 -1
2000 288 20 2282 71 71  16  16  11.8  11.5  -1.3 318.1   8.5  -7.6  -0.3  -7.5   1.4   1.2   2.5   0.8   1.6   1.7  129210.   6.0  443.  -1.1  -0.5 0.080   34659.   1.5   10.   1.0   1.6 0.019  2.60  -0.62   0.46   4.6  3.9 0.0563 43 148   -67  32 162.3   91   -17    74   0.7 0.008564      2.12     0.70     0.48     0.41     0.34     0.26 -1
2000 288 21 2282 71 71  15  15   9.3   7.7 -35.1 345.7   6.1  -1.6  -4.4  -2.5  -4.0   0.5   4.7   1.7   3.3   2.8  215831.   8.0  464.   1.8  -0.4 0.065   10777.   1.0    8.   1.5   2.7 0.018  3.62   1.86   1.32   7.1  4.8 0.0239 50 148   -67  48 162.3  297  -138   159   2.5 0.008564      1.82     0.67     0.48     0.41     0.35     0.28 -1
2000 288 22 2282 71 71  15  15  10.3   9.1 -20.4 316.0   6.2  -5.9  -3.2  -6.4  -2.0   0.3   4.0   2.4   1.0   3.1  196103.   7.5  464.   0.4   1.8 0.064   17273.   1.0   10.   0.6   1.6 0.013  3.39   0.93   0.95   6.2  4.6 0.0313 50 148   -69  48 162.3  513  -363   150   3.1 0.008564      1.70     0.67     0.49     0.43     0.36     0.26 -1
2000 288 23 2282 71 71  15  15  11.8  11.5   2.6 319.6   8.8  -7.5   0.5  -7.2   2.0   0.6   2.3   0.6   1.2   1.9  118881.   6.0  459.   1.3   1.7 0.060   20046.   0.4    5.   0.5   1.1 0.012  2.62  -0.92   0.44   4.8  4.1 0.0524 50 148   -61  48 162.3  334  -208   126   2.2 0.008564      1.71     0.70     0.51     0.44     0.37     0.27 -1
2000 289  0 2282 71 71  15  15  12.0  11.8  21.6 315.8   7.8  -7.6   4.3  -6.5   5.9   0.1   2.3   0.6   0.6   2.1  109097.   6.2  467.   2.1   3.4 0.039    6355.   0.5    4.   0.8   1.0 0.004  2.61  -2.76   0.43   4.8  4.1 0.0507 20 118   -48   7 160.1   76    -8    68   0.1 0.008623      1.65     0.66     0.48     0.42     0.35     0.27 -1
2000 289  1 2282 71 71  16  16  11.6  10.2   3.0 311.0   6.7  -7.7   0.5  -7.3   2.4   0.4   4.8   0.8   1.0   4.6  194201.   5.2  495.   3.6   0.9 0.046   38809.   0.8   16.   1.0   1.7 0.014  2.52  -1.19   0.52   4.9  4.0 0.0502 20 118   -41   7 160.1   93   -10    83   0.3 0.008623      1.57     0.64     0.47     0.41     0.34     0.27 -1
2000 289  2 2282 71 71  15  15  10.6   9.8   9.4 306.5   5.8  -7.8   1.6  -7.0   3.7   0.4   3.2   1.1   0.8   2.9  251960.   5.2  517.   5.3   1.1 0.059   29798.   0.5    9.   0.9   2.3 0.026  2.87  -1.91   0.73   5.6  4.4 0.0385 20 118   -42   7 160.1   69    -8    61   0.1 0.008623      1.43     0.60     0.46     0.41     0.34     0.26 -1
2000 289  3 2282 71 71  16  16   9.8   8.0  -3.8 315.9   5.7  -5.5  -0.5  -5.4   1.3   0.3   4.9   1.8   2.1   4.0  291822.   5.2  512.   5.7  -0.1 0.062   32646.   0.7   11.   1.4   2.6 0.019  2.84  -0.67   0.95   6.0  4.4 0.0335 30 118   -44  15 160.1  125   -45    80   0.6 0.008623      1.53     0.63     0.49     0.43     0.38     0.30 -1
2000 289  4 2282 71 71  14  14   9.9   8.2  15.6 309.3   5.0  -6.1   2.2  -4.8   4.3   0.3   4.8   2.3   1.9   3.7  273175.   5.0  509.   4.6   0.8 0.059   22806.   0.5   18.   2.2   2.5 0.016  2.67  -2.19   0.85   5.7  4.4 0.0360 30 118   -45  15 160.1   57   -18    40  -0.0 0.008623      1.56     0.64     0.51     0.46     0.39     0.30 -1
2000 289  5 2282 71 71  15  15  10.2   8.7  28.7 298.8   3.7  -6.7   4.2  -4.3   6.6   0.2   4.6   2.2   1.7   3.7  244767.   5.1  518.   3.9   2.8 0.041   10657.   0.4   20.   2.2   2.5 0.010  2.66  -3.42   0.76   5.7  4.5 0.0362 30 118   -43  15 160.1  122   -63    59   0.1 0.008623      2.32     1.37     1.22     1.16     1.08     0.63 -1
2000 289  6 2282 71 71  15  15  10.4   9.3  13.8 283.0   2.0  -8.8   2.2  -6.8   6.0   0.3   3.5   2.6   1.3   2.1  241769.   5.0  527.   1.4   1.4 0.035   19052.   0.5   22.   1.5   2.0 0.008  2.64  -3.16   0.71   5.7  4.5 0.0371 17 118   -41   6 160.1   57   -14    43   0.1 0.008623      1.65     0.63     0.49     0.44     0.38     0.29 -1
2000 289  7 2282 71 71  16  16  10.4   9.5  20.9 307.2   5.4  -7.1   3.4  -4.5   6.5   0.4   3.7   2.7   2.0   1.4  199796.   4.9  496.   2.3   1.6 0.028   19296.   0.5   21.   1.9   1.5 0.005  2.24  -3.22   0.62   5.3  4.3 0.0427 17 118   -40   6 160.1   39    -4    35  -0.2 0.008623      1.63     0.63     0.49     0.44     0.37     0.29 -1
2000 289  8 2282 71 71  14  14  10.3   9.6  19.5 283.0   2.0  -8.8   3.2  -5.9   7.3   0.3   3.0   2.3   1.3   1.5  196461.   4.3  521.  -0.3   2.4 0.027   17385.   0.4   23.   1.4   1.6 0.007  2.16  -3.80   0.55   5.2  4.3 0.0432 17 118   -39   6 160.1   34   -10    24  -0.4 0.008623 999999.99 99999.99 99999.99 99999.99 99999.99 99999.99  0
2000 289  9 2282 71 71  16  16   8.7   7.9  23.9 319.7   5.5  -4.7   3.2  -2.3   5.2   0.4   3.2   1.4   2.2   1.9  157533.   4.1  494.   1.9   1.2 0.029   12274.   0.5   17.   3.1   1.5 0.004  1.86  -2.57   0.64   5.7  4.6 0.0360 17 118   -36   6 160.1   42   -20    22  -0.3 0.008623      2.21     0.58     0.43     0.38     0.33     0.26 -1
2000 289 10 2282 71 71  14  14   7.3   5.6  24.5 332.6   4.5  -2.3   2.3  -0.7   3.2   0.3   4.2   1.4   3.9   0.8  170884.   3.5  520.   1.0   0.9 0.031    6901.   0.2   15.   3.8   0.8 0.003  1.78  -1.66   0.82   6.7  5.1 0.0268 17 118   -34   6 160.1   51   -24    28  -0.2 0.008623      2.23     0.62     0.49     0.44     0.37     0.28 -1
2000 289 11 2282 71 71  15  15   7.1   6.1  14.5 357.3   5.9  -0.3   1.5   0.5   1.4   0.2   3.3   0.9   3.0   0.9  165156.   3.1  508.   2.3   0.0 0.028    5234.   0.2    8.   3.1   1.1 0.002  1.49  -0.71   0.75   6.3  4.9 0.0300 17 118   -34   6 160.1   55   -24    31  -0.2 0.008623      2.16     0.63     0.50     0.45     0.39     0.30 -1
2000 289 12 2282 71 71  15  15   7.4   5.8  -1.3 335.0   5.2  -2.5  -0.1  -2.2   1.2   0.1   4.3   1.5   3.9   0.6  180306.   3.2  515.   0.2  -0.9 0.030   10941.   0.2   12.   3.3   1.0 0.002  1.59  -0.62   0.75   6.2  4.8 0.0307 20 118   -34   7 160.1   77   -26    50  -0.0 0.008623      2.13     0.58     0.45     0.40     0.34     0.26 -1
2000 289 13 2282 71 71  15  15   7.2   6.4  14.0 337.4   5.7  -2.4   1.6  -1.3   2.6   0.1   2.8   1.2   2.2   1.2  169487.   3.5  502.   0.8   0.5 0.029    9690.   0.4   12.   2.0   1.3 0.004  1.64  -1.31   0.84   6.5  5.0 0.0280 20 118   -34   7 160.1  198  -125    73   1.0 0.008623      1.93     0.64     0.52     0.47     0.41     0.31 -1
2000 289 14 2282 71 71  16  16   7.7   7.2  10.0 301.6   3.7  -6.0   1.2  -4.8   3.8   0.1   2.3   1.5   1.0   1.4  172563.   3.8  519.  -1.9   0.6 0.027    5690.   0.2   13.   1.0   1.3 0.002  1.89  -1.97   0.80   6.6  5.0 0.0276 20 118   -33   7 160.1  145   -95    50   0.5 0.008623      1.88     0.63     0.50     0.45     0.40     0.31 -1
2000 289 15 2282 71 71  15  15   8.1   7.6   9.1 285.0   1.9  -7.2   1.2  -6.0   4.1   0.2   2.2   1.6   1.0   1.2  167085.   3.8  532.  -2.5   0.7 0.028   12663.   0.3   12.   0.7   0.8 0.003  2.00  -2.18   0.71   6.4  5.0 0.0290 17 118   -30   6 160.1  104   -78    26   0.8 0.008623      1.74     0.58     0.48     0.44     0.38     0.28 -1
2000 289 16 2282 71 71  14  14   8.0   6.6   1.1 312.1   4.4  -4.9   0.1  -4.5   1.9   0.2   4.0   2.3   2.6   2.0  166061.   3.8  509.  -0.9  -0.7 0.028   12708.   0.3   19.   2.0   2.3 0.003  1.83  -0.97   0.73   6.2  4.9 0.0309 17 118   -27   6 160.1   67   -39    28   1.2 0.008623      1.84     0.54     0.45     0.41     0.34     0.27 -1
2000 289 17 2282 71 71  15  15   8.3   7.5  -3.6 326.3   6.3  -4.2  -0.5  -4.1   0.9   0.3   3.0   0.5   2.1   2.0  168495.   3.9  494.  -0.0  -2.0 0.035   12483.   0.3    8.   1.7   2.0 0.005  1.81  -0.44   0.70   5.9  4.6 0.0344 17 118   -26   6 160.1  159  -111    48   1.4 0.008623      1.79     0.53     0.44     0.40     0.34     0.26 -1
2000 289 18 2282 71 71  14  14   8.5   7.8   9.8 320.4   5.9  -4.9   1.3  -4.3   2.7   0.0   2.6   1.4   1.6   1.5  157619.   4.0  491.  -0.3  -0.0 0.032   12581.   0.4   12.   1.6   1.5 0.006  1.82  -1.33   0.66   5.8  4.6 0.0356 20 118   -24   7 160.1   71   -25    46   0.0 0.008623      1.69     0.54     0.45     0.41     0.35     0.28 -1
2000 289 19 2282 71 71  15  15   8.4   7.7  -1.1 311.1   5.1  -5.8  -0.1  -5.6   1.4   0.1   2.6   0.9   0.9   2.3  169821.   4.0  499.  -1.7  -1.6 0.032   11312.   0.4    8.   0.8   1.7 0.006  1.88  -0.70   0.70   5.9  4.7 0.0337 20 118   -17   7 160.1   79   -35    44   1.1 0.008623      1.62     0.55     0.46     0.41     0.37     0.29 -1
2000 289 20 2282 71 71  15  15   8.5   7.5  -7.9 306.1   4.4  -6.0  -1.0  -6.1   0.4   0.1   3.3   1.0   1.1   3.0  174177.   3.9  504.  -2.4  -2.0 0.035   14902.   0.5    9.   0.9   2.6 0.008  1.89  -0.20   0.68   5.9  4.6 0.0347 20 118   -17   7 160.1  133   -74    59   1.6 0.008623      1.49     0.54     0.44     0.40     0.34     0.27 -1
2000 289 21 2282 71 71  15  15   8.8   7.9  -6.1 307.9   4.8  -6.2  -0.8  -6.2   0.5   0.2   2.9   0.8   1.2   2.5  183015.   4.3  502.  -2.5  -2.0 0.037    9782.   0.4    8.   0.9   2.2 0.004  2.08  -0.25   0.72   5.9  4.6 0.0340 20 118   -20   7 160.1  150   -72    77   1.5 0.008623      1.41     0.54     0.45     0.42     0.35     0.27 -1
2000 289 22 2282 71 71  15  15   9.5   8.0   5.9 312.8   5.4  -5.8   0.8  -5.5   1.9   0.1   4.5   1.7   1.7   3.8  191974.   4.8  501.  -1.3  -1.1 0.035   15506.   0.5   13.   1.8   3.3 0.005  2.29  -0.95   0.71   5.8  4.5 0.0356 20 118   -22   7 160.1  144   -49    95   0.9 0.008623      1.55     0.55     0.46     0.42     0.37     0.29 -1
2000 289 23 2282 71 71  16  16   9.7   8.2   0.2 303.2   4.5  -6.9   0.0  -6.8   1.4   0.3   4.4   2.2   1.8   3.4  199381.   4.4  509.  -2.8  -2.5 0.037   22513.   0.6   20.   1.8   2.9 0.015  2.19  -0.71   0.64   5.5  4.4 0.0393 20 118   -21   7 160.1  114   -29    85   0.7 0.008623      1.60     0.58     0.50     0.46     0.40     0.31 -1
2000 290  0 2282 71 71  15  15   8.9   3.7 -51.9  46.3   1.6   1.6  -2.9   0.9  -3.2   0.4   7.5   2.9   5.1   4.6  287851.   4.3  554.   2.3  -1.8 0.063   26984.   0.7   12.   1.8   1.3 0.016  2.76   1.77   0.94   6.5  4.8 0.0286 43 131   -21  32 159.8  239  -132   107   1.6 0.008674      1.38     0.54     0.45     0.41     0.36     0.28 -1
2000 290  1 2282 71 71  15  15   7.0   4.3 -11.1  72.2   1.3   4.0  -0.8   3.7  -1.7   0.9   4.7   2.0   3.0   3.1  362919.   4.0  569.   2.3   0.1 0.061   17968.   0.3   11.   0.9   0.7 0.014  2.69   0.97   1.67   8.1  5.2 0.0180 43 131   -37  32 159.8  533  -388   145   5.1 0.008674      1.42     0.55     0.46     0.42     0.36     0.26 -1
2000 290  2 2282 71 71  15  15   6.2   3.6  -3.0  11.0   3.5   0.7  -0.2   0.6  -0.4   0.4   4.6   2.2   3.3   2.4  365596.   3.1  575.   1.8  -1.9 0.039   17416.   0.4    7.   1.9   1.1 0.006  1.98   0.23   1.66   8.2  5.2 0.0178 43 131   -40  32 159.8  300  -145   155   2.3 0.008674      1.25     0.51     0.42     0.39     0.34     0.26 -1
2000 290  3 2282 71 71  15  15   7.0   6.3   4.3 298.3   3.0  -5.5   0.5  -5.0   2.2   0.3   2.6   1.5   1.1   1.8  319545.   3.0  585.  -1.1  -1.1 0.043   10778.   0.3    8.   0.5   1.2 0.005  2.01  -1.29   1.14   7.2  5.1 0.0227 20 131   -36   7 159.8   89   -12    77   0.2 0.008674      1.19     0.52     0.44     0.41     0.35     0.27 -1
2000 290  4 2282 71 71  15  15   6.5   5.2  15.5 303.3   2.7  -4.2   1.4  -3.4   2.9   0.2   3.5   2.4   2.1   1.4  299596.   3.0  584.   0.1  -0.7 0.037   14059.   0.3   16.   1.5   1.0 0.005  1.96  -1.69   1.26   7.8  5.4 0.0196 20 131   -33   7 159.8   54   -11    43  -0.0 0.008674      1.15     0.50     0.43     0.40     0.34     0.26 -1
2000 290  5 2282 71 71  15  15   6.0   5.1   7.3 347.9   4.9  -1.1   0.6  -0.8   1.0   0.1   2.6   0.7   2.1   1.4  281931.   3.0  574.   1.4  -2.0 0.035   18894.   0.2    5.   1.9   1.1 0.003  1.88  -0.57   1.42   8.3  5.5 0.0173 20 131   -35   7 159.8   53   -20    33  -0.1 0.008674      1.26     0.59     0.51     0.48     0.44     0.33 -1
2000 290  6 2282 71 71  15  15   6.5   5.9  14.1 315.6   4.1  -4.0   1.4  -2.9   3.1   0.2   2.3   1.1   1.3   1.5  220576.   2.9  582.  -0.5  -1.1 0.033   10165.   0.2    8.   0.7   1.6 0.002  1.86  -1.80   1.00   7.6  5.6 0.0205 13 131   -36   5 159.8   36    -2    33  -0.1 0.008674      1.22     0.55     0.47     0.43     0.38     0.31 -1
2000 290  7 2282 71 71  15  15   6.5   6.3  12.9 320.7   4.8  -3.9   1.4  -2.7   3.1   0.1   1.2   0.5   0.8   0.8  203074.   2.9  577.  -0.2  -0.7 0.036   13055.   0.3    5.   0.8   0.6 0.003  1.84  -1.79   0.95   7.6  5.6 0.0208 13 131   -36   5 159.8   44    -8    36  -0.2 0.008674      1.30     0.61     0.52     0.46     0.40     0.32 -1
2000 290  8 2282 71 71  15  15   6.4   6.3   6.6 329.0   5.4  -3.2   0.7  -2.4   2.2   0.1   1.0   0.5   0.6   0.7  218386.   2.9  568.   0.3  -0.8 0.036   20715.   0.4    3.   0.6   0.8 0.003  1.79  -1.25   1.02   7.6  5.5 0.0208 13 131   -31   5 159.8   46   -14    32  -0.2 0.008674      1.45     0.90     0.79     0.70     0.52     0.35 -1
2000 290  9 2282 71 71  15  15   6.5   6.0  13.8 334.1   5.3  -2.6   1.4  -1.5   2.6   0.1   1.9   0.9   1.3   1.1  214537.   3.0  570.   0.9  -0.5 0.038   15724.   0.3    6.   1.0   1.2 0.005  1.88  -1.48   1.01   7.6  5.5 0.0206 13 131   -29   5 159.8   71   -19    52   0.0 0.008674 999999.99 99999.99 99999.99 99999.99 99999.99 99999.99  0
2000 290 10 2282 71 71  16  16   6.4   5.7  42.9 345.7   4.0  -1.0   3.9   1.2   3.8   0.1   2.7   1.4   1.8   1.4  192904.   2.8  579.   1.3   1.6 0.034   12693.   0.2   10.   1.5   1.0 0.002  1.78  -2.20   0.91   7.6  5.7 0.0208 13 131   -29   5 159.8   61   -18    43  -0.3 0.008674     16.00    14.90    10.80     6.57     2.22     0.74 -1
2000 290 11 2282 71 71  14  14   6.4   6.1  45.0   5.3   4.3   0.4   4.3   2.6   3.4   0.3   1.5   0.9   1.1   0.6  176790.   3.0  582.   2.4   1.7 0.027   17023.   0.2    7.   0.9   0.5 0.002  1.88  -1.98   0.93   7.9  5.9 0.0192 13 131   -27   5 159.8   72   -23    50  -0.2 0.008674     24.10    22.00    15.30     8.91     2.50     0.98 -1
2000 290 12 2282 71 71  15  15   6.1   5.2  49.7  77.4   0.7   3.3   4.0   4.9   1.7   0.2   3.1   2.5   0.9   1.5  178783.   2.9  579.   2.9   1.9 0.036   11353.   0.2    8.   0.7   0.7 0.005  1.86  -0.98   1.00   8.1  5.9 0.0182 17 131   -26   6 159.8   57   -18    39   0.2 0.008674     16.80    15.20    11.60     7.18     2.17     0.99 -1
2000 290 13 2282 71 71  15  15   5.3   4.5  45.8  21.8   2.9   1.2   3.2   2.6   2.2   0.4   2.3   1.2   1.6   1.1  213597.   2.9  567.   1.4   2.1 0.052   31561.   0.2    7.   1.0   0.7 0.006  1.88  -1.25   1.47   9.1  6.0 0.0143 17 131   -26   6 159.8  137   -78    59   0.1 0.008674     25.20    21.90    15.30     8.56     2.08     0.83 -1
2000 290 14 2282 71 71  15  15   5.8   5.5  34.2  24.4   4.2   1.9   3.1   3.1   1.9   0.1   1.2   0.7   0.6   0.8  187124.   3.0  556.   2.3   1.9 0.045    9406.   0.2    6.   0.5   0.6 0.005  1.83  -1.06   1.17   8.3  5.9 0.0173 17 131   -24   6 159.8  122   -78    44   0.3 0.008674     28.50    24.90    17.10     9.10     1.95     0.80 -1
2000 290 15 2282 71 71  15  15   5.7   5.4  20.0  19.8   4.8   1.7   1.9   2.3   1.0   0.2   1.7   0.6   1.2   1.1  204618.   2.8  552.   2.2   1.0 0.046   15367.   0.2    7.   1.0   1.0 0.005  1.69  -0.55   1.19   8.1  5.7 0.0181 27 131   -22  12 159.8  106   -90    16   0.5 0.008674     38.60    32.40    20.60     9.73     1.93     0.75 -1
2000 290 16 2282 71 71  15  15   5.6   5.3   6.1  28.8   4.6   2.5   0.6   2.5  -0.4   0.1   1.4   0.5   0.9   1.0  219649.   2.6  551.   1.9   0.5 0.051   15472.   0.2    3.   0.7   0.9 0.006  1.59   0.22   1.20   7.9  5.6 0.0189 27 131   -19  12 159.8  286  -230    56   1.4 0.008674     51.80    41.10    23.70     9.59     1.66     0.63 -1
2000 290 17 2282 71 71  15  15   5.7   4.9  -5.3  10.4   4.8   0.9  -0.5   0.7  -0.8   0.2   2.8   0.4   2.6   0.9  221543.   2.5  553.   0.7  -0.1 0.050   22664.   0.2    6.   2.1   0.8 0.006  1.53   0.44   1.12   7.7  5.5 0.0202 27 131   -18  12 159.8  326  -274    52   1.4 0.008674     61.00    47.10    25.70    10.10     1.73     0.71 -1
2000 290 18 2282 71 71  15  15   5.9   5.3  -0.4  13.1   5.2   1.2   0.0   1.2  -0.3   0.2   2.3   0.3   1.6   1.7  218123.   2.5  548.   0.9   0.2 0.043   26353.   0.2    6.   0.9   1.2 0.004  1.47   0.16   1.04   7.3  5.3 0.0221 20 131   -14   7 159.8  216  -167    49   1.9 0.008674     63.80    48.20    25.30     9.29     1.53     0.63 -1
2000 290 19 2282 71 71  15  15   5.5   5.3   0.2 341.5   5.1  -1.7   0.0  -1.6   0.4   0.1   1.2   0.3   0.8   0.8  226080.   2.5  540.  -1.5   0.9 0.045   16555.   0.2    3.   0.8   0.6 0.004  1.44  -0.22   1.22   7.8  5.4 0.0197 20 131   -15   7 159.8  128   -81    47   0.5 0.008674     72.60    52.20    25.60     8.70     1.35     0.54 -1
2000 290 20 2282 71 71  15  15   5.5   5.0  -1.2   8.6   4.9   0.8  -0.1   0.8  -0.3   0.2   2.2   0.5   2.1   0.6  214335.   2.5  539.   0.4  -0.5 0.047   15871.   0.2    8.   1.9   0.3 0.004  1.44   0.16   1.18   7.7  5.5 0.0198 20 131   -13   7 159.8   83   -38    45   0.8 0.008674     78.30    54.50    25.40     8.27     1.26     0.53 -1
2000 290 21 2282 71 71  15  15   5.6   5.4   9.9  29.8   4.6   2.6   0.9   2.7   0.4   0.1   0.9   0.5   0.7   0.4  198557.   2.6  548.   2.0  -0.2 0.050   16408.   0.2    7.   0.8   0.4 0.008  1.56  -0.22   1.13   7.9  5.6 0.0191 20 131   -13   7 159.8  197  -141    57   1.1 0.008674     86.20    57.80    26.20     8.25     1.28     0.54 -1
2000 290 22 2282 71 71  15  15   5.5   4.9  13.3   2.1   4.8   0.2   1.1   0.4   1.0   0.1   2.1   0.5   1.7   1.1  200315.   2.8  537.   0.1   0.5 0.047   16420.   0.2    4.   1.4   0.7 0.007  1.60  -0.54   1.27   8.2  5.6 0.0178 20 131   -12   7 159.8  147  -103    44   1.1 0.008674     88.40    57.90    25.30     7.65     1.12     0.47 -1
2000 290 23 2282 71 71  15  15   5.2   4.9  -2.6 326.9   4.1  -2.7  -0.2  -2.7   0.3   0.1   1.3   0.4   0.7   1.1  208703.   3.0  535.  -1.9  -0.2 0.043   10574.   0.2    4.   0.6   0.8 0.008  1.68  -0.16   1.56   8.9  5.8 0.0150 20 131   -13   7 159.8   98   -53    45   0.6 0.008674     88.80    55.70    23.60     7.15     1.15     0.54 -1
2000 291  0 2282 71 71  15  15   5.0   3.5  -5.8   9.0   3.4   0.5  -0.4   0.4  -0.5   0.1   3.0   1.0   2.3   1.8  205218.   3.3  542.   0.9  -1.5 0.044   15970.   0.3    9.   1.9   1.8 0.005  1.90   0.27   1.83   9.8  6.1 0.0123 30 138   -12  15 153.0   80   -35    45   0.6 0.008655     90.30    54.70    22.50     6.70     1.05     0.46 -1
2000 291  1 2282 71 71  15  15   5.5   4.1 -38.2 342.9   3.1  -0.9  -2.5  -1.5  -2.2   0.2   3.2   1.1   2.6   1.6  179010.   3.2  546.  -0.8  -3.0 0.046   10787.   0.3    7.   2.0   1.6 0.007  1.89   1.20   1.35   8.9  6.0 0.0151 30 138   -14  15 153.0  295  -214    81   1.8 0.008655     95.90    56.20    22.30     6.46     1.01     0.48 -1
2000 291  2 2282 71 71  15  15   5.7   4.8   7.4  32.4   4.0   2.6   0.6   2.7  -0.1   0.2   2.7   0.5   1.5   2.1  168242.   3.3  536.   2.3  -1.1 0.040    8928.   0.3    5.   1.3   2.0 0.004  1.84   0.05   1.25   8.5  5.9 0.0163 30 138   -16  15 153.0  333  -247    86   3.3 0.008655     90.00    52.50    21.10     6.10     0.97     0.47 -1
2000 291  3 2282 71 71  14  14   5.5   4.5   9.3  41.3   3.3   2.9   0.7   3.0  -0.3   0.0   3.0   2.3   1.6   1.1  159616.   3.1  533.   2.4  -1.4 0.038    9402.   0.3   20.   1.9   0.9 0.004  1.69   0.16   1.23   8.5  5.9 0.0163 30 138   -19  15 153.0  228  -164    65   2.4 0.008655     88.50    50.80    20.10     5.76     0.90     0.42 -1
2000 291  4 2282 71 71  15  15   5.6   5.0   7.7  32.9   4.2   2.7   0.7   2.8  -0.3   0.1   2.1   1.4   1.4   0.7  158792.   3.0  529.   2.0  -1.1 0.037    7602.   0.2   15.   1.3   0.6 0.006  1.61   0.16   1.14   8.2  5.8 0.0178 30 138   -18  15 153.0   93   -39    54   0.5 0.008655     87.30    49.40    19.40     5.57     0.93     0.47 -1
2000 291  5 2282 71 71  16  16   5.6   4.6  22.7 336.8   3.9  -1.7   1.8  -0.8   2.3   0.2   2.8   1.2   1.9   1.6  162249.   3.3  523.  -0.7   0.3 0.040    8671.   0.4    9.   2.0   1.4 0.007  1.75  -1.20   1.27   8.5  5.9 0.0165 30 138   -16  15 153.0   81   -30    51   0.6 0.008655     89.60    49.60    19.20     5.33     0.86     0.43 -1
2000 291  6 2282 71 71  15  15   6.2   5.0  37.1 264.5  -0.4  -4.0   3.0  -2.2   4.5   0.2   3.2   2.3   1.9   1.2  141785.   3.8  561.  -2.3   1.0 0.039   12605.   0.4   18.   1.8   0.9 0.008  2.31  -2.52   1.11   8.8  6.3 0.0153 20 138   -12   7 153.0   54   -13    41   0.2 0.008655     84.00    46.70    18.30     5.16     0.89     0.46 -1
2000 291  7 2282 71 71  14  14   6.1   4.4  20.3 327.2   3.5  -2.2   1.5  -1.2   2.4   0.3   3.6   1.9   2.6   1.5  169182.   3.6  528.  -1.3  -0.5 0.038   11270.   0.3   19.   2.2   1.3 0.004  1.93  -1.27   1.20   8.2  5.8 0.0176 20 138   -13   7 153.0   47    -4    43   0.2 0.008655     83.80    46.20    18.00     4.93     0.72     0.35 -1
2000 291  8 2282 71 71  15  15   6.1   5.4  -1.4 310.2   3.5  -4.1  -0.1  -3.6   2.0   0.2   2.2   1.1   1.5   1.1  162517.   3.3  521.  -3.2  -2.2 0.041   11325.   0.3   10.   1.5   0.9 0.005  1.74  -1.04   1.07   7.8  5.6 0.0198 20 138   -14   7 153.0  103   -57    46   0.5 0.008655     87.00    46.50    17.70     4.87     0.78     0.38 -1
2000 291  9 2282 71 71  15  15   5.9   5.1  28.3   9.5   4.5   0.7   2.4   1.9   1.7   0.3   2.5   1.1   1.4   1.8  171029.   3.4  509.   1.8  -0.7 0.047   20253.   0.3   10.   1.6   1.7 0.005  1.75  -0.87   1.22   8.0  5.6 0.0188 20 138   -10   7 153.0  268  -201    67   1.5 0.008655     97.70    51.20    18.60     4.59     0.43     0.22 -1
2000 291 10 2282 71 71  16  16   6.2   5.2  -4.8 316.0   3.8  -3.6  -0.4  -3.3   1.6   0.1   3.0   1.3   1.5   2.3  149721.   3.1  516.  -2.3  -2.6 0.038   11453.   0.2   10.   1.3   2.1 0.006  1.59  -0.83   0.93   7.3  5.5 0.0222 20 138    -9   7 153.0  167  -117    50   1.0 0.008655     97.90    50.90    18.70     4.87     0.66     0.33 -1
2000 291 11 2282 71 71  14  14   6.1   4.6  31.0 321.5   3.1  -2.5   2.4  -0.9   3.4   0.1   3.6   0.8   2.4   2.5  143873.   3.3  514.  -0.7  -0.3 0.037    9796.   0.3    8.   2.3   1.9 0.004  1.67  -1.75   1.00   7.7  5.6 0.0203 20 138   -10   7 153.0   87   -43    45   0.1 0.008655     88.50    47.10    17.90     4.86     0.74     0.34 -1
2000 291 12 2282 71 71  15  15   6.2   5.4  36.8 334.2   3.9  -1.9   3.2   0.0   3.7   0.2   2.6   1.1   1.7   1.6  134757.   3.4  500.  -0.0   0.4 0.035    9618.   0.3   11.   1.8   1.2 0.004  1.62  -1.85   0.97   7.4  5.5 0.0215 20 138   -11   7 153.0   52   -24    28   0.1 0.008655     66.30    37.00    14.50     4.01     0.68     0.37 -1
2000 291 13 2282 71 71  15  15   6.3   5.9  -5.7 329.8   5.1  -3.0  -0.6  -2.9   0.9   0.1   2.0   0.6   0.5   1.8  132704.   3.4  490.  -1.3  -2.0 0.031    5947.   0.2    3.   0.4   1.4 0.003  1.53  -0.44   0.93   7.2  5.3 0.0231 20 138    -9   7 153.0   64   -29    36   0.5 0.008655     52.40    30.10    12.00     3.41     0.63     0.38 -1
2000 291 14 2282 71 71  14  14   5.7   4.7  -4.1 347.1   4.6  -1.1  -0.3  -1.1   0.2   0.1   2.7   0.9   1.0   2.3  153820.   3.5  487.   0.0  -1.3 0.039    6285.   0.3    5.   0.8   2.4 0.005  1.60  -0.10   1.26   8.0  5.5 0.0186 20 138   -11   7 153.0  118   -65    53   1.6 0.008655     48.70    28.30    11.50     3.29     0.64     0.35 -1
2000 291 15 2282 71 71  15  15   6.0   5.5   6.8 340.3   5.2  -1.9   0.7  -1.4   1.4   0.1   2.0   0.5   1.0   1.7  127563.   3.7  478.  -1.0  -0.4 0.041    6390.   0.4    5.   1.1   1.6 0.004  1.64  -0.67   1.09   7.7  5.5 0.0203 20 138   -15   7 153.0  126   -81    45   0.7 0.008655     48.10    28.10    11.30     3.26     0.63     0.36 -1
2000 291 16 2282 71 71  16  16   6.0   5.0  21.5 344.3   4.5  -1.3   1.8  -0.5   2.2   0.1   2.5   1.2   1.9   1.2  127057.   3.7  480.  -0.5   0.5 0.041    6043.   0.5   11.   1.6   1.3 0.005  1.66  -1.06   1.09   7.7  5.5 0.0201 20 138   -14   7 153.0   94   -64    30   0.3 0.008655     48.50    28.10    11.30     3.17     0.61     0.35 -1
2000 291 17 2282 71 71  15  15   6.0   4.9  10.3 338.9   4.5  -1.7   0.9  -1.3   1.4   0.1   2.9   1.4   2.3   1.0  127411.   3.4  480.  -1.0  -0.0 0.048    7235.   0.3   15.   2.6   0.8 0.006  1.56  -0.67   1.00   7.4  5.4 0.0219 20 138   -13   7 153.0   65   -34    31   0.2 0.008655     47.40    27.50    11.00     3.07     0.59     0.36 -1
2000 291 18 2282 71 71  14  14   6.2   4.6  14.4 336.7   4.1  -1.8   1.1  -1.4   1.6   0.3   3.9   1.9   2.9   1.8  128236.   3.6  485.  -0.5   0.1 0.044   10757.   0.3   17.   2.8   2.0 0.003  1.66  -0.78   1.00   7.4  5.4 0.0216 30 138    -9  15 153.0   46   -23    23  -0.2 0.008655     43.40    25.30    10.20     2.89     0.55     0.31 -1
2000 291 19 2282 71 71  15  15   6.1   5.7 -13.2  24.9   5.0   2.3  -1.3   1.9  -1.8   0.1   2.0   0.5   1.0   1.6  127301.   3.6  477.   3.0  -2.3 0.036    5864.   0.3    6.   0.9   1.7 0.004  1.56   0.86   1.03   7.4  5.4 0.0216 30 138    -5  15 153.0  137   -59    78   1.2 0.008655     42.20    24.50     9.77     2.64     0.49     0.29 -1
2000 291 20 2282 71 71  16  16   6.3   3.8 -21.4  14.6   3.5   0.9  -1.4   0.6  -1.6   0.1   4.8   1.3   4.3   1.7  110592.   3.4  490.   1.6  -2.1 0.036    5599.   0.1   11.   3.7   2.3 0.002  1.56   0.78   0.85   7.2  5.4 0.0231 30 138   -11  15 153.0  402  -286   116   2.1 0.008655     42.80    24.70     9.91     2.78     0.57     0.37 -1
2000 291 21 2282 71 71  14  14   6.0   5.4  -3.0 339.9   5.1  -1.9  -0.3  -1.9   0.1   0.1   2.1   0.7   1.6   1.3  105844.   3.6  471.  -1.7  -0.4 0.040   11602.   0.3    6.   1.2   1.5 0.005  1.55  -0.05   0.97   7.4  5.5 0.0214 27 138   -15  12 153.0  237  -168    69   1.3 0.008655     42.70    24.50     9.69     2.66     0.54     0.33 -1
2000 291 22 2282 71 71  15  15   6.0   5.9   2.6 326.8   4.9  -3.2   0.3  -3.1   0.9   0.2   1.1   0.5   0.8   0.5   88769.   3.3  467.  -2.5   0.2 0.038   11637.   0.2    4.   0.7   0.6 0.005  1.38  -0.42   0.83   7.1  5.4 0.0238 27 138   -15  12 153.0  111   -45    66   0.2 0.008655     41.60    24.00     9.45     2.57     0.53     0.34 -1
2000 291 23 2282 71 71  15  15   5.6   5.1 -17.6 341.0   4.6  -1.6  -1.5  -1.9  -1.2   0.0   1.8   0.6   1.2   1.2  141959.   3.5  476.  -0.7  -1.5 0.038    7507.   0.1    6.   1.0   1.4 0.005  1.53   0.57   1.26   8.0  5.5 0.0188 27 138   -12  12 153.0  195  -117    78   1.0 0.008655     35.10    20.50     8.22     2.25     0.46     0.30 -1
2000 292  0 2283 71 71  16  16   5.4   4.5  31.6 296.7   1.7  -3.4   2.4  -2.8   3.1   0.2   2.5   1.8   0.7   1.5  114203.   3.9  494.  -1.4   1.9 0.040   11804.   0.3   15.   0.7   1.5 0.007  1.84  -1.53   1.35   9.0  6.1 0.0146 30 135   -14  15 149.9  184  -119    65   0.6 0.008748     35.70    20.90     8.34     2.27     0.47     0.29 -1
2000 292  1 2283 71 71  14  14   5.9   3.0  15.0 306.8   1.8  -2.3   0.8  -2.0   1.3   0.1   4.8   3.9   1.2   2.5  117087.   3.8  494.  -0.8   0.5 0.054    8610.   0.2   28.   0.7   2.0 0.008  1.88  -0.64   1.11   8.2  5.8 0.0179 30 135   -14  15 149.9   87   -27    59   0.5 0.008748     33.90    19.90     7.92     2.21     0.50     0.32 -1
2000 292  2 2283 71 71  15  15   5.7   5.4  -7.2 351.2   5.3  -0.8  -0.7  -1.0  -0.5   0.1   1.6   0.4   1.2   1.0  107631.   3.7  464.   0.1  -0.9 0.056    5765.   0.3    4.   1.3   1.2 0.007  1.63   0.23   1.12   7.8  5.6 0.0194 30 135   -16  15 149.9  115   -39    76   0.6 0.008748     31.20    18.40     7.38     2.10     0.53     0.34 -1
2000 292  3 2283 71 71  15  15   5.9   5.1  -9.3 325.2   4.1  -2.9  -0.8  -3.0   0.2   0.1   2.5   1.1   2.0   1.1   98544.   3.6  474.  -2.1  -0.6 0.050    3950.   0.2   10.   1.8   1.3 0.007  1.62  -0.09   0.98   7.6  5.6 0.0205 23 135   -13   9 149.9  183  -107    76   0.9 0.008748     28.00    16.60     6.72     1.93     0.47     0.31 -1
2000 292  4 2283 71 71  15  15   5.9   5.3 -11.3 344.3   5.0  -1.4  -1.0  -1.7  -0.4   0.2   2.0   0.7   1.2   1.5  103523.   3.9  466.  -0.6  -1.3 0.050    9122.   0.3    3.   0.9   1.5 0.008  1.70   0.19   1.08   7.8  5.6 0.0196 23 135   -13   9 149.9  238  -126   112   1.5 0.008748     26.50    15.80     6.43     1.87     0.46     0.29 -1
2000 292  5 2283 71 71  15  15   5.7   5.4   5.2 333.6   4.8  -2.4   0.5  -2.0   1.4   0.1   1.4   0.6   1.1   0.7  110743.   4.1  467.  -1.4   0.2 0.056    6831.   0.4    4.   1.1   0.8 0.010  1.83  -0.65   1.26   8.3  5.7 0.0173 23 135   -16   9 149.9  211  -114    97   1.2 0.008748     27.60    16.30     6.97     2.39     0.96     0.71 -1
2000 292  6 2283 71 71  15  15   5.8   5.2   2.2 341.2   5.0  -1.7   0.2  -1.4   0.9   0.1   2.1   0.4   0.8   1.9  110509.   4.2  466.  -0.9  -0.5 0.050    4700.   0.4    3.   0.8   1.7 0.007  1.83  -0.42   1.24   8.2  5.7 0.0175 17 135   -13   6 149.9  125   -34    90   0.9 0.008748     24.70    14.80     6.02     1.75     0.46     0.30 -1
2000 292  7 2283 71 71  15  15   5.9   5.2  23.9 312.9   3.2  -3.5   2.1  -2.0   3.5   0.1   2.4   1.4   1.6   1.0   96555.   4.3  477.  -2.0   1.3 0.047    8432.   0.5   12.   1.5   0.9 0.006  1.94  -1.67   1.16   8.4  5.9 0.0169 17 135   -10   6 149.9   69     1    70   0.2 0.008748     24.20    14.50     5.91     1.68     0.42     0.29 -1
2000 292  8 2283 71 71  15  15   6.0   4.9   3.9 324.7   4.0  -2.8   0.3  -2.3   1.7   0.1   2.9   0.9   1.6   2.2   91112.   4.4  468.  -1.7  -0.5 0.049    4918.   0.8   10.   1.8   1.8 0.007  1.92  -0.80   1.12   8.2  5.8 0.0178 17 135   -11   6 149.9   72   -16    56   0.5 0.008748     23.70    13.90     5.68     1.71     0.42     0.25 -1
2000 292  9 2283 71 71  15  15   6.0   5.7  -5.4 339.9   5.3  -1.9  -0.5  -1.9   0.6   0.1   1.7   0.5   1.2   1.1   98494.   4.1  458.  -1.1  -1.3 0.048    2871.   0.2    4.   0.8   1.0 0.007  1.71  -0.27   1.07   7.7  5.6 0.0199 20 135   -13   7 149.9   81   -26    56   0.5 0.008748     22.40    13.30     5.34     1.52     0.42     0.29 -1
2000 292 10 2283 71 71  15  15   6.1   5.7  -4.8 330.9   5.0  -2.8  -0.5  -2.6   1.1   0.1   1.7   0.8   1.3   0.8   97329.   4.1  458.  -2.2  -1.2 0.044    8928.   0.1    5.   1.0   0.7 0.006  1.69  -0.50   1.03   7.6  5.5 0.0206 20 135   -13   7 149.9  335  -234   101   1.1 0.008748     22.30    13.20     5.27     1.56     0.44     0.32 -1
2000 292 11 2283 71 71  16  16   6.1   5.1 -18.1 315.2   3.4  -3.4  -1.6  -3.7   0.4   0.3   2.7   2.0   1.7   0.9   91692.   4.2  472.  -3.1  -1.9 0.044    8207.   0.3   16.   1.3   1.1 0.008  1.84  -0.19   1.03   7.9  5.8 0.0189 20 135   -10   7 149.9  366  -290    76   1.4 0.008748     22.00    13.00     5.19     1.51     0.44     0.30 -1
2000 292 12 2283 71 71  14  14   6.2   4.5 -31.1 351.0   3.8  -0.6  -2.3  -1.7  -1.7   0.2   4.0   1.3   3.7   1.1   86934.   4.2  467.  -0.2  -3.2 0.039    8345.   0.2   10.   3.2   1.5 0.003  1.77   0.79   0.98   7.7  5.7 0.0200 27 135    -8  12 149.9  258  -178    80   1.5 0.008748     21.80    12.80     5.11     1.52     0.49     0.36 -1
2000 292 13 2283 71 71  14  14   6.3   5.8 -30.6   3.4   5.0   0.3  -2.9  -1.1  -2.7   0.1   2.1   0.7   1.9   0.4   95540.   3.9  455.   0.8  -3.7 0.038    8696.   0.3    6.   1.6   0.5 0.003  1.55   1.23   0.92   7.1  5.3 0.0234 27 135    -7  12 149.9  342  -291    50   2.0 0.008748     20.80    12.20     4.86     1.42     0.45     0.32 -1
2000 292 14 2283 71 71  15  15   6.2   5.8  -6.1 330.0   5.0  -2.9  -0.6  -2.9   0.8   0.2   1.9   0.7   1.2   1.3  110089.   3.7  449.  -0.9  -0.9 0.044    8101.   0.4    4.   1.1   1.3 0.006  1.46  -0.36   0.95   7.0  5.2 0.0245 27 135    -5  12 149.9  296  -262    34   1.9 0.008748     20.10    11.90     4.74     1.32     0.38     0.27 -1
2000 292 15 2283 71 71  15  15   5.9   5.2  12.6  20.8   4.8   1.8   1.1   2.1   0.3   0.1   2.2   1.1   1.7   0.9  107373.   4.8  454.   3.0  -0.5 0.044   19472.   0.4    7.   1.3   0.7 0.004  1.94  -0.14   1.35   8.4  5.7 0.0167 17 135    -1   6 149.9   98   -61    37   1.1 0.008748 999999.99 99999.99 99999.99 99999.99 99999.99 99999.99  0
2000 292 16 2283 71 71  13  13   5.7   5.2  -7.8 347.7   5.1  -1.1  -0.7  -1.3  -0.2   0.1   1.9   0.6   1.0   1.5  122302.   4.3  447.   0.6  -1.6 0.041    9546.   0.5    5.   1.1   1.5 0.003  1.67   0.09   1.38   8.1  5.5 0.0180 17 135    -6   6 149.9  120   -87    33   0.8 0.008748     21.50    12.40     4.78     1.40     0.44     0.31 -1
2000 292 17 2283 71 71  15  15   5.9   5.3  -8.0 348.9   5.2  -1.0  -0.7  -1.2  -0.3   0.1   2.2   0.5   2.0   0.8  120024.   4.2  445.   0.0  -2.7 0.040   12743.   0.2    4.   1.9   0.9 0.004  1.61   0.13   1.25   7.7  5.4 0.0199 17 135    -8   6 149.9   92   -52    39   0.9 0.008748     21.30    12.20     4.68     1.31     0.41     0.28 -1
2000 292 18 2283 71 71  15  15   5.9   5.6  -2.8   7.5   5.5   0.7  -0.3   0.6  -0.5   0.2   1.5   0.2   1.4   0.6  127101.   4.1  438.   2.0  -2.2 0.039    8517.   0.3    2.   1.2   0.3 0.003  1.52   0.22   1.25   7.5  5.2 0.0211 17 135   -10   6 149.9  168  -112    56   1.4 0.008748     21.20    12.20     4.66     1.33     0.42     0.30 -1
2000 292 19 2283 71 71  15  15   6.0   5.8   1.7  40.8   4.4   3.8   0.2   3.7  -0.7   0.2   1.4   0.4   0.8   1.1   96876.   4.5  448.   4.6  -2.0 0.043   10316.   0.2    3.   0.6   0.8 0.009  1.77   0.31   1.17   7.9  5.6 0.0190 17 135   -10   6 149.9  147   -89    58   0.9 0.008748     21.20    12.00     4.52     1.26     0.38     0.26 -1
2000 292 20 2283 71 71  15  15   6.0   5.3  -3.1  37.7   4.2   3.2  -0.3   3.1  -1.0   0.1   2.7   0.4   2.6   0.7   95095.   4.6  446.   3.8  -2.3 0.044   11358.   0.4    4.   2.1   0.5 0.008  1.80   0.45   1.19   8.0  5.6 0.0187 17 135   -12   6 149.9  166   -86    80   1.0 0.008748     21.60    12.20     4.60     1.28     0.39     0.28 -1
2000 292 21 2283 71 71  15  15   6.1   5.4 -14.1  22.0   4.9   2.0  -1.3   1.7  -1.7   0.1   2.4   0.7   2.1   1.0  118337.   4.4  440.   3.2  -3.3 0.055   13316.   0.3    6.   1.6   0.7 0.010  1.74   0.75   1.21   7.6  5.3 0.0208 27 135   -12  12 149.9  289  -200    89   2.2 0.008748     20.80    11.70     4.37     1.23     0.42     0.30 -1
2000 292 22 2283 71 71  15  15   6.1   5.4 -17.8   3.7   5.1   0.3  -1.7   0.0  -1.7   0.1   2.3   0.6   2.0   1.1  126474.   4.6  436.   2.3  -3.2 0.051   12886.   0.2    4.   1.8   0.9 0.009  1.76   0.74   1.31   7.7  5.2 0.0202 27 135   -12  12 149.9  399  -302    96   3.1 0.008748     20.40    11.50     4.31     1.26     0.43     0.31 -1
2000 292 23 2283 71 71  15  15   6.0   5.7   7.2 339.0   5.3  -2.0   0.7  -1.8   1.1   0.1   1.2   0.3   1.1   0.4  119234.   4.3  432.  -0.0  -1.1 0.045   10150.   0.3    2.   1.2   0.5 0.005  1.58  -0.48   1.23   7.5  5.2 0.0213 27 135   -18  12 149.9  132   -77    55   0.9 0.008748     19.70    11.10     4.13     1.16     0.41     0.29 -1
2000 293  0 2283 71 71  15  15   5.8   5.4  -3.6   4.8   5.4   0.4  -0.3   0.3  -0.4   0.2   1.7   0.2   1.6   0.5  122880.   4.4  428.   2.0  -2.4 0.039    5285.   0.4    2.   1.6   0.4 0.007  1.56   0.17   1.37   7.7  5.2 0.0199 27 128   -17  12 156.5   65   -18    47   0.4 0.008970     19.30    10.70     3.94     1.12     0.40     0.29 -1
2000 293  1 2283 71 71  15  15   6.1   5.7 -15.4  18.4   5.3   1.7  -1.5   1.3  -1.9   0.2   1.6   0.5   1.3   0.9  116163.   4.8  428.   3.1  -3.3 0.048   10070.   0.2    3.   1.1   0.8 0.005  1.75   0.81   1.31   7.7  5.3 0.0201 27 128   -15  12 156.5  129   -61    68   0.9 0.008970     19.50    10.80     3.94     1.15     0.40     0.30 -1
2000 293  2 2283 71 71  15  15   5.9   5.5  -3.3  10.1   5.4   1.0  -0.3   0.9  -0.6   0.1   2.0   0.6   1.2   1.4  104271.   5.1  428.   2.0  -2.2 0.048    5200.   0.2    4.   0.9   1.1 0.006  1.86   0.26   1.42   8.2  5.5 0.0177 27 128   -17  12 156.5  304  -206    98   1.9 0.008970     18.50    10.20     3.75     1.06     0.39     0.29 -1
2000 293  3 2283 71 71  15  15   6.0   5.5  18.0   5.6   5.2   0.5   1.7   1.0   1.5   0.1   2.1   0.7   1.3   1.4  104642.   5.2  426.   1.9  -1.2 0.048    8900.   0.5    4.   1.2   0.9 0.005  1.88  -0.64   1.40   8.1  5.4 0.0182 27 128   -14  12 156.5  196  -105    91   1.1 0.008970     18.20     9.97     3.68     1.09     0.40     0.29 -1
2000 293  4 2283 71 71  15  15   6.4   5.7   1.9 340.7   5.4  -1.9   0.2  -1.7   0.9   0.2   2.5   1.2   1.7   1.3  104739.   5.9  428.  -0.4  -2.4 0.052   12960.   0.3    7.   1.8   1.3 0.007  2.18  -0.39   1.40   8.1  5.5 0.0180 27 128   -11  12 156.5   86   -19    66   0.8 0.008970     16.00     8.79     3.27     0.98     0.37     0.28 -1
2000 293  5 2283 71 71  15  15   6.2   5.5  -8.5 331.7   4.8  -2.6  -0.8  -2.7   0.3   0.2   2.4   1.3   1.8   1.1  115099.   6.0  432.  -1.1  -2.6 0.056   17686.   0.4    7.   1.3   1.4 0.008  2.29  -0.13   1.58   8.5  5.5 0.0163 27 128    -9  12 156.5  239  -141    97   0.9 0.008970     15.60     8.67     3.23     0.99     0.37     0.26 -1
2000 293  6 2283 71 71  15  15   6.3   4.4 -21.0 341.8   3.9  -1.3  -1.6  -1.9  -0.8   0.5   4.5   1.7   3.9   1.4  102947.   6.0  438.   0.2  -2.7 0.052   15399.   0.3   10.   3.3   1.3 0.005  2.32   0.35   1.45   8.5  5.7 0.0164 23 128    -7   9 156.5  188  -119    69   1.1 0.008970     14.50     8.00     2.96     0.93     0.38     0.28 -1
2000 293  7 2283 71 71  15  15   6.6   5.8 -31.3 320.0   3.8  -3.2  -3.0  -4.3  -1.1   0.2   2.7   1.3   2.1   1.2   95943.   5.6  434.  -1.5  -3.7 0.054   10006.   0.3    7.   2.0   1.3 0.004  2.14   0.48   1.20   7.8  5.5 0.0196 23 128   -10   9 156.5  227  -122   105   1.1 0.008970     13.90     7.65     2.85     0.94     0.39     0.30 -1
2000 293  8 2283 71 71  15  15   6.0   5.1  -8.0 340.5   4.7  -1.7  -0.7  -1.8   0.3   0.1   2.6   0.7   1.7   1.8  119116.   5.7  429.  -0.5  -1.7 0.052   13166.   0.5    5.   1.5   1.6 0.005  2.12  -0.13   1.63   8.5  5.5 0.0163 23 128   -11   9 156.5  247  -100   147   1.3 0.008970     13.20     7.24     2.71     0.88     0.35     0.26 -1
2000 293  9 2283 71 71  15  15   6.3   4.2 -17.5 304.2   2.2  -3.3  -1.2  -3.4   0.7   0.3   4.4   2.4   3.4   1.5   95921.   5.6  444.  -1.7  -1.5 0.056   18833.   0.4   11.   2.9   1.1 0.006  2.26  -0.31   1.32   8.3  5.7 0.0171 20 128   -10   7 156.5  135   -15   120   0.6 0.008970     12.60     6.98     2.62     0.89     0.39     0.30 -1
2000 293 10 2283 71 71  16  16   6.6   5.5  -0.4 284.1   1.3  -5.3   0.0  -4.5   2.8   0.4   3.2   1.2   1.6   2.5   79360.   6.0  445.  -3.0  -0.8 0.054   11086.   0.6    6.   1.3   1.7 0.007  2.41  -1.25   1.19   8.3  5.8 0.0174 20 128    -8   7 156.5  123   -27    96   0.3 0.008970     11.90     6.49     2.41     0.76     0.32     0.24 -1
2000 293 11 2283 71 71  14  14   6.6   4.8  19.3 276.1   0.5  -4.5   1.6  -3.0   3.7   0.6   4.3   2.0   3.4   1.8   87858.   6.3  448.  -1.7   0.4 0.051   25730.   0.7   12.   2.6   1.6 0.005  2.54  -1.66   1.30   8.5  5.8 0.0164 20 128    -9   7 156.5  132   -65    67   0.1 0.008970     10.90     6.02     2.26     0.81     0.38     0.29 -1
2000 293 12 2283 71 71  15  15   5.7   5.1 -14.2  24.2   4.5   2.0  -1.3   1.1  -2.1   0.7   2.3   1.0   1.7   1.2  122394.   5.9  426.   2.9  -2.4 0.050   10386.   0.4    3.   0.9   0.5 0.006  2.15   0.89   1.89   9.1  5.6 0.0144 30 128    -8  15 156.5   66   -29    37   0.5 0.008970     10.80     5.82     2.14     0.76     0.33     0.24 -1
2000 293 13 2283 71 71  14  14   5.6   5.0  -6.8  16.5   4.8   1.4  -0.6   0.9  -1.2   0.1   2.2   0.7   1.7   1.3  128263.   5.2  419.   2.6  -1.9 0.047    7915.   0.4    4.   1.3   1.0 0.003  1.81   0.50   1.77   8.5  5.4 0.0163 30 128   -10  15 156.5  156  -120    37   1.0 0.008970     10.00     5.42     2.08     0.80     0.39     0.28 -1
2000 293 14 2283 71 71  15  15   5.4   5.2 -10.2  10.7   5.0   0.9  -0.9   0.4  -1.2   0.2   1.1   0.3   0.8   0.8  130161.   5.1  417.   2.1  -2.1 0.046    9489.   0.4    3.   0.7   0.6 0.003  1.75   0.50   1.88   8.7  5.4 0.0156 30 128    -9  15 156.5  199  -170    29   1.1 0.008970      9.74     5.28     2.02     0.76     0.38     0.29 -1
2000 293 15 2283 71 71  16  16   5.2   4.6 -10.5  25.3   4.1   2.0  -0.8   1.5  -1.5   0.1   2.0   0.5   1.4   1.3  115259.   4.9  418.   2.9  -2.2 0.052   11467.   0.2    2.   1.0   1.2 0.007  1.73   0.63   1.84   8.9  5.5 0.0150 13 128    -9   5 156.5  119   -97    22   0.8 0.008970      9.49     5.13     1.98     0.78     0.36     0.27 -1
2000 293 16 2283 71 71  15  15   5.4   4.9  26.9 303.7   2.4  -3.7   2.2  -2.7   3.4   0.1   1.8   0.8   1.1   1.1   67455.   5.0  425.  -1.8   0.8 0.054    7685.   0.6    4.   1.4   0.8 0.005  1.83  -1.45   1.40   8.8  5.9 0.0154 13 128    -5   5 156.5  141  -102    39   0.4 0.008970      9.21     5.02     1.92     0.74     0.37     0.29 -1
2000 293 17 2283 71 71  14  14   4.9   4.5   6.4 319.4   3.4  -2.9   0.5  -2.6   1.4   0.3   1.5   0.7   1.1   0.8   91015.   4.5  418.  -2.0  -0.6 0.047   17547.   0.5    3.   1.0   1.0 0.004  1.56  -0.59   1.71   9.0  5.7 0.0145 13 128    -3   5 156.5  104   -78    26   0.7 0.008970      9.41     5.07     1.97     0.78     0.40     0.30 -1
2000 293 18 2283 71 71  15  15   5.0   4.7 -11.7 341.5   4.4  -1.5  -1.0  -1.7  -0.5   0.0   1.6   0.6   1.2   0.9  120799.   4.4  415.  -1.0  -2.2 0.050   12937.   0.2    2.   1.0   0.7 0.004  1.52   0.21   1.82   8.7  5.4 0.0157 13 128    -2   5 156.5   79   -44    35   0.9 0.008970      9.17     4.82     1.82     0.71     0.38     0.29 -1
2000 293 19 2283 71 71  15  15   5.1   4.1   5.7  22.6   3.7   1.6   0.4   1.6   0.0   0.2   2.8   1.1   2.1   1.5   99521.   4.9  418.   1.7  -1.4 0.050   15713.   0.4    5.   1.6   1.3 0.007  1.72  -0.00   1.79   9.1  5.7 0.0145 13 128    -4   5 156.5   50   -11    39   0.4 0.008970      8.97     4.76     1.79     0.71     0.36     0.27 -1
2000 293 20 2283 71 71  16  16   5.4   2.9  22.0 311.5   1.8  -2.0   1.1  -1.7   1.5   0.2   4.3   3.8   1.6   1.0   97565.   4.9  429.  -1.4  -0.6 0.051   22399.   0.4   22.   1.6   0.9 0.004  1.81  -0.64   1.58   8.8  5.7 0.0154 13 128    -4   5 156.5   50   -15    35   0.3 0.008970      8.63     4.63     1.76     0.71     0.36     0.27 -1
2000 293 21 2283 71 71  14  14   5.7   3.3  -8.9 328.6   2.8  -1.7  -0.5  -1.8  -0.2   0.2   4.4   2.7   2.6   2.2   80143.   5.6  424.  -1.3  -1.9 0.061   16779.   0.5   14.   2.0   2.0 0.008  2.09   0.08   1.50   8.8  5.8 0.0154 20 128    -2   7 156.5   71   -27    44   0.6 0.008970      8.53     4.49     1.70     0.68     0.37     0.29 -1
2000 293 22 2283 71 71  16  16   5.6   4.8  74.6 258.0  -0.3  -1.3   4.7  -0.4   4.9   0.2   2.6   1.7   1.8   0.7   57982.   6.6  438.  -0.4   2.2 0.063    9788.   0.9   10.   1.4   0.8 0.008  2.65  -2.15   1.63  10.0  6.5 0.0118 20 128    -4   7 156.5  146   -66    80   0.4 0.008970      8.02     4.27     1.65     0.67     0.36     0.27 -1
2000 293 23 2283 71 71  15  15   6.2   5.7  55.1 291.0   1.2  -3.1   4.7  -2.2   5.2   0.2   1.9   0.8   1.4   0.9   53751.   7.0  431.  -2.1   2.1 0.055    3906.   0.6    4.   1.2   0.5 0.003  2.65  -2.24   1.38   9.2  6.2 0.0141 20 128    -1   7 156.5   61   -24    37  -0.1 0.008970      7.26     3.87     1.55     0.70     0.41     0.31 -1
2000 294  0 2283 71 71  15  15   6.5   5.9  73.5 229.8  -1.1  -1.3   5.6  -0.1   5.7   0.1   2.3   1.6   1.4   0.8   50683.   6.4  442.  -0.5   1.4 0.056    2922.   0.7    7.   1.1   0.5 0.004  2.56  -2.52   1.13   8.6  6.1 0.0161  7 134     3   3 159.3   27    -2    25  -0.1 0.008983      7.04     3.70     1.49     0.68     0.38     0.30 -1
2000 294  1 2283 71 71  15  15   6.9   6.1  59.4 246.5  -1.2  -2.8   5.2  -1.5   5.7   0.1   2.4   1.4   1.6   1.1   50702.   6.5  437.  -2.2   0.9 0.053    5278.   0.6    7.   1.0   0.6 0.004  2.51  -2.49   1.02   8.1  5.9 0.0182  7 134     1   3 159.3   21     0    21  -0.2 0.008983      7.35     3.79     1.47     0.66     0.39     0.30 -1
2000 294  2 2283 71 71  15  15   6.3   4.7   1.2 290.1   1.6  -4.5   0.1  -4.3   1.3   0.4   3.9   1.9   1.7   2.9   73534.   6.3  428.  -4.2  -1.6 0.054    9972.   0.4    6.   1.0   1.3 0.005  2.34  -0.56   1.33   8.5  5.8 0.0164  7 134     0   3 159.3   43    -5    39   0.0 0.008983      6.82     3.53     1.38     0.60     0.34     0.26 -1
2000 294  3 2283 71 71  15  15   6.6   5.6  19.3 286.5   1.5  -5.1   1.9  -4.3   3.4   0.3   3.1   2.0   0.6   2.3   74270.   6.1  431.  -3.8  -0.5 0.048    8403.   0.3    5.   0.7   1.1 0.005  2.26  -1.47   1.18   8.1  5.7 0.0183 10 134    -1   4 159.3   35    -4    31  -0.2 0.008983      6.57     3.40     1.35     0.61     0.35     0.26 -1
2000 294  4 2283 71 71  15  15   5.4   4.4 -21.1 330.1   3.6  -2.1  -1.6  -2.5  -0.7   0.5   2.9   1.6   2.1   1.2  113052.   6.3  434.  -2.6  -1.5 0.049   12902.   0.3    4.   1.3   1.0 0.005  2.37   0.30   2.17  10.1  5.9 0.0117 10 134    -1   4 159.3   45    -7    38   0.1 0.008983      6.94     3.48     1.33     0.57     0.31     0.23 -1
2000 294  5 2283 71 71  15  15   5.3   4.7  26.8 243.7  -1.8  -3.7   2.1  -2.5   3.4   0.6   2.0   1.2   1.0   1.2   94120.   5.8  446.  -3.2  -0.1 0.047   10781.   0.4    7.   0.5   0.6 0.005  2.29  -1.52   1.91  10.1  6.2 0.0116 10 134    -1   4 159.3   84   -47    37   0.0 0.008983      5.98     3.07     1.26     0.65     0.43     0.34 -1
2000 294  6 2283 71 71  15  15   5.7   5.4  29.0 254.6  -1.3  -4.6   2.6  -3.0   4.4   0.3   1.4   1.2   0.6   0.5   78858.   5.8  443.  -3.1   0.3 0.037    6431.   0.3    6.   0.8   0.3 0.004  2.18  -1.95   1.54   9.4  6.1 0.0136  3 134     0   2 159.3   49    -8    42   0.0 0.008983      6.07     3.11     1.23     0.58     0.35     0.26 -1
2000 294  7 2283 71 71  15  15   5.7   4.3  20.0 271.8   0.1  -4.0   1.5  -2.8   3.2   0.3   3.3   2.4   1.2   1.8   89159.   5.7  436.  -2.4  -0.4 0.037    8117.   0.5   12.   0.8   1.4 0.005  2.08  -1.40   1.59   9.1  5.9 0.0143  3 134     0   2 159.3   45    -4    41  -0.0 0.008983      5.55     2.87     1.16     0.57     0.36     0.27 -1
2000 294  8 2283 71 71  15  15   6.1   5.3  21.1 253.8  -1.4  -4.8   1.9  -3.2   4.1   0.2   2.7   1.8   0.7   1.8   78813.   5.2  450.  -2.6   0.7 0.037    6615.   1.1    8.   0.6   1.0 0.005  2.02  -1.84   1.20   8.4  5.9 0.0168  3 134    -2   2 159.3   35    -4    31  -0.2 0.008983      5.43     2.82     1.22     0.64     0.42     0.32 -1
2000 294  9 2283 71 71  15  15   5.8   4.6 -21.4 263.1  -0.5  -4.3  -1.7  -4.6   0.8   0.5   3.3   2.4   0.9   2.1   93883.   4.3  439.  -2.0  -1.3 0.043    6515.   0.3    5.   1.0   0.4 0.008  1.62  -0.35   1.18   7.8  5.5 0.0193  7 134    -2   3 159.3   38    -4    34  -0.1 0.008983      5.28     2.74     1.16     0.62     0.40     0.31 -1
2000 294 10 2283 71 71  15  15   5.7   4.8  35.3 216.8  -3.2  -2.4   2.8  -0.6   3.6   0.8   3.0   1.0   2.1   1.9   83401.   4.3  443.  -0.6  -0.0 0.033    7437.   0.4    4.   0.5   0.6 0.005  1.60  -1.59   1.17   8.1  5.7 0.0183  7 134    -3   3 159.3   44   -13    31  -0.2 0.008983      5.18     2.71     1.20     0.65     0.42     0.31 -1
2000 294 11 2283 71 71  15  15   4.4   3.6  16.6 245.0  -1.5  -3.2   1.0  -2.2   2.5   0.5   2.2   1.1   1.6   1.0   81271.   3.6  436.  -1.6  -0.8 0.037    8978.   0.7   10.   0.8   0.9 0.004  1.31  -1.09   1.62   9.4  6.1 0.0135  7 134    -5   3 159.3   38   -17    21  -0.2 0.008983      4.40     2.25     0.94     0.48     0.30     0.22 -1
2000 294 12 2283 71 71  15  15   4.2   4.1  -0.1 258.9  -0.8  -4.0   0.0  -3.5   2.0   0.5   1.0   0.7   0.5   0.6   80714.   3.4  430.  -2.3  -2.1 0.037    5358.   0.3    2.   0.4   0.2 0.004  1.21  -0.86   1.68   9.4  6.0 0.0133  3 134    -6   2 159.3   42   -22    20  -0.1 0.008983      4.38     2.33     1.05     0.57     0.36     0.27 -1
2000 294 13 2283 71 71  15  15   4.3   3.8  17.2 230.5  -2.3  -2.8   1.1  -1.9   2.3   0.4   1.9   1.2   1.3   0.3   68297.   3.7  443.  -1.5  -1.1 0.040   10384.   0.1    7.   1.1   0.3 0.003  1.41  -1.02   1.64   9.9  6.4 0.0121  3 134    -3   2 159.3   51   -28    22  -0.0 0.008983      4.28     2.22     0.95     0.52     0.35     0.27 -1
2000 294 14 2283 71 71  15  15   4.7   4.5   6.7 228.8  -3.0  -3.4   0.5  -2.8   2.0   0.2   0.9   0.5   0.3   0.7   49961.   3.4  446.  -1.5  -0.8 0.044    3512.   0.3    4.   0.5   0.5 0.005  1.33  -0.89   1.14   8.7  6.2 0.0155  3 134     0   2 159.3   48   -27    21   0.2 0.008983      4.25     2.25     1.02     0.57     0.39     0.29 -1
2000 294 15 2283 71 71  15  15   4.2   3.9 -11.5 246.1  -1.5  -3.5  -0.8  -3.5   0.7   0.3   1.4   1.3   0.2   0.4   47361.   3.2  438.  -1.5  -1.1 0.051    6116.   0.2    9.   0.4   0.5 0.004  1.23  -0.31   1.33   9.3  6.4 0.0137  7 134    -1   3 159.3   54   -33    21   0.9 0.008983      4.00     2.17     0.99     0.58     0.39     0.30 -1
2000 294 16 2283 71 71  15  15   4.0   3.8 -11.9 249.6  -1.3  -3.5  -0.8  -3.6   0.5   0.1   0.9   0.7   0.3   0.5   39461.   3.0  429.  -2.4  -0.6 0.053    3326.   0.2    6.   0.4   0.9 0.006  1.12  -0.21   1.31   9.3  6.4 0.0138  7 134    -2   3 159.3   60   -42    18   1.1 0.008983      3.92     2.11     0.97     0.54     0.35     0.28 -1
2000 294 17 2283 71 71  14  14   4.1   3.4  15.6 271.8   0.1  -3.2   0.9  -2.8   1.9   0.4   2.1   1.3   1.2   1.2   37694.   3.7  417.  -3.2   1.2 0.046    5141.   0.7   10.   1.4   1.2 0.008  1.27  -0.79   1.52   9.8  6.4 0.0124  7 134     0   3 159.3   63   -44    19   0.6 0.008983      4.65     2.45     1.05     0.56     0.36     0.29 -1
2000 294 18 2283 71 71  16  16   4.3   3.6 -22.2 319.5   2.5  -2.1  -1.3  -2.4  -0.7   0.6   2.2   1.5   1.1   1.1   75143.   2.7  439.  -0.0   1.1 0.060   21227.   0.6   15.   1.8   1.5 0.009  1.08   0.31   1.24   8.4  5.8 0.0169 10 134    -1   4 159.3   46   -22    24   0.7 0.008983      3.00     1.70     0.86     0.54     0.38     0.28 -1
2000 294 19 2283 71 71  15  15   3.6   3.1  23.9 250.7  -0.9  -2.6   1.2  -2.2   1.8   0.3   1.7   1.4   0.6   0.6  108692.   2.5  436.   0.3   0.2 0.062   15990.   0.2    6.   0.7   0.8 0.007  0.99  -0.78   1.90   9.6  5.9 0.0130 10 134    -2   4 159.3   40   -23    17   0.0 0.008983      2.70     1.54     0.80     0.52     0.36     0.28 -1
2000 294 20 2283 71 71  14  14   3.4   2.9  31.8 266.2  -0.2  -2.5   1.5  -2.1   2.0   0.3   1.5   1.0   0.9   0.7   88098.   2.4  430.  -0.9  -0.7 0.046    9322.   0.3    7.   0.7   0.6 0.010  0.88  -0.86   1.87   9.8  6.1 0.0124 10 134    -4   4 159.3   28   -11    17  -0.2 0.008983      2.70     1.53     0.81     0.52     0.37     0.29 -1
2000 294 21 2283 71 71  15  15   2.7   2.0  63.1 124.1  -0.5   0.8   1.8   1.1   1.6   0.4   1.5   1.0   0.9   0.6   88548.   2.1  411.  -1.1   0.1 0.057   13227.   0.3    5.   1.3   0.9 0.006  0.73  -0.66   2.60  11.0  6.1 0.0098  3 134    -7   2 159.3   29   -13    16  -0.2 0.008983      3.15     1.73     0.83     0.48     0.33     0.26 -1
2000 294 22 2283 71 71  15  15   3.5   2.0  30.7 297.9   0.8  -1.6   1.0  -1.4   1.3   0.4   2.6   0.9   2.3   0.8   48968.   3.0  406.  -0.8   1.9 0.051   11131.   0.5    5.   3.0   0.7 0.004  0.99  -0.53   1.81  10.0  6.3 0.0118  3 134    -5   2 159.3   25    -9    15  -0.1 0.008983      3.99     2.12     0.95     0.54     0.38     0.30 -1
2000 294 23 2283 71 71  14  14   4.1   4.0   0.9 259.4  -0.7  -3.9   0.1  -3.8   0.8   0.1   0.8   0.6   0.1   0.6   32693.   3.3  408.  -3.7   2.4 0.042    5438.   0.4    7.   0.4   0.5 0.005  1.07  -0.33   1.32   9.0  6.2 0.0146  3 134    -4   2 159.3   24    -6    18  -0.1 0.008983      3.72     2.02     0.93     0.54     0.37     0.29 -1
