2005 146  0 2345 51 52  60  37   3.5   3.5  -4.7 154.1  -3.2   1.5  -0.3   1.5   0.2   0.1   0.2   0.1   0.2   0.1   46448.   3.4  336.  -0.2  -1.8 0.036   10549.   0.4    4.   0.5   0.6 0.004  0.73  -0.07   2.02   8.9  5.3 0.0152  0  64    -7   0  92.8   42   -27    15  -0.3 0.006797      0.40     0.27     0.19     0.15     0.14     0.14 -1
2005 146  1 2345 51 52  61  36   3.5   3.4   1.9 154.5  -3.1   1.5   0.1   1.4   0.6   0.1   0.4   0.2   0.3   0.2   51318.   3.7  341.   0.4  -2.6 0.029    7121.   0.3    5.   0.4   0.6 0.003  0.80  -0.20   2.26   9.4  5.5 0.0135  0  64    -6   0  92.8   39   -23    16  -0.1 0.006797      0.43     0.30     0.21     0.17     0.15     0.15 -1
2005 146  2 2345 51 52  59  32   3.6   3.5   0.9 142.5  -2.8   2.1   0.1   2.0   0.7   0.1   0.8   0.4   0.4   0.6   46230.   3.7  343.  -0.3  -3.0 0.029    7616.   0.3    3.   0.5   1.0 0.003  0.81  -0.24   2.07   9.2  5.5 0.0142  0  64    -3   0  92.8   42   -26    16  -0.3 0.006797      0.42     0.29     0.21     0.16     0.14     0.13 -1
2005 146  3 2345 51 52  59  35   3.6   3.5  -7.5 149.3  -3.0   1.8  -0.5   1.9  -0.1   0.1   0.8   0.4   0.6   0.4   37997.   3.0  339.  -0.9  -2.1 0.036   12057.   0.7    5.   0.8   0.9 0.008  0.66   0.03   1.60   8.2  5.3 0.0179  3  64    -2   2  92.8   46   -26    20  -0.1 0.006797      0.42     0.29     0.21     0.17     0.15     0.12 -1
2005 146  4 2345 51 52  60  34   3.7   3.7  -2.9 166.8  -3.6   0.8  -0.2   0.8   0.0   0.0   0.5   0.1   0.3   0.4   32140.   2.6  330.  -0.1  -2.6 0.041   12366.   0.5    3.   0.4   1.0 0.008  0.55  -0.00   1.27   7.2  5.0 0.0230  3  64    -1   2  92.8   47   -24    22   0.0 0.006797      0.43     0.32     0.23     0.19     0.17     0.14 -1
2005 146  5 2345 51 52  59  29   3.8   3.8 -11.7 155.3  -3.4   1.5  -0.8   1.6  -0.6   0.1   0.6   0.2   0.5   0.2   24987.   3.0  332.  -0.1  -2.3 0.036    9488.   0.6    4.   0.8   0.5 0.005  0.63   0.20   1.33   7.6  5.2 0.0208  3  64    -1   2  92.8   53   -28    25   0.2 0.006797      0.43     0.29     0.21     0.17     0.15     0.13 -1
2005 146  6 2345 51 52  61  34   3.7   3.4  -6.8 146.8  -2.8   1.8  -0.4   1.8  -0.2   0.1   1.5   0.6   1.3   0.5   36264.   4.0  331.   0.0  -2.3 0.028   10910.   0.6    5.   0.7   0.5 0.005  0.81   0.07   2.00   8.9  5.4 0.0149  3  64     0   2  92.8   51   -30    21   0.3 0.006797      0.39     0.26     0.17     0.13     0.12     0.12 -1
2005 146  7 2345 51 52  60  33   3.6   3.6  -9.0 166.3  -3.4   0.8  -0.6   0.8  -0.6   0.0   0.3   0.1   0.2   0.2   47701.   4.5  335.   0.2  -2.7 0.031   28025.   0.4    2.   0.9   1.0 0.001  0.95   0.20   2.54   9.9  5.5 0.0122  3  64    -2   2  92.8   56   -34    22   0.2 0.006797 999999.99 99999.99 99999.99 99999.99 99999.99 99999.99  0
2005 146  8 2345 51 52  61  30   3.5   3.4  -6.4 154.7  -3.1   1.4  -0.4   1.4  -0.4   0.1   0.6   0.2   0.3   0.5   33413.   5.2  335.  -0.4  -3.0 0.028    4772.   0.3    1.   0.2   0.6 0.002  1.08   0.13   2.86  10.9  5.9 0.0100  3  64    -2   2  92.8   68   -31    37   0.2 0.006797 999999.99 99999.99 99999.99 99999.99 99999.99 99999.99  0
2005 146  9 2345 51 52  58  35   3.5   3.4  15.8 154.8  -3.0   1.4   0.9   1.4   0.9   0.1   0.9   0.4   0.7   0.5   37079.   5.2  334.  -0.4  -3.5 0.025    4956.   0.5    4.   0.4   0.9 0.003  1.07  -0.30   2.92  10.9  5.8 0.0100  3  64    -2   2  92.8   62   -31    31   0.3 0.006797 999999.99 99999.99 99999.99 99999.99 99999.99 99999.99  0
2005 146 10 2345 51 52  58  32   3.6   3.5   9.1 181.5  -3.4  -0.1   0.6  -0.1   0.6   0.1   1.0   0.1   0.9   0.3   32170.   5.2  325.   0.3  -2.7 0.028    7036.   0.4    5.   0.5   0.6 0.003  1.02  -0.20   2.68  10.3  5.7 0.0112  3  64    -3   2  92.8   57   -34    23   0.2 0.006797 999999.99 99999.99 99999.99 99999.99 99999.99 99999.99  0
2005 146 11 2345 51 52  62  35   3.5   2.0   2.7 151.5  -1.8   1.0   0.1   1.0   0.1   0.2   2.8   1.9   1.9   1.0   29299.   5.5  329.  -0.4  -2.3 0.025    5913.   0.5    9.   1.1   0.9 0.004  1.09  -0.03   2.94  11.0  5.9 0.0098  3  64    -2   2  92.8   48   -35    13  -0.1 0.006797 999999.99 99999.99 99999.99 99999.99 99999.99 99999.99  0
2005 146 12 2345 51 52  58  30   3.5   3.3  13.9 130.3  -2.1   2.5   0.8   2.5   0.8   0.1   1.1   0.7   0.6   0.6   30404.   5.5  328.  -1.0  -2.4 0.021    3599.   0.5    4.   0.5   0.6 0.003  1.07  -0.26   2.97  11.0  5.8 0.0098  3  64    -2   2  92.8   49   -33    16  -0.2 0.006797 999999.99 99999.99 99999.99 99999.99 99999.99 99999.99  0
2005 146 13 2345 51 52  59  35   3.5   3.3  14.3 160.6  -3.0   1.1   0.8   1.1   0.8   0.1   0.9   0.3   0.2   0.9   30724.   5.4  323.   0.1  -2.1 0.022    4670.   0.4    2.   0.3   0.9 0.004  1.02  -0.26   2.92  10.7  5.7 0.0103  3  64    -1   2  92.8   42   -29    13  -0.3 0.006797 999999.99 99999.99 99999.99 99999.99 99999.99 99999.99  0
2005 146 14 2345 51 52  60  36   3.4   3.3   9.7 163.7  -3.1   0.9   0.6   0.9   0.7   0.1   0.7   0.2   0.4   0.5   28232.   5.6  319.  -0.2  -2.0 0.024    3676.   0.4    1.   0.3   0.7 0.003  1.04  -0.22   3.16  11.1  5.8 0.0097  3  64     1   2  92.8   42   -29    13  -0.0 0.006797 999999.99 99999.99 99999.99 99999.99 99999.99 99999.99  0
2005 146 15 2345 51 52  60  31   3.2   3.2   5.9 168.2  -3.1   0.7   0.3   0.7   0.4   0.0   0.5   0.1   0.2   0.5   28435.   5.8  320.  -0.0  -1.5 0.022    4118.   0.7    1.   0.2   0.8 0.005  1.08  -0.13   3.69  12.0  5.9 0.0082  3  64     4   2  92.8   41   -29    11  -0.8 0.006797 999999.99 99999.99 99999.99 99999.99 99999.99 99999.99  0
2005 146 16 2345 51 52  61  33   3.2   3.2   9.3 170.4  -3.1   0.5   0.5   0.4   0.6   0.1   0.5   0.1   0.4   0.3   32411.   6.1  321.  -0.1  -1.6 0.020    8884.   0.6    1.   0.3   0.7 0.003  1.13  -0.19   3.98  12.4  5.9 0.0078  3  64     3   2  92.8   49   -30    19  -0.7 0.006797 999999.99 99999.99 99999.99 99999.99 99999.99 99999.99  0
2005 146 17 2345 51 52  59  31   3.3   3.1  18.9 142.8  -2.3   1.7   1.0   1.4   1.3   0.1   1.3   1.0   0.8   0.2   26572.   6.2  318.  -0.5  -2.1 0.019    2377.   0.5    2.   0.9   0.6 0.003  1.13  -0.41   3.67  12.0  5.9 0.0083  3  64     3   2  92.8   56   -27    29  -0.8 0.006797 999999.99 99999.99 99999.99 99999.99 99999.99 99999.99  0
2005 146 18 2345 51 52  60  32   3.4   3.3  14.7  94.4  -0.2   3.2   0.8   2.9   1.6   0.1   0.9   0.4   0.2   0.7   17125.   6.1  320.  -1.5  -2.1 0.019    3237.   0.5    2.   0.2   0.8 0.003  1.12  -0.51   3.19  11.6  6.0 0.0088  3  64     1   2  92.8   43   -15    28  -1.1 0.006797 999999.99 99999.99 99999.99 99999.99 99999.99 99999.99  0
2005 146 19 2345 51 52  61  25   3.4   3.3  15.0  83.6   0.4   3.1   0.9   2.7   1.8   0.0   0.7   0.6   0.1   0.3   17580.   5.5  322.  -1.5  -2.3 0.019    1862.   0.3    3.   0.3   0.4 0.002  1.02  -0.58   2.89  11.1  5.9 0.0096  3  64    -2   2  92.8   32   -11    21  -1.1 0.006797 999999.99 99999.99 99999.99 99999.99 99999.99 99999.99  0
2005 146 20 2345 51 52  59  27   3.2   3.2   7.2  73.6   0.9   3.0   0.4   2.7   1.4   0.2   0.7   0.4   0.3   0.5   14543.   5.5  320.  -1.3  -2.2 0.017    2205.   0.5    1.   0.3   0.6 0.003  1.00  -0.45   3.19  11.7  6.1 0.0087  3  64     0   2  92.8   45   -27    18  -1.1 0.006797      0.44     0.31     0.19     0.12     0.10     0.10 -1
2005 146 21 2345 51 52  62  24   3.3   3.1  13.7  60.3   1.5   2.6   0.7   2.2   1.6   0.1   0.9   0.6   0.4   0.5   15263.   5.4  323.  -1.3  -2.4 0.018    1409.   0.2    3.   0.5   0.5 0.002  1.01  -0.52   2.96  11.4  6.0 0.0092  0  64     1   0  92.8   48   -32    16  -0.9 0.006797      0.50     0.36     0.25     0.19     0.16     0.16 -1
2005 146 22 2345 51 52  58  23   3.3   3.2  22.7  58.2   1.6   2.5   1.2   1.9   2.0   0.1   0.8   0.6   0.3   0.5   15342.   5.3  323.  -1.2  -2.6 0.019    2126.   0.4    3.   0.4   0.9 0.002  0.99  -0.65   2.91  11.3  6.0 0.0094  0  64     2   0  92.8   38   -25    13  -0.9 0.006797      0.49     0.34     0.22     0.16     0.14     0.14 -1
2005 146 23 2345 51 52  60  23   3.3   3.3  32.7  79.5   0.5   2.7   1.8   1.9   2.6   0.1   0.5   0.3   0.3   0.3   15547.   5.4  315.  -1.5  -3.1 0.018    2326.   0.4    1.   0.3   0.7 0.002  0.96  -0.82   2.97  11.1  5.9 0.0097  0  64     1   0  92.8   41   -28    13  -0.6 0.006797      0.56     0.38     0.25     0.18     0.15     0.14 -1
2005 147  0 2345 51 52  60  28   2.8   2.4  21.8  95.0  -0.2   2.2   0.9   1.8   1.6   0.3   1.3   0.8   0.5   0.9   18474.   5.8  313.  -0.2  -1.9 0.018    5025.   0.7    4.   0.6   1.4 0.003  1.02  -0.50   4.52  13.5  6.1 0.0066  3  64    -1   2  98.1   43   -24    20  -0.1 0.006824      0.61     0.43     0.26     0.17     0.14     0.14 -1
2005 147  1 2345 51 52  59  17   2.7   2.6  60.4  52.0   0.8   1.0   2.2   0.3   2.4   0.1   0.7   0.4   0.5   0.3   17203.   6.6  316.   0.3  -2.8 0.015    1165.   0.3    2.   0.4   0.2 0.001  1.17  -0.76   5.48  15.0  6.3 0.0053  3  64    -1   2  98.1   48   -28    20   0.2 0.006824      0.65     0.44     0.26     0.18     0.15     0.15 -1
2005 147  2 2345 51 52  60  27   2.9   2.7  39.6 104.0  -0.5   2.0   1.7   1.5   2.2   0.2   1.0   0.6   0.5   0.6   18891.   6.7  313.  -0.2  -2.7 0.015    2844.   0.4    2.   0.5   0.8 0.002  1.16  -0.69   4.88  14.0  6.1 0.0061  3  64     0   2  98.1   74   -42    32   0.6 0.006824      0.61     0.39     0.24     0.16     0.13     0.13 -1
2005 147  3 2345 51 52  58  24   2.8   2.2 -10.5 105.1  -0.6   2.1  -0.4   2.1   0.1   0.1   1.7   1.0   0.8   1.2   19074.   6.8  310.  -0.6  -1.9 0.015    3376.   0.5    4.   0.7   1.0 0.004  1.16  -0.03   5.32  14.4  6.1 0.0057  7  64     1   3  98.1   70   -45    25   0.2 0.006824      0.65     0.43     0.27     0.19     0.16     0.14 -1
2005 147  4 2345 51 52  60  30   2.7   1.9   0.1 127.4  -1.1   1.5   0.0   1.5   0.3   0.3   1.9   0.8   0.8   1.6   18607.   6.9  309.  -0.5  -2.4 0.017    3874.   0.6    3.   0.5   1.2 0.002  1.18  -0.09   5.79  15.0  6.1 0.0053  7  64     3   3  98.1   69   -43    26   0.2 0.006824      0.70     0.47     0.30     0.21     0.18     0.15 -1
2005 147  5 2345 51 52  61  25   2.6   1.7 -20.6 124.3  -0.9   1.3  -0.6   1.4  -0.4   0.3   2.0   1.0   0.6   1.7   20268.   7.1  308.  -0.3  -2.2 0.016    1664.   0.4    3.   0.4   1.2 0.002  1.20   0.12   6.49  15.8  6.1 0.0048  7  64     3   3  98.1   72   -37    35   0.7 0.006824      0.72     0.47     0.28     0.19     0.15     0.13 -1
2005 147  6 2345 51 52  59  28   2.4   2.0  51.4  91.4   0.0   1.3   1.6   1.1   1.7   0.2   1.3   0.5   0.9   0.8   17274.   7.6  309.  -0.1  -3.5 0.020    2613.   0.3    2.   0.3   0.7 0.003  1.31  -0.53   7.99  17.7  6.3 0.0038  3  64     3   2  98.1   71   -49    22   0.4 0.006824      0.72     0.46     0.28     0.19     0.16     0.16 -1
2005 147  7 2345 51 52  59  32   2.3   2.2  29.0  73.5   0.5   1.8   1.0   1.7   1.1   0.5   0.8   0.5   0.4   0.6   17861.   7.6  307.   0.0  -2.8 0.018    3145.   0.3    1.   0.8   0.4 0.002  1.28  -0.34   8.74  18.4  6.3 0.0035  3  64     2   2  98.1  122   -69    53   0.3 0.006824 999999.99 99999.99 99999.99 99999.99 99999.99 99999.99  0
2005 147  8 2345 51 52  59  24   2.2   1.2  21.4 164.4  -1.0   0.3   0.4   0.3   0.4   0.7   2.0   1.0   1.6   0.5   20788.   7.4  302.   0.6  -2.7 0.019    3516.   0.5    2.   0.5   0.6 0.003  1.21  -0.12   9.49  18.7  6.2 0.0034  3  64     1   2  98.1  113   -65    48  -0.2 0.006824 999999.99 99999.99 99999.99 99999.99 99999.99 99999.99  0
2005 147  9 2345 51 52  59  30   3.1   3.1   5.9 217.1  -2.4  -1.8   0.3  -1.8   0.3   0.1   0.5   0.2   0.2   0.4   16621.   7.1  300.   1.0  -2.6 0.019    1230.   0.3    1.   0.3   0.2 0.001  1.15  -0.09   4.46  12.9  5.9 0.0072  3  64    -1   2  98.1   66   -36    30   0.2 0.006824 999999.99 99999.99 99999.99 99999.99 99999.99 99999.99  0
2005 147 10 2345 51 52  59  26   3.0   2.8  36.3 205.0  -2.1  -1.0   1.7  -1.0   1.7   0.3   0.8   0.7   0.3   0.4   17596.   7.1  297.   0.6  -3.3 0.019    1324.   0.4    2.   0.3   0.5 0.001  1.13  -0.50   4.79  13.2  5.8 0.0068  3  64    -3   2  98.1   85   -37    48   1.0 0.006824 999999.99 99999.99 99999.99 99999.99 99999.99 99999.99  0
2005 147 11 2345 51 52  60  28   2.9   2.9  33.2 192.3  -2.3  -0.5   1.6  -0.5   1.6   0.1   0.5   0.2   0.4   0.3   18484.   6.9  297.   0.3  -3.0 0.017    1555.   0.3    1.   0.2   0.5 0.001  1.09  -0.48   5.01  13.5  5.8 0.0066  3  64    -3   2  98.1   97   -47    50   0.8 0.006824 999999.99 99999.99 99999.99 99999.99 99999.99 99999.99  0
2005 147 12 2345 51 52  60  31   2.6   2.4  32.9 221.1  -1.5  -1.3   1.3  -1.3   1.3   0.1   0.9   0.2   0.6   0.7   17853.   7.3  296.   0.6  -3.4 0.019    1057.   0.2    1.   0.3   0.3 0.002  1.15  -0.38   6.57  15.4  6.0 0.0050 10  64    -2   4  98.1   79   -40    39   0.5 0.006824 999999.99 99999.99 99999.99 99999.99 99999.99 99999.99  0
2005 147 13 2345 51 52  60  29   2.8   2.6  57.6 175.0  -1.4   0.1   2.2   0.1   2.2   0.1   0.9   0.3   0.8   0.2   16984.   7.5  296.   0.3  -3.9 0.020    1157.   0.3    1.   0.3   0.3 0.002  1.19  -0.65   5.78  14.5  5.9 0.0057 10  64     1   4  98.1   93   -40    53   0.9 0.006824 999999.99 99999.99 99999.99 99999.99 99999.99 99999.99  0
2005 147 14 2345 51 52  59  20   2.7   2.5  24.7 168.1  -2.2   0.5   1.1   0.4   1.1   0.1   0.9   0.3   0.6   0.7   18473.   7.5  294.   0.3  -3.4 0.017    2203.   0.2    1.   0.2   0.2 0.001  1.16  -0.32   6.28  14.9  5.9 0.0054 10  64     2   4  98.1   52   -32    19   0.2 0.006824 999999.99 99999.99 99999.99 99999.99 99999.99 99999.99  0
2005 147 15 2345 51 52  59  28   2.6   2.5  13.8 171.3  -2.4   0.4   0.6   0.3   0.6   0.0   0.5   0.1   0.4   0.3   18533.   7.8  291.   0.4  -3.4 0.018    2051.   0.3    1.   0.2   0.3 0.001  1.18  -0.17   7.05  15.6  5.9 0.0049  0  64     1   0  98.1   45   -23    21  -0.4 0.006824 999999.99 99999.99 99999.99 99999.99 99999.99 99999.99  0
2005 147 16 2345 51 52  60  21   2.7   2.7  13.7 165.2  -2.5   0.7   0.6   0.6   0.7   0.0   0.4   0.1   0.3   0.2   18682.   8.1  290.   0.2  -3.7 0.018    1862.   0.3    1.   0.2   0.3 0.001  1.22  -0.20   6.80  15.3  5.8 0.0051  0  64     2   0  98.1   35   -17    18  -0.7 0.006824 999999.99 99999.99 99999.99 99999.99 99999.99 99999.99  0
2005 147 17 2345 51 52  61  16   3.0   3.0   9.3 150.3  -2.5   1.4   0.5   1.3   0.8   0.2   0.8   0.2   0.6   0.3   21113.   9.2  293.  -0.0  -4.6 0.017    3976.   0.8    2.   0.4   0.8 0.001  1.41  -0.23   6.36  14.8  5.8 0.0054  0  64     6   0  98.1   43   -19    24  -0.5 0.006824 999999.99 99999.99 99999.99 99999.99 99999.99 99999.99  0
2005 147 18 2345 51 52  60  21   3.0   2.9  22.0 140.7  -2.1   1.7   1.1   1.4   1.5   0.1   0.8   0.2   0.4   0.7   18135.  10.5  294.  -0.6  -5.6 0.019    1410.   0.4    1.   0.2   0.6 0.001  1.63  -0.44   7.11  15.9  5.9 0.0047  0  64     7   0  98.1   44   -21    23  -0.6 0.006824 999999.99 99999.99 99999.99 99999.99 99999.99 99999.99  0
2005 147 19 2345 51 52  60  16   3.1   3.1  13.3 133.5  -2.1   2.2   0.7   1.9   1.3   0.1   0.5   0.2   0.2   0.4   16876.  10.4  294.  -1.2  -5.4 0.017    1040.   0.4    1.   0.1   0.3 0.001  1.60  -0.38   6.54  15.3  5.9 0.0051  0  64     5   0  98.1   42   -20    21  -0.8 0.006824 999999.99 99999.99 99999.99 99999.99 99999.99 99999.99  0
2005 147 20 2345 51 52  57  13   3.2   3.2  -3.8 129.3  -2.0   2.4  -0.2   2.3   0.6   0.1   0.6   0.3   0.4   0.4   15712.   9.9  290.  -1.8  -4.6 0.017    1311.   0.6    2.   0.3   0.6 0.002  1.48  -0.17   5.79  14.3  5.8 0.0059  0  64     4   0  98.1   41   -20    21  -0.8 0.006824 999999.99 99999.99 99999.99 99999.99 99999.99 99999.99  0
2005 147 21 2345 51 52  61  23   3.1   3.1  -6.2 144.4  -2.5   1.8  -0.3   1.8   0.3   0.2   0.6   0.3   0.3   0.5   17525.   8.7  285.  -1.3  -4.1 0.018    1473.   0.5    1.   0.4   0.5 0.001  1.27  -0.09   5.49  13.6  5.7 0.0065  0  64     3   0  98.1   44   -21    23  -0.6 0.006824 999999.99 99999.99 99999.99 99999.99 99999.99 99999.99  0
2005 147 22 2345 51 52  60  27   2.8   2.7   5.3 121.9  -1.4   2.3   0.2   2.1   1.0   0.1   0.7   0.5   0.2   0.4   15111.   8.6  286.  -1.8  -4.3 0.018    1303.   0.5    2.   0.4   0.7 0.002  1.26  -0.29   6.55  15.0  5.8 0.0053  0  64     3   0  98.1   47   -20    27  -0.6 0.006824 999999.99 99999.99 99999.99 99999.99 99999.99 99999.99  0
2005 147 23 2345 51 52  58  25   2.9   2.9  -9.3 121.7  -1.5   2.4  -0.5   2.4   0.4   0.1   0.7   0.3   0.3   0.5   15655.   8.2  284.  -2.0  -3.7 0.017    1302.   0.4    1.   0.3   0.5 0.002  1.18  -0.11   5.84  14.0  5.7 0.0060  0  64     1   0  98.1   39   -17    21  -0.5 0.006824      0.58     0.26     0.14     0.10     0.09 99999.99 -1
2005 148  0 2345 51 52  59  30   2.8   2.8 -10.3 123.6  -1.5   2.3  -0.5   2.3   0.3   0.1   0.4   0.3   0.1   0.2   15295.   7.8  281.  -1.8  -3.6 0.016    1091.   0.4    2.   0.2   0.4 0.001  1.09  -0.08   5.95  14.0  5.7 0.0061  3  54     1   2  95.1   53   -30    23  -0.2 0.006866      0.69     0.33     0.22     0.16     0.14     0.13 -1
2005 148  1 2345 51 52  60  30   2.8   2.7 -12.8 134.2  -1.9   1.9  -0.6   2.0   0.0   0.1   0.3   0.2   0.2   0.2   14745.   7.8  279.  -1.7  -3.7 0.016    1223.   0.4    1.   0.2   0.5 0.001  1.08  -0.00   5.92  13.9  5.6 0.0061  3  54     2   2  95.1   46   -29    17   0.0 0.006866      0.68     0.32     0.19     0.14     0.12     0.12 -1
2005 148  2 2345 51 52  60  26   2.7   2.7   4.2 118.4  -1.3   2.3   0.2   2.2   0.8   0.1   0.6   0.2   0.2   0.5   13575.   7.8  279.  -1.7  -4.4 0.017    1406.   0.5    1.   0.2   0.7 0.002  1.08  -0.22   6.32  14.4  5.7 0.0057  3  54     4   2  95.1   62   -42    21   0.1 0.006866      0.78     0.38     0.25     0.18     0.16     0.14 -1
2005 148  3 2345 51 52  59  28   2.7   2.6  11.5 121.4  -1.3   2.2   0.5   2.0   1.0   0.1   0.9   0.6   0.6   0.3   14539.   8.5  279.  -1.6  -4.8 0.016    1564.   0.4    2.   0.5   0.3 0.002  1.18  -0.28   6.93  15.1  5.7 0.0052 20  54     4   7  95.1   64   -47    17   0.2 0.006866      0.90     0.38     0.23     0.18     0.15     0.14 -1
2005 148  4 2345 51 52  70  36   3.3   2.9  19.9 147.6  -2.3   1.5   1.0   1.3   1.3   1.2   1.8   0.5   1.6   0.7   16357.  11.5  282.  -1.3  -6.2 0.017    4219.   4.2   14.   1.1   1.4 0.003  1.63  -0.37   6.36  14.5  5.7 0.0057 20  54    11   7  95.1   74   -44    30   0.2 0.006866      0.93     0.36     0.23     0.17     0.15     0.14 -1
2005 148  5 2345 51 52  60  27   6.6   6.2  -2.9  97.1  -0.8   6.2  -0.3   6.2   0.5   0.7   2.3   1.5   1.0   1.5   23528.  22.3  316.  -3.4  -9.4 0.021    3141.   3.7    7.   0.4   1.1 0.003  4.03  -0.16   3.23  11.3  5.8 0.0093 20  54    23   7  95.1   99   -46    53   1.3 0.006866      0.84     0.36     0.24     0.18     0.16     0.13 -1
2005 148  6 2345 51 52  63  15   6.7   5.4  15.3 130.2  -3.4   4.0   1.4   3.9   1.7   0.9   3.9   0.9   3.6   1.4   25229.  29.3  313.  -3.9  -9.6 0.017    1860.   6.9    4.   0.7   0.5 0.001  5.12  -0.53   4.17  12.6  5.9 0.0074 13  54    29   5  95.1   91   -31    59   1.9 0.006866 999999.99 99999.99 99999.99 99999.99 99999.99 99999.99  0
2005 148  7 2345 51 52  64  32   6.6   5.2  32.9 158.8  -4.1   1.6   2.8   1.5   2.9   2.0   4.4   2.3   2.8   2.5   27487.  53.1  338.  -3.9  -8.0 0.010    5711.   4.3    6.   0.4   1.0 0.004 10.54  -0.98   7.90  18.7  6.7 0.0034 13  54    39   5  95.1   98   -23    75   1.1 0.006866 999999.99 99999.99 99999.99 99999.99 99999.99 99999.99  0
2005 148  8 2345 51 52  60  25   7.3   4.8 -14.6 323.9   3.7  -2.7  -1.2  -2.7  -1.2   1.5   5.7   3.8   3.6   2.3   31842.  45.9  341.  -5.9  -6.7 0.006    5941.   7.9    5.   1.1   1.4 0.005  9.13   0.41   5.74  15.8  6.5 0.0048 13  54    36   5  95.1  140   -25   115   1.1 0.006866 999999.99 99999.99 99999.99 99999.99 99999.99 99999.99  0
2005 148  9 2345 51 52  63  29   7.8   5.7  23.3 279.8   0.9  -5.2   2.3  -5.2   2.4   1.6   5.3   3.6   3.2   2.2   51451.  34.0  340.  -5.8  -5.8 0.010   20159.   7.5    5.   1.1   1.2 0.006  6.83  -0.82   4.18  12.7  5.9 0.0074 17  54    28   6  95.1  132   -41    91   0.2 0.006866 999999.99 99999.99 99999.99 99999.99 99999.99 99999.99  0
2005 148 10 2345 51 52  64  28   9.9   8.3  39.1 186.6  -6.4  -0.7   5.3  -0.6   5.3   0.8   5.3   2.7   4.3   1.5   84836.  20.8  363.  -3.7  -3.2 0.025   21922.   5.4    9.   1.1   1.8 0.007  5.03  -1.92   1.88   8.4  5.2 0.0170 17  54    24   6  95.1  100   -47    53   0.1 0.006866 999999.99 99999.99 99999.99 99999.99 99999.99 99999.99  0
2005 148 11 2345 51 52  61  34  11.2  10.4  42.6 229.8  -4.9  -5.8   7.0  -5.6   7.1   0.5   4.2   2.2   2.7   2.2   76932.  20.7  381.  -2.5  -1.1 0.026   13914.   3.1    8.   1.0   1.8 0.006  5.54  -2.71   1.41   7.7  5.2 0.0199 17  54    26   6  95.1   70   -31    39   0.1 0.006866 999999.99 99999.99 99999.99 99999.99 99999.99 99999.99  0
2005 148 12 2345 51 52  61  35  10.2   9.7  37.5 232.4  -4.7  -6.1   5.9  -6.0   6.0   1.2   3.5   1.9   2.6   1.5   86188.  17.7  379.  -3.4   0.3 0.027   40320.   4.3    6.   1.4   1.7 0.011  4.70  -2.27   1.52   7.8  5.1 0.0195 17  54    21   6  95.1   67   -30    37  -0.7 0.006866 999999.99 99999.99 99999.99 99999.99 99999.99 99999.99  0
2005 148 13 2345 51 52  64  35  10.4   9.0  34.4 229.8  -4.8  -5.7   5.1  -5.8   5.0   1.0   5.0   3.6   1.8   3.0   89024.  15.5  393.  -0.2   2.4 0.018   68503.   3.8    6.   1.8   1.6 0.008  4.29  -1.97   1.30   7.4  5.1 0.0215 17  54    21   6  95.1  102   -42    59  -0.2 0.006866 999999.99 99999.99 99999.99 99999.99 99999.99 99999.99  0
2005 148 14 2345 51 52  59  33   9.9   9.6  15.3 287.6   2.8  -8.9   2.5  -9.0   2.0   0.5   2.2   1.6   0.6   1.4  187050.  11.0  401.   4.0   2.6 0.039   34948.   2.3    6.   1.5   1.6 0.006  3.41  -0.80   1.47   6.7  4.5 0.0264 17  54    17   6  95.1  121   -50    71   1.9 0.006866 999999.99 99999.99 99999.99 99999.99 99999.99 99999.99  0
2005 148 15 2345 51 52  63  38  12.3  11.9 -19.8 312.4   7.5  -8.2  -4.0  -7.8  -4.8   1.1   3.3   1.6   1.9   2.2  219877.   8.7  414.   4.9   2.5 0.056   46190.   2.4   14.   1.3   3.2 0.022  3.05   1.99   0.83   5.0  3.8 0.0483 37  54    15  22  95.1  262  -173    89   3.6 0.006866 999999.99 99999.99 99999.99 99999.99 99999.99 99999.99  0
2005 148 16 2345 51 52  63  37  12.5  10.8 -33.5 312.0   6.0  -6.7  -6.0  -5.7  -6.9   0.9   6.1   2.9   4.5   2.9  266009.   7.5  441.   6.6   6.0 0.068   55735.   1.7   15.   2.2   2.1 0.018  3.10   3.04   0.79   4.8  3.7 0.0510 37  54     1  22  95.1  430  -272   158   3.5 0.006866 999999.99 99999.99 99999.99 99999.99 99999.99 99999.99  0
2005 148 17 2345 51 52  60  32  11.7  10.5 -24.8 307.4   5.8  -7.5  -4.4  -6.4  -5.8   0.8   4.8   2.5   2.3   3.4  278255.   8.5  449.   9.4   4.9 0.062   62097.   1.6   12.   1.3   2.9 0.022  3.57   2.60   1.05   5.6  4.0 0.0380 37  54   -11  22  95.1  572  -388   184   2.6 0.006866 999999.99 99999.99 99999.99 99999.99 99999.99 99999.99  0
2005 148 18 2345 51 52  60  29  12.7  11.5 -11.7 307.2   6.8  -9.0  -2.3  -8.1  -4.5   0.4   4.8   2.4   1.8   3.8  267222.   6.6  451.   8.7   4.9 0.081   69375.   1.1   16.   1.9   4.1 0.028  2.97   2.03   0.67   4.6  3.6 0.0572 40  54   -20  27  95.1  707  -429   278   2.3 0.006866 999999.99 99999.99 99999.99 99999.99 99999.99 99999.99  0
2005 148 19 2345 51 52  59  30  12.6  11.1 -23.5 310.7   6.6  -7.7  -4.4  -6.1  -6.5   0.5   5.7   2.2   3.5   3.9  230602.   6.2  447.  11.7   1.3 0.083   50670.   1.0   17.   3.9   3.1 0.015  2.76   2.91   0.58   4.4  3.6 0.0610 40  54   -30  27  95.1  754  -471   283   3.1 0.006866 999999.99 99999.99 99999.99 99999.99 99999.99 99999.99  0
2005 148 20 2345 51 52  57  28  11.4  10.6  -3.0 322.1   8.4  -6.5  -0.6  -6.0  -2.7   0.2   3.8   1.6   2.3   2.6  209050.   5.2  432.  12.2   3.7 0.079   51072.   0.8   10.   3.2   3.6 0.037  2.13   1.17   0.56   4.3  3.5 0.0637 40  54   -33  27  95.1  917  -610   308   4.1 0.006866 999999.99 99999.99 99999.99 99999.99 99999.99 99999.99  0
2005 148 21 2345 51 52  61  35  11.1  10.1 -11.2 305.4   5.7  -8.1  -2.0  -6.9  -4.7   0.2   4.2   2.4   1.4   3.1  213069.   6.0  442.  11.4   2.0 0.075   89925.   1.1   16.   1.6   3.2 0.012  2.54   2.08   0.69   4.9  3.9 0.0500 33  54   -33  18  95.1  396  -199   197   1.6 0.006866 999999.99 99999.99 99999.99 99999.99 99999.99 99999.99  0
2005 148 22 2345 51 52  63  39  11.4  10.8  11.1 310.3   6.9  -8.1   2.1  -8.3  -0.8   0.2   3.3   1.2   1.0   2.9  191393.   6.5  445.  11.5   4.8 0.058   60513.   1.0    9.   1.1   2.2 0.026  2.65   0.36   0.67   5.0  4.0 0.0480 33  54   -24  18  95.1  208   -91   118   0.9 0.006866 999999.99 99999.99 99999.99 99999.99 99999.99 99999.99  0
2005 148 23 2345 51 52  59  34  12.1  11.9   0.4 300.8   6.1 -10.2   0.1  -9.6  -3.4   0.2   2.2   1.1   0.7   1.8  134207.   5.2  437.   9.0   4.2 0.045   27381.   0.9    5.   0.9   1.3 0.015  1.96   1.49   0.39   4.1  3.6 0.0701 33  54   -21  18  95.1  373  -204   170   1.5 0.006866 999999.99 99999.99 99999.99 99999.99 99999.99 99999.99  0
2005 149  0 2345 51 52  57  33  12.3  11.5  12.2 306.1   6.6  -9.1   2.4  -9.4  -0.7   0.8   4.4   1.1   2.5   3.4  130076.   5.4  422.   8.3   5.6 0.061   33989.   2.1   10.   1.3   2.1 0.021  2.00   0.30   0.38   4.0  3.5 0.0748 30  62   -25  15  95.3  529  -322   207   2.9 0.006908 999999.99 99999.99 99999.99 99999.99 99999.99 99999.99  0
2005 149  1 2345 51 52  58  32  11.0  10.2   1.8 303.8   5.7  -8.5   0.3  -8.2  -2.2   0.2   3.9   1.5   1.1   3.4  133397.   7.8  407.   6.4   3.1 0.091   33934.   1.6   11.   1.1   2.3 0.024  2.94   0.90   0.70   5.2  4.1 0.0446 30  62   -25  15  95.3  444  -230   214   2.7 0.006908 999999.99 99999.99 99999.99 99999.99 99999.99 99999.99  0
2005 149  2 2345 51 52  58  33  10.4   9.5   2.9 298.9   4.6  -8.3   0.5  -8.1  -1.7   0.4   4.1   0.8   1.3   3.7  116009.   8.4  406.   5.7   3.4 0.084   40729.   1.6    6.   1.2   2.4 0.019  3.09   0.69   0.79   5.7  4.4 0.0372 30  62   -23  15  95.3  408  -186   222   2.6 0.006908 999999.99 99999.99 99999.99 99999.99 99999.99 99999.99  0
2005 149  3 2345 51 52  60  33  10.1   9.7 -14.7 303.8   5.2  -7.8  -2.5  -7.1  -4.1   0.3   2.5   1.4   1.3   1.6   89877.   7.9  400.   5.6   2.6 0.084   24733.   1.3    8.   1.0   1.7 0.015  2.82   1.64   0.70   5.6  4.4 0.0384 30  62   -21  15  95.3  350  -157   192   2.2 0.006908 999999.99 99999.99 99999.99 99999.99 99999.99 99999.99  0
2005 149  4 2345 51 52  56  30  10.0   9.7 -16.8 311.2   6.1  -7.0  -2.8  -6.4  -4.0   0.4   2.4   1.2   1.0   1.8   66333.   6.9  383.   6.2   2.2 0.068   18307.   1.2    6.   1.0   1.6 0.019  2.15   1.53   0.56   5.0  4.1 0.0470 30  62   -21  15  95.3  526  -343   183   3.4 0.006908 999999.99 99999.99 99999.99 99999.99 99999.99 99999.99  0
2005 149  5 2345 51 52  59  35  10.4  10.3 -11.4 314.0   7.0  -7.3  -2.0  -7.0  -2.9   0.3   1.2   0.4   0.5   1.1   35098.   7.2  373.   4.9   3.8 0.036   11942.   2.2    4.   0.6   1.3 0.013  1.91   1.08   0.45   4.8  4.1 0.0514 30  62   -30  15  95.3  456  -258   198   3.1 0.006908 999999.99 99999.99 99999.99 99999.99 99999.99 99999.99  0
2005 149  6 2345 51 52  63  36  10.7  10.6 -24.9 312.8   6.5  -7.0  -4.4  -6.6  -4.9   0.3   1.4   0.6   0.5   1.2   34345.   7.4  380.   5.0   2.5 0.027    8590.   2.2    6.   0.6   1.5 0.008  1.98   1.86   0.44   4.8  4.1 0.0510 30  62   -27  15  95.3  572  -317   254   2.7 0.006908 999999.99 99999.99 99999.99 99999.99 99999.99 99999.99  0
2005 149  7 2345 51 52  58  30   9.7   6.9 -11.0 308.6   4.2  -5.3  -1.3  -5.2  -1.5   1.0   6.9   3.8   3.3   4.7   38119.   9.8  383.   4.6   1.7 0.029   17827.   2.3    8.   1.6   1.7 0.010  2.68   0.57   0.72   6.2  4.9 0.0311 30  62   -26  15  95.3  623  -350   273   3.4 0.006908 999999.99 99999.99 99999.99 99999.99 99999.99 99999.99  0
2005 149  8 2345 51 52  59  29  11.3  11.3  62.5 141.5  -4.1   3.3  10.0   3.2  10.0   0.2   0.6   0.3   0.4   0.3   13279.   5.3  367.   1.8   2.8 0.015    3548.   1.5    2.   0.6   0.7 0.005  1.26  -3.67   0.24   3.7  3.4 0.0851 30  62   -32  15  95.3  374  -142   232   1.8 0.006908 999999.99 99999.99 99999.99 99999.99 99999.99 99999.99  0
2005 149  9 2345 51 52  60  30  11.1  11.0  57.1 138.2  -4.4   4.0   9.2   4.2   9.1   0.2   1.4   0.3   1.1   0.9   23262.   6.3  373.   1.6   2.8 0.015   38920.   1.5   21.   1.0   1.2 0.006  1.55  -3.39   0.32   4.2  3.7 0.0669 30  62   -24  15  95.3   81   -31    51   1.5 0.006908 999999.99 99999.99 99999.99 99999.99 99999.99 99999.99  0
2005 149 10 2345 51 52  79  40  18.5  17.7  84.0 174.5  -1.8   0.2  17.6   0.7  17.6   3.8   6.5   1.9   3.6   5.1   41536.   6.0  450.   0.6  -0.9 0.024   24107.   1.0   43.   1.9   1.7 0.006  2.22  -7.92   0.12   3.0  2.8 0.1340 30  62   -11  15  95.3  113   -45    68   2.4 0.006908 999999.99 99999.99 99999.99 99999.99 99999.99 99999.99  0
2005 149 11 2345 51 52  58  25  17.2  17.0  74.1 282.9   1.0  -4.5  16.3  -4.0  16.4   0.6   2.6   1.2   2.0   1.1   53087.   4.6  511.   3.2  -0.6 0.035   26287.   0.9    5.   1.2   0.6 0.006  2.29  -8.38   0.12   3.2  3.0 0.1172 30  62   -10  15  95.3   79   -29    50  -0.7 0.006908 999999.99 99999.99 99999.99 99999.99 99999.99 99999.99  0
2005 149 12 2345 51 52  62  35  16.0  15.9  72.4 284.2   1.2  -4.6  15.1  -4.3  15.2   0.3   1.8   0.9   1.4   0.6   42531.   4.4  504.   3.9   1.2 0.054   13090.   0.7    7.   0.7   1.0 0.015  2.27  -7.66   0.12   3.3  3.1 0.1090 13  62    -9   5  95.3   48   -15    33  -2.1 0.006908 999999.99 99999.99 99999.99 99999.99 99999.99 99999.99  0
2005 149 13 2345 51 52  59  28  15.3  15.2  55.3 289.2   2.8  -8.2  12.5  -8.3  12.4   0.3   1.5   0.7   1.0   0.9   38706.   5.8  518.   5.6   3.2 0.045   20127.   0.9    5.   0.7   0.9 0.020  3.07  -6.42   0.17   4.1  3.8 0.0716 13  62    -4   5  95.3   52   -22    30  -2.1 0.006908 999999.99 99999.99 99999.99 99999.99 99999.99 99999.99  0
2005 149 14 2345 51 52  60  31  13.6  13.5  53.5 282.1   1.7  -7.8  10.8  -8.3  10.4   0.3   1.7   1.0   1.1   0.7   46607.   8.7  510.   5.0   3.5 0.064    9764.   1.4    6.   0.7   0.5 0.013  4.75  -5.30   0.34   5.5  4.9 0.0389 13  62     4   5  95.3   81   -39    43   1.4 0.006908 999999.99 99999.99 99999.99 99999.99 99999.99 99999.99  0
2005 149 15 2345 51 52  62  23  13.9  13.2  32.1 294.6   4.7 -10.2   7.0 -10.8   6.0   1.6   4.3   2.1   2.8   2.5   89781.   7.2  491.   3.2   2.4 0.070   34561.   2.0   17.   2.4   1.1 0.022  3.71  -2.95   0.34   4.7  4.2 0.0530 30  62    10  15  95.3   95   -50    45   2.9 0.006908 999999.99 99999.99 99999.99 99999.99 99999.99 99999.99  0
2005 149 16 2345 51 52  59  27  17.2  16.6  22.8 281.2   3.0 -15.0   6.4 -15.8   4.2   0.5   3.5   2.0   1.3   2.5  121579.   9.6  523.   0.3   2.7 0.073   33716.   2.2   14.   1.3   2.4 0.022  5.67  -2.20   0.34   4.7  4.1 0.0536 30  62     7  15  95.3  270  -173    97   5.5 0.006908 999999.99 99999.99 99999.99 99999.99 99999.99 99999.99  0
2005 149 17 2345 51 52  62  31  17.3  15.9  47.4 280.3   1.9 -10.6  11.7 -12.7   9.4   0.5   6.6   1.6   5.1   3.9  210369.  11.1  534.   2.8   5.4 0.061   56199.   2.5    9.   2.0   1.7 0.015  6.58  -5.02   0.52   5.1  4.3 0.0450 30  62     4  15  95.3  288  -164   124   4.6 0.006908 999999.99 99999.99 99999.99 99999.99 99999.99 99999.99  0
2005 149 18 2345 51 52  60  23  18.0  15.0  34.7 275.6   1.2 -12.3   8.6 -14.0   5.3   0.6   9.6   1.7   7.5   5.8  196737.  14.7  539.  -0.8   4.7 0.018   59752.   2.4    6.   2.3   2.1 0.005  7.65  -2.86   0.61   5.7  4.6 0.0361 30  62     4  15  95.3  275  -122   153   4.1 0.006908 999999.99 99999.99 99999.99 99999.99 99999.99 99999.99  0
2005 149 19 2345 51 52  61  16  18.4  17.7  37.9 266.8  -0.8 -13.9  10.8 -16.4   6.3   0.6   5.1   2.4   1.7   4.2  145555.  10.1  542.  -1.6   4.7 0.014   39785.   2.5    8.   0.9   2.4 0.006  5.23  -3.41   0.34   4.7  4.1 0.0543 30  62    -3  15  95.3  384  -162   223   5.4 0.006908 999999.99 99999.99 99999.99 99999.99 99999.99 99999.99  0
2005 149 20 2345 51 52  58  25  19.3  19.2  42.3 263.7  -1.6 -14.1  12.9 -17.5   7.7   0.5   1.4   0.9   0.8   0.7  103254.   8.2  534.  -1.2   2.1 0.014   31643.   2.0    6.   0.6   1.6 0.002  4.12  -4.11   0.21   4.0  3.6 0.0758 30  62     0  15  95.3  365  -171   194   3.5 0.006908 999999.99 99999.99 99999.99 99999.99 99999.99 99999.99  0
2005 149 21 2345 51 52  61  19  18.2  18.1  42.5 272.6   0.6 -13.3  12.2 -16.6   7.0   0.9   2.7   2.0   1.3   1.3  138858.  12.6  529.  -2.3   0.4 0.017   26628.   4.5    7.   1.4   1.8 0.006  6.29  -3.70   0.42   5.2  4.4 0.0447 57  62    19  67  95.3  299  -151   148   2.6 0.006908 999999.99 99999.99 99999.99 99999.99 99999.99 99999.99  0
2005 149 22 2345 51 52  59  28  18.5  15.4  11.3 284.7   3.8 -14.6   3.0 -14.7  -2.2   1.0  10.4   6.7   3.5   7.1  124410.  21.8  530.  -3.7  -1.5 0.025   37742.   5.1    5.   1.1   1.6 0.007 11.25   1.17   0.67   6.7  5.3 0.0266 57  62    23  67  95.3  528  -285   243   4.3 0.006908 999999.99 99999.99 99999.99 99999.99 99999.99 99999.99  0
2005 149 23 2345 51 52  58  28  18.0  16.4 -12.1 262.1  -2.2 -15.9  -3.4 -13.8  -8.5   0.8   7.3   3.0   3.1   6.0  131663.  13.5  519.  -4.4   0.7 0.026   51922.   4.0   16.   1.0   2.4 0.007  6.70   4.41   0.45   5.3  4.5 0.0424 57  62   -26  67  95.3  541  -362   179   3.2 0.006908 999999.99 99999.99 99999.99 99999.99 99999.99 99999.99  0
2005 150  0 2345 51 52  60  24  17.6  17.6  21.6 270.8   0.2 -16.3   6.5 -17.5   1.0   0.3   1.4   0.8   0.3   1.1  160413.   9.4  510.  -5.3   0.1 0.013   58111.   2.1    5.   0.9   1.6 0.004  4.30  -0.51   0.36   4.4  3.9 0.0603 40  67   -42  27  97.5  584  -408   176   2.4 0.007009 999999.99 99999.99 99999.99 99999.99 99999.99 99999.99  0
2005 150  1 2345 51 52  60  29  17.4  17.1  32.2 273.6   0.9 -14.5   9.1 -16.5   4.5   0.2   3.0   1.0   1.6   2.3  136100.   8.6  506.  -4.5   1.1 0.015   23195.   1.5    5.   0.8   1.7 0.004  3.90  -2.28   0.31   4.3  3.8 0.0654 40  67   -37  27  97.5  478  -295   183   1.8 0.007009 999999.99 99999.99 99999.99 99999.99 99999.99 99999.99  0
2005 150  2 2345 51 52  60  13  18.7  18.6   7.5 272.5   0.8 -18.4   2.4 -18.4  -2.4   0.2   1.9   0.5   0.3   1.8   31720.   4.1  500.  -2.0  -4.5 0.026   26414.   1.3    2.   0.9   1.5 0.006  1.89   1.20   0.08   2.7  2.6 0.1623 40  67   -30  27  97.5  457  -241   216   4.3 0.007009 999999.99 99999.99 99999.99 99999.99 99999.99 99999.99  0
2005 150  3 2345 51 52  58  29  18.7  18.5  20.7 275.7   1.7 -17.2   6.6 -18.2   2.8   0.2   2.1   0.6   0.8   1.9   22058.   2.6  493.  -1.1  -0.5 0.037    8043.   1.3    7.   1.5   3.0 0.013  1.21  -1.38   0.05   2.1  2.1 0.2633 33  67   -29  18  97.5  367  -207   159   4.1 0.007009 999999.99 99999.99 99999.99 99999.99 99999.99 99999.99  0
2005 150  4 2345 51 52  60  32  18.6  18.3  28.4 275.1   1.4 -16.0   8.7 -17.2   5.9   0.2   3.3   0.6   1.2   3.1   36346.   2.1  494.   3.7   2.3 0.032   18173.   0.7    6.   1.9   2.4 0.015  0.97  -2.91   0.04   1.9  1.9 0.3212 33  67   -31  18  97.5  189   -39   149   1.8 0.007009 999999.99 99999.99 99999.99 99999.99 99999.99 99999.99  0
2005 150  5 2345 51 52  58  28  18.4  18.1  24.6 275.5   1.6 -16.4   7.5 -17.2   5.5   0.1   3.0   1.1   1.0   2.7   25564.   3.2  487.   4.0   2.6 0.037   12903.   1.5    8.   1.1   2.4 0.013  1.46  -2.68   0.06   2.4  2.3 0.2122 33  67   -22  18  97.5  106   -24    82   0.8 0.007009 999999.99 99999.99 99999.99 99999.99 99999.99 99999.99  0
2005 150  6 2345 51 52  59  23  17.3  15.5 -17.8 279.5   2.4 -14.5  -4.7 -14.1  -5.8   0.4   7.8   1.0   4.2   6.5   12126.   7.6  474.  -0.6   2.2 0.074    3438.   2.3    7.   5.1   2.6 0.036  3.70   2.75   0.15   3.8  3.6 0.0834 63  67   -18  94  97.5  404  -195   209   4.3 0.007009 999999.99 99999.99 99999.99 99999.99 99999.99 99999.99  0
2005 150  7 2345 51 52  60  29  16.9  16.9 -69.0 290.0   2.1  -5.7 -15.7  -5.2 -15.9   0.2   1.6   0.8   1.3   0.6   35105.   7.2  466.  -3.8   3.2 0.049   19171.   1.5    3.   2.5   1.2 0.016  3.12   7.41   0.17   3.7  3.5 0.0869 63  67   -36  94  97.5 1129  -850   280  10.8 0.007009 999999.99 99999.99 99999.99 99999.99 99999.99 99999.99  0
2005 150  8 2345 51 52  59  28  17.0  16.8 -68.7 278.0   0.8  -6.0 -15.6  -6.0 -15.6   0.2   2.5   1.1   2.1   0.8   82368.   6.1  464.  -0.7   1.7 0.044   29648.   1.1    8.   0.6   1.1 0.009  2.58   7.24   0.19   3.4  3.1 0.1047 63  67   -60  94  97.5 1197 -1082   115  12.1 0.007009      0.26     0.17     0.16     0.15     0.14     0.12 -1
2005 150  9 2345 51 52  61  33  16.8  16.7 -66.2 265.5  -0.5  -6.7 -15.3  -7.1 -15.1   0.2   2.0   1.5   1.2   0.4   83269.   5.5  475.   0.4   1.4 0.043   26481.   1.0   14.   1.0   1.2 0.008  2.43   7.17   0.17   3.3  3.1 0.1082 63  67   -78  94  97.5 1053  -936   118   9.8 0.007009      0.24     0.16     0.15     0.14     0.13     0.13 -1
2005 150 10 2345 51 52  57  31  16.1  15.8 -67.8 274.9   0.5  -6.0 -14.6  -6.5 -14.4   0.6   3.3   2.0   2.4   1.0   83631.   8.0  460.   1.9   1.4 0.041   22498.   1.8    7.   1.1   1.1 0.013  3.29   6.62   0.27   4.0  3.6 0.0729 63  67   -94  94  97.5 1105  -960   145   8.3 0.007009      0.24     0.14     0.14     0.14     0.13     0.13 -1
2005 150 11 2345 51 52  59  28  15.2  15.1 -62.8 274.0   0.5  -6.9 -13.4  -7.4 -13.1   0.3   1.9   0.7   1.4   0.9   82981.  10.7  453.   3.1   1.1 0.042   19182.   2.0    4.   1.2   0.6 0.007  4.28   5.93   0.41   4.9  4.2 0.0501 63  67  -107  94  97.5 1037  -923   115   6.9 0.007009      0.29     0.17     0.16     0.14     0.13     0.13 -1
2005 150 12 2345 51 52  60  31  15.3  15.0 -53.5 258.1  -1.9  -8.7 -12.1  -9.0 -11.9   0.2   2.7   1.2   2.0   1.4   70928.   8.1  447.   1.4  -0.1 0.053   17564.   1.5    4.   0.7   1.5 0.014  3.28   5.32   0.29   4.2  3.7 0.0688 73  67  -111 154  97.5  973  -802   170   6.4 0.007009      0.36     0.22     0.19     0.18     0.17     0.15 -1
2005 150 13 2345 51 52  61  35  15.4  15.4 -52.4 251.7  -3.0  -8.9 -12.2  -8.9 -12.2   0.1   0.8   0.7   0.3   0.3   39144.   8.5  452.  -0.7  -1.4 0.053   12692.   1.3    3.   0.4   0.9 0.010  3.51   5.51   0.25   4.3  3.9 0.0650 73  67  -113 154  97.5 1105  -810   296   6.0 0.007009      0.23     0.16     0.15     0.15     0.14     0.13 -1
2005 150 14 2345 51 52  61  29  15.4  15.4 -53.1 242.9  -4.2  -8.2 -12.3  -7.7 -12.6   0.2   0.9   0.5   0.6   0.3   53567.   6.5  455.  -2.2  -1.3 0.054    9974.   1.9    5.   0.7   1.2 0.021  2.73   5.73   0.21   3.8  3.5 0.0838 73  67  -105 154  97.5 1043  -746   297   5.6 0.007009      0.18     0.17     0.16     0.15     0.14     0.13 -1
2005 150 15 2345 51 52  59  29  15.8  15.7 -61.8 252.3  -2.3  -7.1 -13.8  -5.9 -14.4   0.3   2.4   2.2   0.6   0.8   50010.   9.4  460.  -3.4  -0.9 0.058   17480.   1.7    3.   0.3   1.0 0.015  4.09   6.62   0.28   4.5  4.0 0.0597 77  67   -91 179  97.5 1357  -972   385   7.0 0.007009      0.16     0.14     0.13     0.12     0.12     0.12 -1
2005 150 16 2345 51 52  61  30  16.4  13.9 -56.1 227.9  -5.2  -5.8 -11.5  -4.2 -12.2   0.3   8.6   6.3   0.9   5.7   43418.  10.0  454.  -3.7  -1.8 0.065   16023.   1.8    3.   0.5   1.6 0.011  4.34   5.54   0.27   4.4  3.9 0.0621 77  67   -86 179  97.5 1004  -585   419   5.4 0.007009      0.21     0.16     0.16     0.14     0.13     0.12 -1
2005 150 17 2345 51 52  60  36  15.8  15.4 -24.7 191.8 -13.7  -2.9  -6.4  -1.6  -6.8   0.4   3.3   1.3   2.1   2.3   50340.  11.4  465.  -3.5  -1.7 0.060   10880.   1.2    3.   0.5   1.0 0.016  5.10   3.16   0.34   5.0  4.4 0.0482 77  67   -96 179  97.5 1095  -807   289   4.7 0.007009      0.24     0.19     0.19     0.18     0.16     0.14 -1
2005 150 18 2345 51 52  59  28  14.5  14.2 -55.1 187.7  -8.0  -1.1 -11.6   1.7 -11.5   0.3   2.7   1.6   1.9   1.1   46464.  10.6  464.  -2.9  -3.3 0.087   10934.   1.7    4.   1.0   2.4 0.024  5.14   5.34   0.37   5.2  4.5 0.0438 67  67  -102 111  97.5 1010  -645   366   4.9 0.007009 999999.99 99999.99 99999.99 99999.99 99999.99 99999.99  0
2005 150 19 2345 51 52  60  25  14.3  12.8 -46.1 138.9  -6.7   5.8  -9.3   8.2  -7.3   0.3   6.2   1.0   3.7   4.9   42911.   8.5  459.  -0.5  -4.3 0.106   10864.   1.4    6.   1.1   1.7 0.023  4.26   3.35   0.30   4.7  4.2 0.0543 67  67  -108 111  97.5  954  -535   419   4.6 0.007009 999999.99 99999.99 99999.99 99999.99 99999.99 99999.99  0
2005 150 20 2345 51 52  58  28  13.5  13.1 -51.8 124.4  -4.6   6.7 -10.3   9.6  -7.7   0.3   3.1   2.4   1.2   1.6   18570.   7.4  451.   1.5  -2.8 0.121    7103.   1.2    9.   1.0   1.1 0.026  3.73   3.47   0.25   4.5  4.1 0.0576 67  67   -99 111  97.5  701  -424   277   3.9 0.007009 999999.99 99999.99 99999.99 99999.99 99999.99 99999.99  0
2005 150 21 2345 51 52  61  26  13.2  12.6 -40.2 102.1  -2.0   9.4  -8.2  11.6  -4.6   0.4   3.8   0.5   2.5   2.8   21366.   7.1  438.   2.7  -2.5 0.089    4822.   0.6    4.   1.0   1.1 0.022  3.08   2.01   0.25   4.4  4.0 0.0609 47  67   -95  39  97.5  790  -462   329   3.9 0.007009 999999.99 99999.99 99999.99 99999.99 99999.99 99999.99  0
2005 150 22 2345 51 52  62  32   9.9   9.6  -6.2 111.9  -3.6   8.9  -1.0   8.7   2.0   0.9   2.4   1.2   0.9   1.9   22853.   4.2  459.   3.8  -2.2 0.104    7172.   1.4    6.   1.0   1.3 0.021  2.09  -0.92   0.27   4.8  4.3 0.0527 47  67   -85  39  97.5  296  -227    69   1.7 0.007009 999999.99 99999.99 99999.99 99999.99 99999.99 99999.99  0
2005 150 23 2345 51 52  62  35   8.6   8.2 -25.9 100.0  -1.3   7.2  -3.6   8.0  -1.0   0.4   2.6   1.6   1.1   1.7   49296.   3.4  478.   2.8   0.6 0.077   27364.   0.7    9.   0.7   1.3 0.026  1.70   0.48   0.34   5.1  4.5 0.0453 47  67   -76  39  97.5  250  -157    93   1.6 0.007009 999999.99 99999.99 99999.99 99999.99 99999.99 99999.99  0
2005 151  0 2345 51 52  62  28   6.6   6.2 -54.1  44.0   2.6   2.5  -5.0   3.9  -4.0   0.6   2.3   0.7   2.1   0.6  127029.   3.9  491.   1.8   3.7 0.054   31002.   0.7    9.   0.9   1.2 0.022  1.91   1.96   0.95   7.3  5.4 0.0220 33  84   -72  18  99.0  511  -315   196   3.2 0.007059 999999.99 99999.99 99999.99 99999.99 99999.99 99999.99  0
2005 151  1 2345 51 52  57  32   6.4   6.3 -50.8 342.3   3.8  -1.2  -4.8   0.2  -4.9   0.3   1.2   0.5   1.0   0.4  133718.   3.3  491.   1.9   2.5 0.033   30478.   0.7    9.   1.0   1.3 0.010  1.50   2.41   0.88   7.0  5.3 0.0245 33  84   -73  18  99.0  594  -398   196   4.2 0.007059 999999.99 99999.99 99999.99 99999.99 99999.99 99999.99  0
2005 151  2 2345 51 52  61  31   6.4   6.3 -40.6 341.9   4.5  -1.5  -4.1  -0.4  -4.3   0.2   1.2   0.4   0.7   0.8  134268.   2.6  479.   1.8   1.3 0.033   25707.   0.5    8.   0.6   1.1 0.008  1.13   2.06   0.69   6.0  4.8 0.0327 33  84   -78  18  99.0  690  -481   210   4.0 0.007059 999999.99 99999.99 99999.99 99999.99 99999.99 99999.99  0
2005 151  3 2345 51 52  60  32   5.9   5.7 -10.1 330.6   4.9  -2.8  -1.0  -2.5  -1.6   0.4   1.5   0.5   0.4   1.4   97958.   3.4  485.   3.0  -0.0 0.037   57950.   0.6    5.   0.9   1.0 0.009  1.53   0.78   0.92   7.6  5.7 0.0207 37  84   -77  22  99.0  783  -573   209   4.7 0.007059 999999.99 99999.99 99999.99 99999.99 99999.99 99999.99  0
2005 151  4 2345 51 52  59  28   6.2   6.2 -18.5 333.1   5.3  -2.7  -2.0  -2.3  -2.4   0.1   0.3   0.2   0.2   0.2   38240.   3.5  484.   2.6  -0.4 0.024    5525.   0.4    3.   0.6   0.8 0.004  1.50   1.16   0.63   7.3  5.9 0.0223 37  84   -71  22  99.0  355  -274    80   3.0 0.007059 999999.99 99999.99 99999.99 99999.99 99999.99 99999.99  0
2005 151  5 2345 51 52  61  30   5.9   5.9 -11.6 325.5   4.8  -3.3  -1.2  -3.1  -1.6   0.1   0.6   0.1   0.2   0.5   32315.   2.9  486.   1.8  -1.4 0.029    7865.   0.3    5.   0.3   0.2 0.006  1.28   0.78   0.56   7.0  5.8 0.0242 37  84   -61  22  99.0  249  -146   104   2.0 0.007059 999999.99 99999.99 99999.99 99999.99 99999.99 99999.99  0
2005 151  6 2345 51 52  60  27   5.4   5.4   0.8 322.3   4.3  -3.3   0.1  -3.3  -0.1   0.2   0.5   0.3   0.1   0.3   19105.   4.0  488.   2.3  -2.2 0.032    3545.   1.0    2.   0.3   0.5 0.009  1.79   0.05   0.84   9.0  6.9 0.0146 27  84   -59  12  99.0  282  -168   113   1.5 0.007059 999999.99 99999.99 99999.99 99999.99 99999.99 99999.99  0
2005 151  7 2345 51 52  59  16   4.6   4.6   8.4 324.8   3.7  -2.6   0.7  -2.6   0.6   0.5   0.8   0.5   0.6   0.3   20288.   6.6  485.   1.8  -1.6 0.037    4494.   1.5    4.   0.4   0.4 0.011  2.98  -0.29   1.93  13.5  8.3 0.0065 27  84   -51  12  99.0  219  -127    93   1.6 0.007059      0.24     0.15     0.14     0.14     0.14     0.14 -1
2005 151  8 2345 51 52  60  23   3.7   3.2  34.3 328.6   2.2  -1.4   1.8  -1.4   1.8   0.5   1.9   0.8   0.9   1.4   31011.   7.8  479.   1.0  -0.9 0.059   17492.   1.9    5.   0.6   1.3 0.022  3.69  -0.86   3.78  18.1  8.8 0.0036 27  84   -42  12  99.0  228   -93   135   2.9 0.007059      0.26     0.19     0.18     0.16     0.15     0.14 -1
2005 151  9 2345 51 52  59  19   5.5   5.2  39.4 330.1   3.5  -2.0   3.3  -1.9   3.4   0.7   1.8   0.3   0.4   1.7   31682.   5.2  477.   0.3  -0.8 0.039    7281.   2.9    5.   0.5   0.8 0.019  2.28  -1.62   1.14   9.9  7.0 0.0122 27  84   -38  12  99.0  170   -70   100   2.5 0.007059      0.25     0.19     0.17     0.15     0.14     0.13 -1
2005 151 10 2345 51 52  59  30   5.0   4.6 -29.9 335.5   3.6  -1.6  -2.3  -1.7  -2.2   0.3   2.1   0.3   0.6   2.0   16158.   8.3  470.  -0.0  -1.0 0.062    3783.   1.4    6.   0.4   0.6 0.012  3.82   1.03   2.00  13.5  8.2 0.0065 27  84   -35  12  99.0  128   -48    80   1.6 0.007059      0.22     0.16     0.15     0.14     0.13     0.13 -1
2005 151 11 2345 51 52  61  22   5.6   5.5 -61.8  28.7   2.3   1.2  -4.8   1.0  -4.8   0.3   1.3   0.7   0.8   0.7   14261.   8.5  467.   0.1  -1.7 0.078    3092.   1.5    3.   0.2   0.5 0.022  4.06   2.24   1.61  12.2  7.9 0.0080 27  84   -24  12  99.0  189   -89   100   2.4 0.007059      0.22     0.15     0.14     0.13     0.12     0.12 -1
2005 151 12 2345 51 52  59  31   5.1   4.5 -29.3  48.1   2.6   2.9  -2.2   2.8  -2.3   0.6   2.3   0.8   1.6   1.5   25584.  12.0  475.  -1.2  -1.9 0.080    4657.   2.0    4.   0.9   0.5 0.032  5.97   1.09   2.95  16.1  8.6 0.0046 33  84   -27  18  99.0  305  -161   144   2.3 0.007059      0.22     0.15     0.13     0.13     0.12     0.12 -1
2005 151 13 2345 51 52  60  22   6.2   5.3 -60.0  33.2   2.2   1.4  -4.6   1.4  -4.6   0.8   3.2   1.1   2.2   2.1   21271.   6.9  468.  -0.5  -1.2 0.057    6516.   3.0    5.   0.7   0.7 0.016  3.10   2.15   1.12   9.9  7.1 0.0121 33  84   -39  18  99.0  449  -301   148   2.9 0.007059      0.20     0.16     0.15     0.14     0.13     0.13 -1
2005 151 14 2345 51 52  59  26   4.8   4.4   4.6  81.9   0.6   4.4   0.4   4.4   0.5   0.2   1.7   0.9   0.4   1.4   29292.   9.3  461.   0.8  -1.6 0.065    7535.   1.2    2.   0.3   0.9 0.019  4.16  -0.23   2.65  14.6  8.1 0.0055 33  84   -33  18  99.0  432  -276   156   2.1 0.007059      0.19     0.16     0.16     0.15     0.14     0.13 -1
2005 151 15 2345 51 52  59  28   5.0   4.9  10.9 101.1  -0.9   4.8   0.9   4.7   1.3   0.2   0.7   0.4   0.2   0.5   25026.   8.3  460.   0.7  -1.3 0.074    3420.   0.9    3.   0.2   0.5 0.015  3.80  -0.60   2.12  13.3  7.9 0.0068 20  84   -31   7  99.0  130   -67    63   0.1 0.007059      0.20     0.16     0.14     0.13     0.13     0.11 -1
2005 151 16 2345 51 52  62  30   4.9   4.8  11.0 105.5  -1.2   4.5   0.9   4.3   1.5   0.2   0.9   0.5   0.3   0.7   24276.  10.0  458.   1.0  -1.5 0.092    5093.   0.9    3.   0.2   0.5 0.021  4.79  -0.69   2.64  14.8  8.2 0.0054 20  84   -26   7  99.0   96   -49    47  -0.5 0.007059      0.17     0.15     0.15     0.14     0.13     0.12 -1
2005 151 17 2345 51 52  60  35   4.8   4.1 -13.9  70.3   1.3   3.7  -1.0   3.8  -0.3   0.5   2.6   0.7   1.1   2.2   38949.   7.4  465.  -0.1  -0.2 0.056    7552.   2.0    3.   0.6   1.3 0.025  3.27   0.14   2.24  13.2  7.7 0.0069 20  84   -32   7  99.0   79   -51    28  -0.8 0.007059      0.18     0.16     0.16     0.15     0.14     0.13 -1
2005 151 18 2345 51 52  60  33   4.0   3.7 -35.1  61.5   1.5   2.7  -2.1   3.1  -1.4   1.0   1.7   0.5   1.3   1.1   45644.   6.8  466.   0.4   1.6 0.031   13516.   1.9    3.   1.0   0.7 0.010  2.77   0.65   3.08  15.2  7.9 0.0052 20  84   -32   7  99.0  176   -96    80   0.2 0.007059      0.19     0.18     0.18     0.16     0.14     0.13 -1
2005 151 19 2345 51 52  60  31   2.1   1.7  63.4 167.0  -0.7   0.2   1.5  -0.2   1.5   0.7   1.5   0.5   1.2   0.7   40663.  10.5  467.   0.0   1.6 0.034    4770.   0.8    2.   0.5   0.7 0.006  4.34  -0.70  16.74  36.0  9.2 0.0009 20  84   -30   7  99.0   85   -38    48  -0.6 0.007059      0.21     0.18     0.17     0.15     0.14     0.13 -1
2005 151 20 2345 51 52  61  31   3.7   2.8  10.0  86.4   0.2   2.7   0.5   2.4   1.3   0.8   2.6   1.0   1.0   2.2   35129.  10.1  468.   0.3  -0.1 0.027    8828.   1.7    3.   0.5   0.8 0.006  4.09  -0.61   5.02  20.1  8.7 0.0029 20  84   -25   7  99.0   87   -28    59  -0.7 0.007059      0.18     0.15     0.15     0.15     0.14     0.14 -1
2005 151 21 2345 51 52  60  27   4.5   4.2  62.9 192.9  -1.8  -0.4   3.7  -1.6   3.4   0.2   1.7   0.5   1.5   0.4   26864.  11.7  473.   0.3   0.4 0.030    4447.   0.8    1.   0.3   0.4 0.005  4.90  -1.61   3.73  18.0  8.7 0.0037 27  84   -19  12  99.0  102   -52    50  -0.9 0.007059 999999.99 99999.99 99999.99 99999.99 99999.99 99999.99  0
2005 151 22 2345 51 52  59  29   4.3   4.0  14.2 226.4  -2.7  -2.8   1.0  -3.0   0.0   0.2   1.6   0.6   0.8   1.3   26011.  10.9  469.   0.6   0.9 0.048    4644.   1.5    3.   0.4   0.5 0.007  4.77  -0.00   3.79  18.0  8.7 0.0037 27  84   -22  12  99.0  223  -119   105   0.4 0.007059 999999.99 99999.99 99999.99 99999.99 99999.99 99999.99  0
2005 151 23 2345 51 52  60  29   3.9   3.8 -36.0 199.7  -2.9  -1.0  -2.3  -0.2  -2.5   0.2   0.9   0.2   0.6   0.6   20013.  10.7  464.   0.4   0.9 0.062    2541.   1.1    2.   0.3   0.4 0.014  4.80   1.16   4.34  19.5  8.9 0.0031 27  84   -27  12  99.0  658  -444   214   2.4 0.007059 999999.99 99999.99 99999.99 99999.99 99999.99 99999.99  0
2005 152  0 2345 51 52  59  28   3.5   3.3 -54.6 161.2  -1.8   0.6  -2.7   1.4  -2.4   0.5   1.2   0.8   0.8   0.6   17663.  10.6  463.   0.1   0.8 0.085    1672.   1.3    1.   0.4   0.4 0.024  5.08   1.11   5.26  21.5  9.2 0.0026 30  76   -33  15  96.9  622  -418   204   3.1 0.007117 999999.99 99999.99 99999.99 99999.99 99999.99 99999.99  0
2005 152  1 2345 51 52  60  30   2.8   2.2 -58.4 217.1  -0.9  -0.7  -1.9  -0.1  -2.0   0.9   1.9   1.7   0.8   0.6   28410.   9.6  461.   0.2   0.1 0.039    2593.   1.5    2.   0.3   0.5 0.009  3.94   0.92   7.99  25.5  9.1 0.0018 30  76   -34  15  96.9  518  -357   161   3.0 0.007117 999999.99 99999.99 99999.99 99999.99 99999.99 99999.99  0
2005 152  2 2345 51 52  58  26   2.2   1.9 -85.7  95.2   0.0   0.1  -1.9   0.6  -1.8   0.5   1.1   0.9   0.3   0.5   32131.  10.0  457.   0.1   0.6 0.044    3791.   1.4    4.   0.5   0.9 0.010  4.10   0.82  13.79  32.8  9.1 0.0011 30  76   -33  15  96.9  378  -251   128   2.2 0.007117 999999.99 99999.99 99999.99 99999.99 99999.99 99999.99  0
2005 152  3 2345 51 52  60  23   2.0   1.6  -4.3  32.0   1.3   0.8  -0.1   0.8   0.1   0.5   1.3   0.7   0.6   0.9   34163.  10.3  446.   0.7  -0.1 0.037    4992.   0.7    3.   0.2   0.5 0.004  3.93  -0.04  17.41  35.8  8.9 0.0009 20  76   -31   7  96.9  218  -155    63   1.4 0.007117 999999.99 99999.99 99999.99 99999.99 99999.99 99999.99  0
2005 152  4 2345 51 52  55  35   3.5   2.8 -32.5 129.5  -1.5   1.8  -1.5   2.0  -1.2   0.9   2.3   1.8   0.7   1.3   60240.   5.4  432.  -0.9   1.7 0.031   16097.   2.2   14.   1.0   1.5 0.006  1.89   0.52   3.46  14.3  7.2 0.0058 20  76   -35   7  96.9  201  -128    73   1.3 0.007117 999999.99 99999.99 99999.99 99999.99 99999.99 99999.99  0
2005 152  5 2345 51 52  63  33   4.1   3.4 -32.4 106.3  -0.8   2.7  -1.8   2.9  -1.5   0.2   2.1   1.5   1.1   1.1   67910.   4.0  431.  -2.3   1.7 0.034   19266.   0.6   13.   1.2   1.3 0.006  1.41   0.65   1.94  10.5  6.4 0.0108 20  76   -33   7  96.9  273  -200    73   2.2 0.007117 999999.99 99999.99 99999.99 99999.99 99999.99 99999.99  0
2005 152  6 2345 51 52  63  34   4.0   2.8 -11.6  52.0   1.7   2.2  -0.6   2.2  -0.5   0.4   2.8   2.2   1.0   1.4   66097.   4.5  445.  -1.0   0.8 0.029   10070.   0.5   17.   1.5   1.4 0.003  1.66   0.22   2.28  11.8  6.9 0.0085 17  76   -34   6  96.9  158   -77    81   2.0 0.007117 999999.99 99999.99 99999.99 99999.99 99999.99 99999.99  0
2005 152  7 2345 51 52  53  22   3.7   2.6 -33.5  96.5  -0.2   2.1  -1.4   2.1  -1.4   0.3   2.6   2.3   0.7   1.1   68354.   4.7  425.  -1.0   1.8 0.030   10747.   0.8   13.   0.7   1.1 0.004  1.59   0.59   2.81  12.5  6.7 0.0077 17  76   -36   6  96.9  190  -110    80   1.8 0.007117      0.52     0.37     0.25     0.17     0.14     0.14 -1
2005 152  8 2345 51 52  63  36   4.0   3.7 -32.3 157.2  -2.9   1.2  -2.0   1.2  -2.0   0.1   1.6   1.1   0.9   0.7   65698.   3.2  409.  -0.8   2.7 0.035   25894.   0.4   11.   1.2   1.2 0.005  1.02   0.82   1.61   9.1  5.9 0.0142 17  76   -33   6  96.9  100   -76    24   0.1 0.007117 999999.99 99999.99 99999.99 99999.99 99999.99 99999.99  0
2005 152  9 2345 51 52  56  28   4.2   2.8  41.9 138.3  -1.6   1.4   1.9   1.5   1.8   0.2   3.0   1.4   1.2   2.3   55748.   3.7  416.  -1.6  -1.6 0.038   10826.   0.5   12.   1.4   2.7 0.006  1.23  -0.75   1.61   9.5  6.2 0.0131 17  76   -29   6  96.9   61   -31    29   0.8 0.007117      0.49     0.38     0.28     0.21     0.16     0.12 -1
2005 152 10 2345 51 52  62  24   4.3   3.8  51.7 159.2  -2.2   0.8   3.0   1.0   3.0   0.1   1.8   1.5   0.6   0.8   58349.   3.8  409.  -0.7  -3.5 0.037   10037.   0.4   14.   0.9   1.2 0.004  1.22  -1.23   1.60   9.3  6.0 0.0138 17  76   -29   6  96.9   78   -43    35   1.3 0.007117      0.46     0.33     0.23     0.16     0.14     0.14 -1
2005 152 11 2345 51 52  62  35   4.3   3.9  34.7 140.1  -2.5   2.1   2.2   2.2   2.1   0.1   1.7   1.0   0.8   1.2   67021.   4.1  411.  -2.1  -1.9 0.039   10223.   0.4    7.   1.0   1.4 0.004  1.34  -0.86   1.80   9.7  6.1 0.0127 17  76   -29   6  96.9  101   -50    51   1.6 0.007117      0.57     0.44     0.33     0.25     0.21     0.16 -1
2005 152 12 2345 51 52  60  34   4.3   3.7  51.5  97.4  -0.3   2.3   2.9   2.4   2.8   0.1   1.9   1.6   0.7   0.7   59508.   4.4  422.  -2.6  -1.8 0.041    7015.   0.4   13.   0.8   0.9 0.005  1.52  -1.18   1.86  10.3  6.4 0.0112 10  76   -28   4  96.9  134   -71    63   1.5 0.007117      0.50     0.38     0.27     0.20     0.16     0.14 -1
2005 152 13 2345 51 52  56  26   4.7   4.0  18.2 146.0  -3.1   2.1   1.2   2.1   1.2   0.2   2.5   1.5   1.7   1.0   54041.   4.1  397.  -2.8   0.4 0.043   13322.   0.6   15.   2.3   1.6 0.008  1.26  -0.48   1.41   8.6  5.7 0.0163 10  76   -24   4  96.9  100   -49    51   0.6 0.007117      0.47     0.35     0.25     0.18     0.15     0.14 -1
2005 152 14 2345 51 52  60  36   5.1   4.9  11.6 115.3  -2.1   4.4   1.0   4.4   1.1   0.1   1.4   0.8   0.6   1.0   50820.   3.9  404.  -5.1   0.5 0.035   11550.   0.4    8.   0.6   1.6 0.006  1.21  -0.44   1.12   7.8  5.6 0.0194 10  76   -24   4  96.9   82   -43    38   0.9 0.007117      0.49     0.36     0.25     0.18     0.15     0.14 -1
2005 152 15 2345 51 52  60  32   5.0   4.8 -15.6 122.5  -2.5   3.9  -1.3   4.0  -1.0   0.1   1.1   0.3   0.5   0.9   53201.   4.0  399.  -5.2   2.8 0.040    8540.   0.5    4.   0.6   1.0 0.006  1.23   0.40   1.21   8.0  5.6 0.0187 13  76   -25   5  96.9   92   -45    47   0.6 0.007117      0.44     0.32     0.22     0.16     0.14     0.13 -1
2005 152 16 2345 51 52  60  33   4.7   4.6  -5.2 107.5  -1.4   4.4  -0.4   4.4   0.1   0.1   0.7   0.5   0.2   0.4   57157.   3.9  402.  -4.9   2.0 0.037    9024.   0.4    4.   0.4   0.7 0.004  1.21  -0.04   1.36   8.4  5.7 0.0167 13  76   -26   5  96.9  161  -121    41   0.2 0.007117      0.46     0.37     0.28     0.22     0.18     0.14 -1
2005 152 17 2345 51 52  56  30   4.4   4.2  -8.3 174.6  -4.1   0.4  -0.6   0.5  -0.5   0.1   1.4   0.5   1.2   0.7   88339.   3.0  380.  -1.0   2.6 0.057   50363.   0.5    8.   2.1   1.4 0.016  0.89   0.19   1.40   7.5  5.0 0.0213 13  76   -30   5  96.9  254  -223    31   0.5 0.007117      0.50     0.41     0.33     0.27     0.21     0.14 -1
2005 152 18 2345 51 52  61  32   4.5   4.3   3.4 175.2  -4.3   0.4   0.3   0.3   0.4   0.1   1.1   0.2   0.9   0.6   84167.   3.0  376.  -0.9   1.3 0.057   54800.   0.3    5.   1.9   1.3 0.017  0.87  -0.15   1.31   7.2  5.0 0.0227 10  76   -30   4  96.9  126   -98    28  -0.1 0.007117      0.56     0.47     0.38     0.32     0.25     0.17 -1
2005 152 19 2345 51 52  61  33   4.4   4.1 -11.3 174.8  -4.0   0.4  -0.8   0.6  -0.7   0.1   1.6   0.2   1.1   1.1   68850.   3.3  379.  -0.1   2.3 0.051   23182.   0.3    5.   1.6   1.9 0.008  0.95   0.27   1.40   7.8  5.3 0.0194 10  76   -29   4  96.9   69   -38    30  -0.4 0.007117      0.50     0.41     0.32     0.26     0.20     0.14 -1
2005 152 20 2345 51 52  58  31   4.4   3.9  -5.5 144.7  -3.2   2.2  -0.4   2.2   0.3   0.1   1.9   1.4   0.9   1.0   63425.   3.5  385.  -2.1   2.0 0.054   16318.   0.5    7.   0.9   1.4 0.011  1.05  -0.12   1.44   8.2  5.5 0.0178 10  76   -27   4  96.9   98   -53    45  -0.1 0.007117      0.37     0.29     0.21     0.16     0.14     0.14 -1
2005 152 21 2345 51 52  60  30   4.5   4.2  -0.5 152.3  -3.7   1.9   0.0   1.8   0.6   0.1   1.5   0.4   0.5   1.4   50882.   3.6  379.  -2.5   1.3 0.056   11623.   0.3    4.   0.7   1.9 0.010  1.06  -0.23   1.33   8.0  5.5 0.0186  7  76   -27   3  96.9   85   -48    36  -0.5 0.007117      0.39     0.31     0.23     0.18     0.15     0.14 -1
2005 152 22 2345 51 52  61  25   4.5   4.2  35.5 148.8  -3.0   1.8   2.5   0.9   2.9   0.2   1.5   0.4   0.9   1.2   57901.   3.7  379.  -2.7  -1.9 0.052   10569.   0.4    4.   1.0   1.8 0.009  1.07  -1.10   1.42   8.1  5.4 0.0181  7  76   -24   3  96.9   52   -34    18  -0.6 0.007117      0.38     0.31     0.22     0.17     0.14     0.13 -1
2005 152 23 2345 51 52  59  28   4.7   4.6   7.9 130.8  -3.0   3.4   0.6   3.0   1.6   0.1   1.2   0.4   0.5   1.0   51646.   3.7  378.  -5.0  -0.3 0.043    7878.   0.3    4.   0.7   1.3 0.006  1.03  -0.60   1.25   7.7  5.4 0.0199  7  76   -23   3  96.9   58   -41    17  -0.4 0.007117      0.38     0.30     0.22     0.17     0.15     0.15 -1
2005 153  0 2345 51 52  60  30   4.6   4.3   4.2 129.9  -2.7   3.3   0.3   3.1   1.3   0.3   1.5   0.5   0.7   1.2   56213.   3.8  378.  -4.4  -0.2 0.054   12504.   0.5    6.   1.0   1.5 0.009  1.10  -0.49   1.38   8.0  5.4 0.0185 10  58   -23   4  96.0   71   -46    25   0.2 0.007055 999999.99 99999.99 99999.99 99999.99 99999.99 99999.99  0
2005 153  1 2345 51 52  61  27   5.1   4.8 -21.7 121.1  -2.3   3.8  -1.8   4.1  -0.7   0.1   1.6   0.5   0.6   1.3   48119.   4.4  382.  -4.8   0.4 0.043    6080.   0.7    4.   0.7   1.5 0.008  1.26   0.27   1.24   7.9  5.5 0.0193 10  58   -22   4  96.0   69   -45    23   0.3 0.007055 999999.99 99999.99 99999.99 99999.99 99999.99 99999.99  0
2005 153  2 2345 51 52  60  25   5.1   4.2  -7.9 132.1  -2.8   3.1  -0.6   3.2   0.1   0.1   2.6   0.8   0.7   2.4   56641.   5.3  381.  -4.4   0.8 0.052   13221.   0.9    5.   0.7   1.6 0.011  1.55  -0.04   1.57   8.6  5.6 0.0161 10  58   -22   4  96.0  179  -106    73   0.8 0.007055 999999.99 99999.99 99999.99 99999.99 99999.99 99999.99  0
2005 153  3 2345 51 52  62  30   4.7   3.2  16.8 107.3  -0.9   2.9   0.9   2.7   1.4   0.2   3.3   1.8   1.6   2.2   47742.   6.2  388.  -4.8  -0.4 0.051   11005.   0.8    6.   1.0   1.5 0.007  1.88  -0.54   2.06  10.3  6.2 0.0113 17  58   -21   6  96.0  148   -99    49   1.4 0.007055 999999.99 99999.99 99999.99 99999.99 99999.99 99999.99  0
2005 153  4 2345 51 52  57  25   4.7   3.4  55.2  87.8   0.1   2.0   2.8   1.6   3.1   0.2   3.1   2.2   2.0   1.0   33950.   5.9  389.  -3.4  -2.1 0.041   11001.   1.0    6.   0.9   1.1 0.011  1.74  -1.21   1.80  10.1  6.3 0.0118 17  58   -19   6  96.0   48   -22    25   0.7 0.007055 999999.99 99999.99 99999.99 99999.99 99999.99 99999.99  0
2005 153  5 2345 51 52  60  32   5.3   5.1  13.4 124.7  -2.8   4.1   1.2   4.0   1.6   0.1   1.4   0.3   0.5   1.3   31005.   4.7  377.  -4.5  -1.8 0.035    6639.   0.6    3.   0.5   1.5 0.006  1.27  -0.60   1.11   7.7  5.5 0.0200 17  58   -17   6  96.0   35   -25    10   0.7 0.007055 999999.99 99999.99 99999.99 99999.99 99999.99 99999.99  0
2005 153  6 2345 51 52  59  32   5.4   5.3 -25.4 125.5  -2.8   3.9  -2.3   4.0  -2.1   0.1   1.1   0.3   0.5   0.9   36088.   4.5  373.  -4.6   0.7 0.040    6076.   0.6    3.   0.6   1.0 0.008  1.21   0.78   1.06   7.3  5.3 0.0222 10  58   -17   4  96.0   83   -24    59   2.0 0.007055 999999.99 99999.99 99999.99 99999.99 99999.99 99999.99  0
2005 153  7 2345 51 52  62  29   5.0   4.8  15.4 105.4  -1.2   4.5   1.3   4.5   1.4   0.1   1.2   0.6   0.4   0.9   46700.   4.9  381.  -4.1  -1.4 0.043    6470.   0.5    3.   0.4   0.8 0.006  1.39  -0.53   1.43   8.4  5.6 0.0167 10  58   -19   4  96.0  147   -86    62   1.8 0.007055 999999.99 99999.99 99999.99 99999.99 99999.99 99999.99  0
2005 153  8 2345 51 52  57  31   4.8   4.3  -0.5 125.9  -2.5   3.5   0.0   3.5  -0.1   0.1   2.0   1.4   0.9   1.1   59308.   4.7  377.  -4.1  -1.4 0.057   12901.   0.5    5.   0.6   1.0 0.009  1.37   0.04   1.59   8.5  5.5 0.0164 10  58   -18   4  96.0   96   -42    54   1.5 0.007055 999999.99 99999.99 99999.99 99999.99 99999.99 99999.99  0
2005 153  9 2345 51 52  62  28   4.9   4.7  -7.8 123.3  -2.5   3.9  -0.6   3.9  -0.8   0.1   1.3   0.8   0.6   0.8   56422.   4.9  373.  -4.6  -1.3 0.058   10675.   0.6    4.   0.7   1.0 0.009  1.40   0.30   1.57   8.4  5.5 0.0168 13  58   -17   5  96.0   90   -33    57   1.4 0.007055 999999.99 99999.99 99999.99 99999.99 99999.99 99999.99  0
2005 153 10 2345 51 52  57  30   5.1   4.2 -27.9 121.6  -1.9   3.2  -2.0   3.1  -2.2   0.2   2.8   1.1   1.1   2.3   56095.   4.8  375.  -4.1  -0.4 0.059    8394.   0.6    7.   1.0   1.9 0.013  1.39   0.83   1.42   8.1  5.4 0.0183 13  58   -16   5  96.0  203   -76   127   1.7 0.007055 999999.99 99999.99 99999.99 99999.99 99999.99 99999.99  0
2005 153 11 2345 51 52  61  33   5.3   4.7  14.2 145.8  -3.8   2.6   1.2   2.7   1.0   0.1   2.3   0.9   1.1   1.8   60763.   4.9  367.  -4.4  -2.2 0.066   13564.   0.5    5.   0.7   2.0 0.013  1.39  -0.37   1.37   7.7  5.2 0.0202 13  58   -18   5  96.0  277  -147   130   1.8 0.007055 999999.99 99999.99 99999.99 99999.99 99999.99 99999.99  0
2005 153 12 2345 51 52  63  34   5.7   5.5   1.3 118.0  -2.6   4.8   0.1   4.8  -0.1   0.4   1.6   1.0   1.0   0.9   51062.   5.4  375.  -5.5  -1.1 0.049   11512.   1.0    9.   0.6   1.2 0.013  1.52   0.04   1.24   7.6  5.3 0.0204 13  58   -13   5  96.0  180   -95    85   1.2 0.007055 999999.99 99999.99 99999.99 99999.99 99999.99 99999.99  0
2005 153 13 2345 51 52  60  28   6.7   6.3  14.6 123.3  -3.3   5.1   1.6   5.1   1.5   0.1   2.1   0.5   0.8   1.9   54010.   6.0  379.  -5.6  -2.0 0.047   11664.   0.9    3.   0.7   1.6 0.010  1.71  -0.57   1.01   6.9  5.1 0.0248 13  58    -8   5  96.0  112   -53    59   0.8 0.007055 999999.99 99999.99 99999.99 99999.99 99999.99 99999.99  0
2005 153 14 2345 51 52  61  25   7.0   6.6  33.2 124.1  -3.1   4.6   3.6   4.5   3.7   0.1   2.3   0.8   1.1   1.8   42075.   6.1  385.  -5.3  -3.9 0.037   14236.   0.9    6.   1.0   1.8 0.007  1.73  -1.42   0.88   6.8  5.1 0.0258 13  58    -4   5  96.0   76   -30    46  -0.2 0.007055 999999.99 99999.99 99999.99 99999.99 99999.99 99999.99  0
2005 153 15 2345 51 52  60  33   5.9   4.6   6.0 126.6  -2.7   3.6   0.5   3.6   0.7   0.7   3.6   1.3   2.1   2.6   73009.   7.2  396.  -2.8  -1.3 0.053   26022.   1.2    7.   1.5   1.8 0.008  2.29  -0.28   1.73   9.0  5.7 0.0147 13  58    -7   5  96.0   74   -37    36  -1.1 0.007055 999999.99 99999.99 99999.99 99999.99 99999.99 99999.99  0
2005 153 16 2345 51 52  59  28   5.8   4.4  14.6 145.7  -3.5   2.4   1.1   2.3   1.4   0.9   3.9   1.6   2.3   2.7   72996.   7.1  391.  -3.1  -2.5 0.058   16452.   1.0    6.   1.7   2.9 0.009  2.23  -0.55   1.77   9.0  5.6 0.0147 13  58    -5   5  96.0   69   -32    37  -0.3 0.007055 999999.99 99999.99 99999.99 99999.99 99999.99 99999.99  0
2005 153 17 2345 51 52  64  30   6.0   5.7  59.5 187.3  -2.9  -0.4   4.9  -1.2   4.8   0.4   1.8   1.1   1.3   0.5   70345.   7.9  392.  -1.0  -5.3 0.056    6079.   0.7    4.   0.9   0.9 0.007  2.48  -1.88   1.81   9.2  5.7 0.0141 13  58    -8   5  96.0   47   -19    28  -0.2 0.007055 999999.99 99999.99 99999.99 99999.99 99999.99 99999.99  0
2005 153 18 2345 51 52  59  16   6.6   6.1  71.0 124.7  -1.1   1.6   5.7   0.3   5.9   0.5   2.5   0.9   2.1   1.1   79730.   6.9  401.  -2.5  -4.4 0.059   22047.   1.1    5.   1.0   1.7 0.015  2.29  -2.37   1.37   8.0  5.4 0.0187 17  58   -10   6  96.0   89   -49    40  -0.4 0.007055 999999.99 99999.99 99999.99 99999.99 99999.99 99999.99  0
2005 153 19 2345 51 52  59  21   6.0   5.0  73.9 139.9  -1.1   0.9   4.8  -0.4   4.9   0.6   3.3   1.2   3.0   0.6   88921.   8.3  400.  -2.4  -4.5 0.058   26806.   1.0    3.   1.2   1.4 0.009  2.73  -1.96   2.08   9.6  5.7 0.0129 17  58   -11   6  96.0   34   -16    19  -1.1 0.007055 999999.99 99999.99 99999.99 99999.99 99999.99 99999.99  0
2005 153 20 2345 51 52  63  27   6.5   4.4  29.4 139.7  -2.9   2.5   2.2   1.7   2.8   1.0   4.8   1.6   4.4   1.3  117841.   4.4  412.  -0.5  -2.6 0.057   38273.   1.5   12.   0.8   2.3 0.014  1.53  -1.15   1.07   6.6  4.8 0.0269 17  58   -16   6  96.0   48   -33    15  -0.4 0.007055 999999.99 99999.99 99999.99 99999.99 99999.99 99999.99  0
2005 153 21 2345 51 52  59  31   6.5   4.6 -63.6  91.5  -0.1   2.0  -4.1   3.2  -3.3   0.8   4.6   2.6   3.5   1.3  121722.   4.8  416.  -0.9  -0.2 0.053   25603.   1.0    4.   0.6   1.2 0.011  1.68   1.37   1.18   7.0  4.9 0.0242 27  58   -16  12  96.0  108   -65    43  -0.6 0.007055 999999.99 99999.99 99999.99 99999.99 99999.99 99999.99  0
2005 153 22 2345 51 52  61  29   7.4   7.1 -39.8 110.9  -1.9   5.1  -4.5   6.3  -2.6   0.2   2.1   1.0   1.3   1.4  119018.   3.9  413.  -0.7  -1.7 0.054   15881.   0.4    8.   1.4   2.2 0.006  1.35   1.07   0.73   5.5  4.3 0.0392 27  58   -23  12  96.0  273  -161   112   0.3 0.007055      0.57     0.34     0.23     0.17     0.15     0.13 -1
2005 153 23 2345 51 52  62  32   6.6   6.0 -28.0 120.5  -2.7   4.6  -2.8   5.2  -1.2   0.4   2.4   1.0   1.0   1.9  134997.   4.0  435.   1.1  -0.5 0.053   26604.   0.5   11.   0.9   1.7 0.009  1.53   0.52   1.01   6.6  4.8 0.0274 27  58   -26  12  96.0  380  -216   164   1.1 0.007055      0.56     0.31     0.20     0.16     0.14     0.13 -1
2005 154  0 2345 51 52  64  29   6.2   5.4   1.2 132.6  -3.7   4.0   0.1   3.8   1.3   0.4   2.9   1.3   1.2   2.3  117527.   3.5  444.   1.3  -1.2 0.044   33730.   0.4   11.   1.4   2.2 0.011  1.36  -0.58   0.93   6.7  5.0 0.0265 17  48   -22   6  98.0  252  -101   152   1.7 0.007030      0.53     0.29     0.19     0.14     0.12     0.12 -1
2005 154  1 2345 51 52  56  25   6.1   4.7  11.2 147.8  -3.9   2.5   0.9   2.2   1.5   0.2   3.7   1.1   1.8   3.0  126533.   3.2  442.   2.8  -1.9 0.045   30713.   0.6   17.   2.2   3.9 0.007  1.23  -0.66   0.91   6.5  4.8 0.0283 17  48   -19   6  98.0  243  -127   116   1.9 0.007030      0.55     0.31     0.20     0.15     0.13     0.12 -1
2005 154  2 2345 51 52  61  34   6.0   5.0  -9.2 130.7  -3.2   3.8  -0.8   3.9   0.1   0.1   3.1   1.3   1.6   2.3  131467.   3.4  450.   1.0   0.2 0.046   23041.   0.3   14.   2.0   3.8 0.007  1.36  -0.04   1.02   6.9  5.0 0.0249 17  48   -16   6  98.0  118   -54    64   1.0 0.007030      0.51     0.29     0.19     0.14     0.13     0.13 -1
2005 154  3 2345 51 52  64  34   6.1   5.2 -18.8 117.0  -2.2   4.4  -1.7   4.6  -0.9   0.1   3.0   1.6   0.7   2.4  109917.   3.3  458.  -0.3   1.5 0.042   18369.   0.3   17.   1.1   2.6 0.005  1.35   0.41   0.88   6.8  5.1 0.0256 20  48   -17   7  98.0  120   -49    71   1.1 0.007030      0.52     0.30     0.20     0.16     0.14     0.13 -1
2005 154  4 2345 51 52  56  30   5.9   5.4  15.5 148.2  -4.4   2.7   1.4   2.5   1.8   0.1   2.3   1.0   1.4   1.5  118498.   3.1  441.   1.9  -2.2 0.045   25857.   0.4   12.   2.1   1.9 0.007  1.19  -0.79   0.91   6.6  4.9 0.0275 20  48   -17   7  98.0  115   -52    63   0.8 0.007030      0.51     0.28     0.17     0.13     0.12     0.12 -1
2005 154  5 2345 51 52  62  31   6.3   5.7 -27.8 115.6  -2.2   4.6  -2.7   4.8  -2.3   0.1   2.5   1.4   1.0   1.8   98628.   3.2  461.  -0.2   3.1 0.044   21574.   0.5   12.   0.8   2.4 0.006  1.34   1.06   0.76   6.5  5.1 0.0278 20  48   -18   7  98.0  160   -94    66   0.9 0.007030      0.54     0.32     0.23     0.18     0.16     0.16 -1
2005 154  6 2345 51 52  60  30   6.1   5.3   5.5 119.4  -2.6   4.6   0.5   4.6   0.7   0.1   2.5   1.1   0.8   2.1  114599.   3.5  458.   0.1   0.4 0.043   12505.   0.3    9.   0.9   2.4 0.005  1.44  -0.32   0.95   7.0  5.2 0.0241 20  48   -21   7  98.0  352  -230   121   2.2 0.007030 999999.99 99999.99 99999.99 99999.99 99999.99 99999.99  0
2005 154  7 2345 51 52  59  30   6.1   5.0  -7.3 105.0  -1.3   4.8  -0.6   4.8  -0.6   0.1   3.3   1.9   1.6   2.2  115321.   3.5  469.   0.0   2.6 0.042   16459.   0.4   16.   1.5   2.3 0.007  1.50   0.28   0.95   7.2  5.3 0.0230 20  48   -19   7  98.0  214  -106   109   2.6 0.007030 999999.99 99999.99 99999.99 99999.99 99999.99 99999.99  0
2005 154  8 2345 51 52  62  31   5.9   4.8  48.0 123.8  -1.8   2.7   3.6   2.8   3.5   0.1   3.2   1.2   2.5   1.6  118462.   3.8  463.   2.7  -1.7 0.042   43769.   0.3   11.   2.8   1.6 0.004  1.59  -1.62   1.12   7.6  5.5 0.0203 20  48   -18   7  98.0  115   -61    54   1.8 0.007030      0.50     0.29     0.21     0.17     0.16     0.16 -1
2005 154  9 2345 51 52  58  25   5.8   5.0  21.6 134.7  -3.2   3.3   1.8   3.4   1.6   0.2   2.9   1.4   1.9   1.6  123207.   3.7  445.   1.7   0.1 0.045   14204.   0.3   10.   1.8   1.9 0.005  1.44  -0.71   1.15   7.4  5.2 0.0218 17  48   -13   6  98.0   84   -38    45   0.9 0.007030      0.51     0.28     0.20     0.15     0.14     0.14 -1
2005 154 10 2345 51 52  58  33   5.7   4.2  -4.0 116.0  -1.8   3.8  -0.3   3.8  -0.5   0.2   3.6   2.0   1.4   2.7  111850.   3.9  452.   1.3   2.2 0.044   16679.   0.5   13.   1.4   2.2 0.007  1.56   0.23   1.20   7.8  5.5 0.0194 17  48   -11   6  98.0  120   -37    83   1.3 0.007030      0.54     0.30     0.22     0.18     0.16     0.14 -1
2005 154 11 2345 51 52  59  31   5.7   4.1   5.3 124.6  -2.3   3.4   0.4   3.4   0.2   0.1   3.8   1.5   2.3   2.7  107616.   3.7  445.   0.9   1.8 0.047   28171.   0.4   12.   2.0   2.5 0.008  1.45  -0.09   1.12   7.5  5.4 0.0211 17  48   -13   6  98.0  217   -78   138   1.6 0.007030      0.51     0.27     0.19     0.15     0.13     0.13 -1
2005 154 12 2345 51 52  60  35   5.6   5.0  10.9 152.4  -4.4   2.3   0.9   2.3   0.8   0.1   2.3   0.9   1.3   1.7  101903.   3.4  419.   1.5   0.7 0.055   25984.   0.5   12.   1.7   2.3 0.012  1.22  -0.34   1.04   6.9  5.0 0.0250 23  48   -15   9  98.0  267  -117   150   2.0 0.007030      0.49     0.27     0.19     0.15     0.13     0.13 -1
2005 154 13 2345 51 52  61  28   5.6   4.4  28.2 145.5  -3.2   2.2   2.1   2.3   2.0   0.1   3.2   1.3   1.5   2.5   90582.   3.8  424.   1.5   0.0 0.049   21343.   0.5   10.   1.4   2.5 0.006  1.36  -0.85   1.10   7.4  5.3 0.0218 23  48   -14   9  98.0  135   -73    62   0.3 0.007030      0.53     0.30     0.21     0.17     0.15     0.13 -1
2005 154 14 2345 51 52  58  33   5.5   4.7  17.4 168.5  -4.4   0.9   1.4   0.9   1.4   0.1   2.8   1.0   2.1   1.6   99361.   3.7  415.   3.3  -0.5 0.048   20913.   0.4   10.   2.5   2.3 0.007  1.27  -0.58   1.16   7.3  5.1 0.0226 23  48   -13   9  98.0  100   -39    62   0.6 0.007030      0.50     0.29     0.21     0.17     0.16     0.15 -1
2005 154 15 2345 51 52  60  26   5.4   4.8  31.0 156.4  -3.7   1.6   2.5   1.5   2.6   0.1   2.5   0.9   2.0   1.3   85823.   4.1  419.   1.9  -1.4 0.043    9008.   0.3    8.   2.2   1.8 0.005  1.41  -1.09   1.25   7.9  5.4 0.0193 17  48   -15   6  98.0   87   -47    40   0.1 0.007030      0.55     0.31     0.22     0.18     0.16     0.13 -1
2005 154 16 2345 51 52  60  34   5.3   4.7  13.3  86.2   0.3   4.5   1.1   4.4   1.6   0.1   2.4   1.2   0.9   1.9   87756.   4.1  437.  -1.2  -0.4 0.050   19570.   0.5    8.   0.8   2.1 0.008  1.57  -0.70   1.31   8.3  5.7 0.0171 17  48   -14   6  98.0   88   -47    41  -0.8 0.007030      0.46     0.26     0.18     0.14     0.13     0.13 -1
2005 154 17 2345 51 52  55  30   5.6   5.1  15.5 150.5  -4.3   2.4   1.4   2.1   1.8   0.2   2.2   1.1   0.8   1.8   80584.   3.7  400.  -0.8  -0.5 0.051    8893.   0.5    9.   1.1   2.3 0.005  1.19  -0.72   1.03   6.9  5.0 0.0252 17  48   -16   6  98.0   72   -47    24  -1.9 0.007030      0.50     0.27     0.20     0.17     0.15     0.13 -1
2005 154 18 2345 51 52  66  36   5.1   4.6  -7.3 136.2  -3.3   3.1  -0.6   3.2   0.1   0.3   2.2   1.5   1.1   1.2   84112.   3.7  403.  -1.6   1.0 0.055   17833.   0.5   10.   1.0   1.5 0.009  1.22  -0.04   1.26   7.6  5.3 0.0206 10  48   -17   4  98.0   85   -53    31  -0.5 0.007030      0.49     0.26     0.18     0.14     0.13     0.13 -1
2005 154 19 2345 51 52  59  29   4.6   3.3   9.8  90.4   0.0   3.3   0.6   3.0   1.4   0.7   3.1   1.5   1.8   2.1   84463.   4.2  423.  -1.1  -0.6 0.046   15221.   0.6    6.   1.1   1.3 0.006  1.49  -0.59   1.76   9.4  5.9 0.0134 10  48   -15   4  98.0   66   -37    29  -0.9 0.007030      0.50     0.29     0.23     0.19     0.17     0.14 -1
2005 154 20 2345 51 52  58  15   5.1   5.0  -9.3 106.8  -1.4   4.7  -0.8   4.7   0.6   0.5   1.1   0.7   0.4   0.7   80855.   3.6  418.  -2.0  -0.7 0.047   10572.   0.5    3.   0.4   0.9 0.007  1.25  -0.25   1.20   7.8  5.4 0.0197 10  48   -11   4  98.0   95   -58    37  -0.4 0.007030      0.49     0.27     0.20     0.17     0.16     0.15 -1
2005 154 21 2345 51 52  60   4   5.4   5.2 -24.4 124.0  -2.7   4.0  -2.2   4.5  -0.9   0.2   1.1   0.8   0.5   0.7   76004.   4.3  409.  -1.2  -0.0 0.039    4986.   0.3    1.   0.1   0.5 0.004  1.39   0.37   1.25   7.9  5.4 0.0193  7  48   -11   3  98.0   71   -38    32  -0.1 0.007030      0.51     0.29     0.21     0.18     0.16     0.16 -1
2005 154 22 2345 51 52  59  25   4.5   4.3 -38.7 104.8  -0.9   3.2  -2.7   3.9  -1.6   0.5   1.5   1.1   0.8   0.7   74882.   4.7  406.  -1.3  -0.6 0.047   12358.   0.7    3.   0.7   1.0 0.012  1.54   0.65   1.96   9.8  6.0 0.0124  7  48    -8   3  98.0   65   -32    33   0.1 0.007030      0.51     0.29     0.22     0.18     0.16     0.16 -1
2005 154 23 2345 51 52  62  31   3.3   1.9 -27.2  65.0   0.7   1.5  -0.9   1.7  -0.4   0.9   2.7   1.4   1.0   2.0   83466.   4.8  406.  -1.0  -1.5 0.054   12629.   0.6    7.   1.0   1.7 0.010  1.61   0.16   3.88  13.5  6.5 0.0065  7  48    -5   3  98.0   62   -30    32  -0.1 0.007030      0.43     0.22     0.15     0.13     0.13     0.13 -1
2005 155  0 2345 51 52  59  25   3.8   1.8   8.5 107.6  -0.5   1.7   0.3   1.5   0.8   0.4   3.2   1.4   1.1   2.7   77291.   5.0  399.  -1.7  -2.2 0.060   10129.   0.6    8.   1.1   1.8 0.009  1.65  -0.32   2.96  11.7  6.2 0.0086 17  71    -4   6  99.8  101   -58    44   0.3 0.007099      0.44     0.25     0.18     0.14     0.13     0.13 -1
2005 155  1 2345 51 52  58  26   4.6   3.2  -0.3 126.5  -1.9   2.5   0.0   2.4   0.6   0.4   3.4   1.2   1.2   2.9   64743.   5.0  390.  -3.1  -1.0 0.054    9684.   0.4    8.   1.2   2.2 0.008  1.54  -0.23   1.90   9.5  5.8 0.0132 17  71    -4   6  99.8  111   -60    52   0.4 0.007099      0.49     0.28     0.21     0.18     0.16     0.14 -1
2005 155  2 2345 51 52  60  30   5.0   4.7 -35.4  75.9   0.9   3.7  -2.7   4.2  -1.8   0.2   1.6   0.8   0.7   1.1   56504.   4.7  401.  -3.9  -0.0 0.053   16592.   0.7    7.   0.9   1.5 0.011  1.53   0.72   1.45   8.7  5.8 0.0157 17  71    -5   6  99.8  268  -159   109   1.6 0.007099      0.52     0.31     0.24     0.21     0.19     0.15 -1
2005 155  3 2345 51 52  59  22   4.3   3.4  24.6 113.3  -1.2   2.8   1.4   2.5   1.9   0.2   2.6   0.9   1.5   1.9   73009.   5.4  390.  -2.8  -3.7 0.060   10301.   0.7    6.   1.0   2.1 0.010  1.70  -0.74   2.45  10.5  6.0 0.0107 13  71    -5   5  99.8  197  -108    89   1.0 0.007099      0.55     0.34     0.27     0.24     0.22     0.19 -1
2005 155  4 2345 51 52  62  31   4.7   3.2 -19.6 102.7  -0.7   2.9  -1.1   3.0  -0.7   0.3   3.4   0.5   2.0   2.8   70226.   5.7  391.  -3.4  -2.2 0.058   26779.   0.8    4.   0.7   1.7 0.014  1.79   0.27   2.13   9.9  5.9 0.0121 13  71    -6   5  99.8  178   -81    97   1.2 0.007099      0.49     0.28     0.20     0.17     0.16     0.15 -1
2005 155  5 2345 51 52  59  26   4.5   2.9  54.8 208.7  -1.5  -0.8   2.4  -1.0   2.3   0.5   3.4   0.9   2.4   2.3   70625.   7.4  393.  -3.2  -2.8 0.063   16720.   0.9    4.   1.9   1.9 0.013  2.39  -0.90   3.03  11.9  6.2 0.0084 13  71    -4   5  99.8  180   -87    93   0.7 0.007099      0.46     0.26     0.19     0.16     0.15     0.15 -1
2005 155  6 2345 51 52  59  34   5.4   4.8 -12.9 151.6  -4.1   2.2  -1.1   2.2  -1.0   0.5   2.5   1.2   1.3   1.7   91097.   8.0  392.  -4.9  -2.5 0.086   41573.   1.4    5.   0.5   1.5 0.018  2.76   0.39   2.50  10.3  5.8 0.0113 23  71    -4   9  99.8   81   -46    34  -0.2 0.007099 999999.99 99999.99 99999.99 99999.99 99999.99 99999.99  0
2005 155  7 2345 51 52  58  30   6.2   5.9 -36.0 136.4  -3.5   3.3  -3.5   3.3  -3.5   0.3   1.6   1.1   0.9   0.8   74239.   8.2  389.  -4.7  -2.7 0.081   11929.   1.6    4.   0.5   1.2 0.019  2.74   1.36   1.80   9.0  5.6 0.0147 23  71    -3   9  99.8   87   -19    68   0.8 0.007099 999999.99 99999.99 99999.99 99999.99 99999.99 99999.99  0
2005 155  8 2345 51 52  60  34   5.7   5.2 -25.3 140.8  -3.6   3.0  -2.2   2.9  -2.3   0.3   2.2   0.9   1.2   1.6   82494.   8.3  384.  -4.7  -4.1 0.085   24514.   1.5    4.   0.7   1.3 0.019  2.74   0.88   2.24   9.7  5.7 0.0126 23  71    -2   9  99.8  297  -168   130   2.4 0.007099 999999.99 99999.99 99999.99 99999.99 99999.99 99999.99  0
2005 155  9 2345 51 52  60  27   6.0   5.5  -7.8 127.0  -3.2   4.3  -0.7   4.3  -1.0   0.2   2.5   1.0   0.9   2.1   73758.   8.4  379.  -6.5  -4.8 0.071   18607.   1.5    3.   0.6   2.0 0.016  2.59   0.38   1.96   9.2  5.6 0.0142 20  71    -1   7  99.8  175   -61   114   2.3 0.007099      0.56     0.31     0.22     0.18     0.14     0.08 -1
2005 155 10 2345 51 52  58  25   6.0   5.4 -10.0 120.2  -2.7   4.6  -0.9   4.5  -1.2   0.1   2.5   0.8   0.4   2.4   70192.   9.4  376.  -7.0  -4.2 0.058    8716.   1.3    4.   0.6   1.6 0.014  2.73   0.45   2.16   9.6  5.7 0.0129 20  71    -1   7  99.8  169   -36   133   2.0 0.007099      0.48     0.27     0.20     0.16     0.14     0.14 -1
2005 155 11 2345 51 52  62  24   6.2   5.3  41.4 130.2  -2.6   3.1   3.5   3.3   3.3   0.3   3.1   1.7   1.5   2.2   42752.  14.4  376.  -6.5  -3.9 0.026   13319.   2.4    3.   0.6   0.9 0.007  3.75  -1.24   2.67  11.5  6.3 0.0090 20  71     3   7  99.8  270  -164   106   1.6 0.007099      0.43     0.23     0.17     0.14     0.13     0.12 -1
2005 155 12 2345 51 52  64  27   7.0   6.1  -3.6 310.5   3.9  -4.6  -0.4  -4.6  -0.1   1.2   3.7   2.2   2.4   1.8   32755.  18.9  394.  -4.7  -3.7 0.022    6965.   3.8    7.   0.8   1.3 0.008  5.33   0.04   2.59  12.2  6.8 0.0079 33  71    18  18  99.8  253  -135   119   2.2 0.007099      0.43     0.24     0.19     0.16     0.15     0.15 -1
2005 155 13 2345 51 52  64  25   8.7   4.9 -29.7 314.7   3.0  -3.1  -2.5  -3.2  -2.4   2.4   7.4   2.8   3.9   5.6   68862.  28.6  414.  -4.3  -5.9 0.032   26268.   7.3    9.   1.0   1.4 0.012  9.23   0.99   3.10  12.7  6.6 0.0073 33  71    33  18  99.8  210   -83   127   1.4 0.007099      0.35     0.20     0.16     0.14     0.13     0.13 -1
2005 155 14 2345 51 52  58  29  13.4  12.5 -11.1 323.8   9.9  -7.3  -2.4  -7.3  -2.4   1.3   4.5   1.6   3.2   2.7   87536.  20.6  423.  -3.4  -4.8 0.032   17124.   4.2    8.   0.9   2.7 0.010  6.94   1.02   1.03   7.2  5.2 0.0232 33  71    27  18  99.8  317  -175   142   4.4 0.007099      0.40     0.26     0.21     0.19     0.17     0.14 -1
2005 155 15 2345 51 52  66  29  11.7   9.2 -47.4  79.8   1.1   6.1  -6.8   6.4  -6.5   1.9   7.3   5.2   4.5   2.4  129619.  17.5  441.  -2.8  -5.7 0.052   42124.   6.0   11.   1.1   2.0 0.020  6.87   2.87   1.37   7.9  5.3 0.0191 43  71    17  32  99.8  272  -146   126   2.7 0.007099      0.30     0.18     0.14     0.11     0.10     0.09 -1
2005 155 16 2345 51 52  68  29  11.6   9.8 -17.4 329.5   8.1  -4.8  -2.9  -4.5  -3.4   1.4   6.1   2.7   2.6   4.8  150273.  12.5  473.  -0.3  -5.0 0.061   57627.   4.3   30.   2.8   2.5 0.014  5.81   1.61   1.08   7.2  5.2 0.0229 43  71     6  32  99.8  437  -231   206   3.0 0.007099      0.36     0.23     0.19     0.16     0.14     0.13 -1
2005 155 17 2345 51 52  59  18  11.9  11.5 -28.8 328.7   8.6  -5.3  -5.6  -4.4  -6.4   1.7   3.0   1.2   1.0   2.6  202558.   6.8  527.   4.8  -4.7 0.064   33164.   1.8   13.   1.1   1.7 0.008  3.96   3.37   0.66   5.8  4.6 0.0357 43  71   -11  32  99.8  364  -212   152   1.1 0.007099      0.41     0.28     0.23     0.20     0.18     0.15 -1
2005 155 18 2345 51 52  61  17  10.7   9.8 -40.3 323.6   6.0  -4.5  -6.4  -3.1  -7.2   1.3   4.2   2.8   2.4   2.0  235961.   8.4  525.   6.9  -6.1 0.061   66128.   1.5   15.   1.4   1.3 0.016  4.81   3.78   1.11   7.1  5.1 0.0235 57  71   -18  67  99.8  661  -393   268   3.3 0.007099      0.42     0.26     0.20     0.17     0.16     0.15 -1
2005 155 19 2345 51 52  54   9   8.4   7.8 -20.5 347.3   7.2  -1.6  -2.7  -0.9  -3.0   0.7   3.0   1.4   1.8   1.9  331491.   9.9  499.   7.4  -6.2 0.072   36266.   1.0   11.   0.9   1.2 0.004  5.30   1.50   2.68   9.3  5.1 0.0136 57  71   -21  67  99.8 1206  -704   503   6.0 0.007099      0.43     0.25     0.19     0.16     0.14     0.14 -1
2005 155 20 2345 51 52  62  25   8.3   6.4  50.6 348.0   4.0  -0.8   4.9  -2.1   4.5   1.8   5.6   3.8   2.5   3.3  320249.   8.6  500.   7.3  -1.7 0.079  111842.   1.2   13.   0.9   2.6 0.016  4.73  -2.25   2.33   8.8  5.1 0.0152 57  71   -30  67  99.8  634  -413   221   3.4 0.007099      0.44     0.24     0.16     0.12     0.11     0.11 -1
2005 155 21 2345 51 52  59  24  10.1   9.2   2.5 302.6   4.9  -7.7   0.4  -7.5  -1.9   1.5   4.3   1.9   2.2   3.1  258243.   6.6  491.   4.3  -2.9 0.108   59529.   1.3    7.   1.2   2.6 0.027  3.81   0.93   1.04   6.2  4.5 0.0305 43  71   -25  32  99.8  194  -104    90   0.2 0.007099      0.47     0.28     0.21     0.16     0.14     0.14 -1
2005 155 22 2345 51 52  60  25  14.9  14.7   3.0 304.3   8.3 -12.1   0.8 -11.8  -2.9   1.6   2.9   0.7   2.5   1.4  180678.   5.2  487.   4.9  -5.2 0.037   72907.   1.1    7.   1.2   1.6 0.023  2.36   1.41   0.30   3.7  3.3 0.0856 43  71   -28  32  99.8  494  -275   220   3.2 0.007099      0.48     0.29     0.21     0.17     0.15     0.15 -1
2005 155 23 2345 51 52  66  36  13.8  13.2   6.7 300.9   6.7 -11.3   1.5 -11.2  -1.9   1.4   3.7   1.2   1.5   3.2  319882.   3.9  525.   6.6  -2.6 0.081  110701.   0.4   23.   1.7   3.3 0.042  2.38   1.00   0.38   3.8  3.3 0.0843 43  71   -27  32  99.8  580  -408   172   3.1 0.007099      0.59     0.36     0.25     0.19     0.16     0.14 -1
2005 156  0 2345 51 52  60  26  10.9   9.7  25.5 299.1   4.3  -7.7   4.2  -8.6   1.9   0.8   4.8   2.1   3.5   2.6  415403.   3.6  553.   8.4   1.7 0.121   96799.   0.7   10.   3.0   3.6 0.027  2.73  -1.05   0.69   4.8  3.8 0.0513 33  89   -28  18 108.6  466  -261   206   2.1 0.007133      0.55     0.32     0.20     0.15     0.13     0.13 -1
2005 156  1 2345 51 52  60  24  10.0   9.1  -3.7 299.8   4.5  -7.9  -0.6  -7.5  -2.6   0.3   4.0   2.4   1.8   2.6  345645.   4.1  560.   6.7  -0.3 0.084   62425.   0.5   25.   1.7   2.9 0.020  2.87   1.46   0.81   5.7  4.3 0.0370 33  89   -26  18 108.6  359  -220   139   2.1 0.007133      0.60     0.34     0.22     0.16     0.14     0.13 -1
2005 156  2 2345 51 52  62  31  10.0   9.0   0.8 291.0   3.2  -8.4   0.1  -8.2  -1.7   0.3   3.9   2.7   2.0   2.0  291695.   4.1  582.   5.0  -0.1 0.058   89914.   0.8   25.   2.3   2.0 0.016  2.86   0.99   0.72   5.9  4.6 0.0343 33  89   -25  18 108.6  517  -213   304   3.0 0.007133      0.71     0.40     0.25     0.18     0.15     0.14 -1
2005 156  3 2345 51 52  60  30  10.3   9.1  18.2 306.1   5.1  -7.0   2.8  -7.4   1.5   0.2   4.2   2.0   1.7   3.3  294553.   3.8  577.   5.0   1.9 0.043   89004.   0.7   19.   1.7   2.6 0.008  2.48  -0.87   0.63   5.5  4.4 0.0399 30  89   -28  15 108.6  413  -139   274   2.8 0.007133      0.94     0.50     0.30     0.21     0.17     0.13 -1
2005 156  4 2345 51 52  59  29  10.4  10.0  15.6 311.3   6.3  -7.2   2.7  -7.5   1.8   0.2   2.3   1.1   1.3   1.6  251761.   3.4  574.   5.1   3.2 0.037   89120.   0.4   12.   2.2   1.9 0.006  2.15  -1.03   0.50   5.1  4.3 0.0459 30  89   -25  15 108.6  322  -132   190   1.9 0.007133 999999.99 99999.99 99999.99 99999.99 99999.99 99999.99  0
2005 156  5 2345 51 52  60  26   9.9   9.1  -7.9 334.7   8.2  -3.9  -1.3  -3.8  -1.6   0.3   3.4   1.1   2.2   2.4  262120.   2.8  552.   7.9   1.0 0.033   72884.   0.5   14.   2.5   2.8 0.005  1.61   0.88   0.46   4.7  3.9 0.0547 30  89   -25  15 108.6  310  -157   153   1.7 0.007133 999999.99 99999.99 99999.99 99999.99 99999.99 99999.99  0
2005 156  6 2345 51 52  61  25   9.7   8.3  -7.6 304.1   4.6  -6.8  -1.1  -6.8  -1.3   0.5   4.7   3.1   1.0   3.4  250466.   2.4  600.   3.8   0.7 0.047   72212.   0.6   38.   1.5   3.8 0.016  1.71   0.78   0.40   4.8  4.1 0.0518 37  89   -33  22 108.6  550  -309   241   2.5 0.007133 999999.99 99999.99 99999.99 99999.99 99999.99 99999.99  0
2005 156  7 2345 51 52  60  25   9.5   9.0 -13.2 309.9   5.6  -6.7  -2.0  -6.7  -2.0   0.6   2.9   0.9   1.4   2.4  267582.   1.9  579.   4.1   0.4 0.041   85646.   0.3   15.   2.2   3.4 0.000  1.24   1.16   0.35   4.2  3.7 0.0674 37  89   -33  22 108.6  755  -483   272   3.2 0.007133 999999.99 99999.99 99999.99 99999.99 99999.99 99999.99  0
2005 156  8 2345 51 52  64  16   8.5   7.0 -22.4 293.4   2.6  -5.9  -2.7  -6.0  -2.5   0.2   4.3   1.8   1.8   3.4  377888.   2.4  621.   4.9  -0.5 0.048   57157.   0.4   22.   1.7   3.2 0.013  1.84   1.55   0.70   5.7  4.5 0.0371 37  89   -32  22 108.6  405  -212   194   2.7 0.007133 999999.99 99999.99 99999.99 99999.99 99999.99 99999.99  0
2005 156  9 2345 51 52  56  24   8.8   8.2  -7.9 304.0   4.5  -6.7  -1.1  -6.8  -0.7   0.2   2.8   1.9   0.8   1.9  351464.   2.4  598.   4.2  -2.6 0.043   65557.   0.3   28.   1.2   1.7 0.007  1.68   0.42   0.62   5.3  4.2 0.0429 30  89   -32  15 108.6  493  -280   213   2.6 0.007133 999999.99 99999.99 99999.99 99999.99 99999.99 99999.99  0
2005 156 10 2345 51 52  60  27   8.4   7.4   8.4 316.8   5.3  -5.0   1.1  -4.9   1.5   0.5   3.8   0.8   1.8   3.3  312020.   2.3  591.   5.1  -0.1 0.035   76747.   0.3   14.   1.7   3.9 0.005  1.53  -0.89   0.60   5.3  4.3 0.0418 30  89   -33  15 108.6  306  -159   147  -0.4 0.007133 999999.99 99999.99 99999.99 99999.99 99999.99 99999.99  0
2005 156 11 2345 51 52  61  28   7.5   6.7  20.5 293.6   2.5  -5.8   2.4  -5.6   2.9   0.3   2.9   1.5   1.2   2.1  351847.   2.4  601.   2.3   0.5 0.055   81113.   0.3   19.   1.9   2.1 0.008  1.77  -1.74   0.85   6.2  4.7 0.0309 30  89   -30  15 108.6  191   -74   117   0.7 0.007133 999999.99 99999.99 99999.99 99999.99 99999.99 99999.99  0
2005 156 12 2345 51 52  61  27   6.3   4.5  14.2 306.4   2.6  -3.5   1.1  -3.4   1.3   0.6   4.1   1.3   1.9   3.4  407130.   2.3  610.   3.2   1.1 0.056   76834.   0.3   14.   1.9   3.6 0.018  1.75  -0.79   1.29   7.3  5.0 0.0221 23  89   -28   9 108.6  151   -56    96   0.3 0.007133 999999.99 99999.99 99999.99 99999.99 99999.99 99999.99  0
2005 156 13 2345 51 52  65  29   5.8   2.7  42.0 349.6   2.0  -0.4   1.8  -0.3   1.8   0.2   4.9   1.9   4.2   1.8  318200.   2.1  641.   6.4   1.2 0.040   55364.   0.3   22.   4.3   2.5 0.007  1.67  -1.15   1.16   8.0  5.7 0.0185 23  89   -26   9 108.6  149   -49   100  -0.2 0.007133 999999.99 99999.99 99999.99 99999.99 99999.99 99999.99  0
2005 156 14 2345 51 52  56  26   5.7   4.6  33.3 337.4   3.6  -1.5   2.5  -1.5   2.5   0.1   3.3   0.8   2.3   2.2  323610.   2.0  622.   4.6   2.2 0.041   80664.   0.2   12.   2.7   1.9 0.007  1.50  -1.55   1.16   7.7  5.5 0.0200 23  89   -25   9 108.6   65   -36    29  -1.7 0.007133      4.67     1.93     0.61     0.20     0.13     0.12 -1
2005 156 15 2345 51 52  63  29   5.7   4.8  12.7 294.0   1.9  -4.3   1.1  -4.3   0.9   0.1   2.9   2.3   1.3   1.1  294190.   1.7  634.   1.1   1.0 0.039   60578.   0.2   29.   1.4   2.2 0.009  1.32  -0.57   0.92   7.3  5.4 0.0226 30  89   -26  15 108.6  160  -107    52   3.3 0.007133      5.68     2.35     0.71     0.24     0.15     0.14 -1
2005 156 16 2345 51 52  59  27   5.7   4.7  26.7 267.2  -0.2  -4.2   2.1  -4.4   1.7   0.7   3.1   1.8   1.4   2.1  300259.   1.8  662.   1.7   1.3 0.039   82764.   0.3   23.   1.4   2.6 0.008  1.52  -1.13   0.99   7.8  5.7 0.0196 30  89   -28  15 108.6  384  -291    93   3.0 0.007133      5.56     2.27     0.73     0.26     0.16     0.14 -1
2005 156 17 2345 51 52  61  34   5.5   4.2   8.0 293.7   1.7  -3.8   0.6  -3.8   0.0   0.3   3.3   1.6   1.6   2.4  316424.   1.9  645.   2.3   1.0 0.037   72217.   0.2   21.   2.1   3.4 0.007  1.52  -0.00   1.16   8.1  5.7 0.0182 30  89   -30  15 108.6  431  -324   107   3.7 0.007133      5.62     2.38     0.73     0.25     0.16     0.14 -1
2005 156 18 2345 51 52  59  29   5.5   2.4   5.5   4.0   2.4   0.2   0.2   0.2   0.2   0.2   4.7   2.4   2.7   3.0  327162.   2.0  643.   7.5   0.1 0.038   41236.   0.3   26.   2.8   3.0 0.005  1.59  -0.13   1.25   8.3  5.7 0.0174 40  89   -30  27 108.6  407  -279   127   0.9 0.007133 999999.99 99999.99 99999.99 99999.99 99999.99 99999.99  0
2005 156 19 2345 51 52  60  33   5.1   3.1  -5.9 332.2   2.7  -1.4  -0.3  -1.3  -0.6   0.4   3.9   1.2   3.0   2.1  328807.   1.9  645.   4.2   0.7 0.033   69259.   0.3   24.   3.4   2.5 0.003  1.49   0.39   1.39   8.7  5.9 0.0157 40  89   -27  27 108.6  247  -136   111   1.6 0.007133      5.21     2.55     1.11     0.61     0.35     0.15 -1
2005 156 20 2345 51 52  60  36   5.3   4.7  30.1 298.6   1.9  -3.6   2.4  -4.1   1.3   0.3   2.3   1.8   1.0   1.0  268570.   1.8  649.   1.6   3.0 0.030   36251.   0.2   21.   1.2   1.9 0.003  1.42  -0.84   1.06   8.2  5.9 0.0176 40  89   -29  27 108.6  200  -116    84   0.6 0.007133      5.48     2.40     0.91     0.44     0.27     0.15 -1
2005 156 21 2345 51 52  58  24   5.3   4.2  -5.1 297.2   1.9  -3.7  -0.4  -3.4  -1.5   0.2   3.0   2.1   1.6   1.4  243320.   1.7  636.   1.0  -1.4 0.030   24965.   0.2   24.   1.7   2.3 0.003  1.29   0.95   0.94   7.8  5.8 0.0194 30  89   -28  15 108.6  388  -309    79   1.7 0.007133      5.53     2.32     0.73     0.24     0.16     0.16 -1
2005 156 22 2345 51 52  59  12   5.4   4.4 -22.6 308.8   2.6  -3.2  -1.7  -2.5  -2.6   0.1   3.0   2.1   2.0   0.9  209825.   1.6  623.   1.9  -3.0 0.030   49898.   0.3   28.   2.6   1.7 0.002  1.16   1.62   0.77   7.3  5.7 0.0223 30  89   -25  15 108.6  421  -254   167   2.9 0.007133      5.90     2.48     0.74     0.24     0.14     0.14 -1
2005 156 23 2345 51 52  60  15   5.5   5.3 -11.4 305.7   3.0  -4.2  -1.0  -3.7  -2.2   0.0   1.3   0.8   0.6   0.9  215822.   1.6  606.   0.1  -2.0 0.029   53356.   0.2    9.   0.6   1.3 0.002  1.10   1.33   0.76   7.0  5.4 0.0245 30  89   -32  15 108.6  545  -359   185   2.2 0.007133      6.13     2.54     0.76     0.25     0.16     0.15 -1
2005 157  0 2345 51 52  63  18   5.4   4.3   4.3 308.6   2.7  -3.4   0.3  -3.4  -0.6   0.2   2.9   1.7   1.2   2.0  207956.   1.5  613.   1.7   1.5 0.031   60386.   0.3   29.   2.7   2.7 0.002  1.06   0.37   0.72   7.0  5.5 0.0246 37  92   -26  22 109.2  367  -230   137   1.7 0.007089      6.11     2.53     0.76     0.24     0.15     0.14 -1
2005 157  1 2345 51 52  57  18   5.1   4.2   2.4 328.7   3.6  -2.2   0.2  -2.2  -0.3   0.1   2.8   1.2   1.3   2.1  238453.   1.5  596.   2.7   1.1 0.026   65114.   0.3   21.   1.8   2.8 0.001  0.98   0.18   0.88   7.2  5.4 0.0232 37  92   -20  22 109.2  225   -99   127   1.0 0.007089      6.54     2.71     0.77     0.22     0.13     0.13 -1
2005 157  2 2345 51 52  58  24   5.2   4.9 -26.1 326.1   3.6  -2.4  -2.1  -1.9  -2.6   0.1   1.6   0.9   1.2   0.7  178663.   1.4  586.   2.3  -2.2 0.034   35592.   0.2   16.   1.6   1.8 0.001  0.91   1.52   0.66   6.7  5.3 0.0268 37  92   -18  22 109.2  497  -306   191   3.5 0.007089      7.13     2.91     0.81     0.24     0.14     0.14 -1
2005 157  3 2345 51 52  61  25   5.4   4.2   0.0 307.6   2.6  -3.3   0.0  -3.3  -0.5   0.1   3.3   1.3   1.1   2.8  192037.   1.7  593.   2.3   0.3 0.030   54648.   0.3   19.   1.3   2.8 0.002  1.12   0.30   0.78   7.2  5.5 0.0232 27  92   -18  12 109.2  516  -373   143   4.6 0.007089      8.75     3.39     0.88     0.20     0.10     0.10 -1
2005 157  4 2345 51 52  60  25   5.0   4.6  -0.6 317.9   3.4  -3.1   0.0  -3.1  -0.4   0.2   1.6   0.9   0.8   1.1  193806.   1.7  577.   1.3   1.3 0.033   41351.   0.2   15.   1.2   1.9 0.005  1.07   0.23   0.91   7.5  5.6 0.0210 27  92   -18  12 109.2  196  -113    83   0.8 0.007089     10.50     4.13     1.06     0.26     0.15     0.15 -1
2005 157  5 2345 51 52  63  26   4.1   2.9  11.3 277.7   0.4  -2.9   0.6  -2.9   0.4   0.2   2.7   2.2   0.8   1.3  175022.   1.7  614.   0.6  -0.1 0.026   33271.   0.3   28.   1.2   1.7 0.004  1.18  -0.25   1.28   9.8  6.7 0.0125 27  92   -19  12 109.2  160   -71    88   1.0 0.007089     12.40     4.80     1.22     0.30     0.16     0.14 -1
2005 157  6 2345 51 52  56  16   3.7   3.2  -1.0 261.2  -0.5  -3.2  -0.1  -3.2  -0.2   0.3   1.7   1.4   0.7   0.9  144736.   1.4  619.  -0.5  -1.9 0.023   36054.   0.3   24.   0.9   1.6 0.003  0.98   0.12   1.16   9.9  7.0 0.0121 23  92   -24   9 109.2  293  -157   137   1.1 0.007089     11.50     4.50     1.13     0.28     0.16     0.16 -1
2005 157  7 2345 51 52  60  30   3.5   2.3  13.3 331.0   2.0  -1.1   0.5  -1.1   0.5   0.2   2.6   1.5   0.9   1.9  115104.   1.1  581.   2.6  -2.0 0.027   30448.   0.2   25.   1.6   2.7 0.002  0.69  -0.29   0.91   8.7  6.5 0.0157 23  92   -25   9 109.2  354  -210   144   1.6 0.007089 999999.99 99999.99 99999.99 99999.99 99999.99 99999.99  0
2005 157  8 2345 51 52  59  24   3.8   3.6  15.3 338.5   3.2  -1.3   0.9  -1.3   1.0   0.1   1.1   0.3   0.7   0.8   93624.   1.0  556.   2.2  -1.5 9.999   17667.   0.1    6.   1.1   1.5 9.999  0.62  -0.56   0.64   7.3  5.9 0.0222 23  92   -25   9 109.2  110   -64    46   0.4 0.007089 999999.99 99999.99 99999.99 99999.99 99999.99 99999.99  0
2005 157  9 2345 51 52  60  33   3.5   3.3  15.6 326.1   2.7  -1.8   0.9  -1.7   1.0   0.1   1.0   0.4   0.7   0.6   98149.   0.9  557.   0.8  -1.5 0.030   42923.   0.2    9.   1.4   1.4 0.003  0.52  -0.56   0.69   7.5  6.0 0.0209  7  92   -22   3 109.2   41   -26    15   0.3 0.007089 999999.99 99999.99 99999.99 99999.99 99999.99 99999.99  0
2005 157 10 2345 51 52  59  24   3.4   3.1  19.6 324.7   2.4  -1.7   1.0  -1.6   1.1   0.1   1.3   0.6   0.6   1.0  119421.   1.0  560.   0.8  -1.6 0.033   42757.   0.2   16.   1.5   1.6 0.007  0.59  -0.62   0.89   8.2  6.2 0.0175  7  92   -20   3 109.2   40   -26    14  -0.8 0.007089 999999.99 99999.99 99999.99 99999.99 99999.99 99999.99  0
2005 157 11 2345 51 52  59  29   3.7   3.7  15.9 318.3   2.6  -2.4   1.0  -2.3   1.2   0.1   0.5   0.3   0.4   0.2   74844.   0.9  547.  -0.5  -1.1 0.027   16515.   0.1    7.   0.6   0.7 0.004  0.50  -0.66   0.56   7.0  5.8 0.0242  7  92   -21   3 109.2   42   -28    15  -0.6 0.007089 999999.99 99999.99 99999.99 99999.99 99999.99 99999.99  0
2005 157 12 2345 51 52  57  25   3.6   3.5   9.7 302.9   1.9  -2.9   0.6  -2.8   0.8   0.1   1.1   0.8   0.7   0.5  104811.   1.0  537.   0.8  -0.7 0.028   36586.   0.2    6.   0.7   0.9 0.004  0.54  -0.43   0.75   7.5  5.8 0.0214  7  92   -23   3 109.2   67   -35    32   0.5 0.007089 999999.99 99999.99 99999.99 99999.99 99999.99 99999.99  0
2005 157 13 2345 51 52  60  33   2.0   1.7  -2.7 293.9   0.7  -1.5  -0.1  -1.5   0.0   0.5   1.1   0.7   0.7   0.5  151695.   1.4  525.   1.2  -0.3 9.999   30265.   0.2    6.   0.8   0.9 9.999  0.77  -0.00   4.08  15.5  7.3 0.0049  7  92   -22   3 109.2  216  -141    76   1.6 0.007089 999999.99 99999.99 99999.99 99999.99 99999.99 99999.99  0
2005 157 14 2345 51 52  56  31   2.6   2.2  26.5 294.9   0.8  -1.8   1.0  -1.8   1.0   0.2   1.4   0.6   1.2   0.4  130917.   1.4  498.   0.9   2.3 0.023   30102.   0.1   11.   1.2   1.3 0.003  0.63  -0.50   2.23  11.3  6.6 0.0093  7  92   -19   3 109.2  135   -97    38   1.0 0.007089 999999.99 99999.99 99999.99 99999.99 99999.99 99999.99  0
2005 157 15 2345 51 52  58  34   2.7   2.5  37.0 313.4   1.4  -1.4   1.5  -1.5   1.4   0.3   1.1   0.7   0.6   0.5  113354.   1.4  475.   1.4   4.0 0.029   37108.   0.3    6.   0.5   1.5 0.006  0.59  -0.67   1.93  10.4  6.4 0.0110 10  92   -18   4 109.2   57   -44    12   0.9 0.007089 999999.99 99999.99 99999.99 99999.99 99999.99 99999.99  0
2005 157 16 2345 51 52  59  32   3.5   2.6 -18.6 279.0   0.4  -2.4  -0.8  -2.3  -1.0   0.3   2.3   1.2   1.0   1.6   59737.   1.6  461.  -0.8   3.9 0.033   20000.   0.3    6.   1.1   1.6 0.004  0.64   0.46   1.02   8.3  6.1 0.0171 10  92   -19   4 109.2   62   -36    26   1.5 0.007089     10.60     4.31     1.15     0.32     0.17     0.12 -1
2005 157 17 2345 51 52  58  33   4.2   4.0 -24.6 270.9   0.1  -3.7  -1.7  -3.4  -2.2   0.2   1.0   0.8   0.3   0.5   46520.   1.8  453.  -2.8   3.3 0.029   12966.   0.2    7.   0.6   0.8 0.004  0.69   1.00   0.74   7.2  5.6 0.0227 10  92   -20   4 109.2  199  -129    70   2.1 0.007089     11.20     4.39     1.15     0.28     0.15     0.14 -1
2005 157 18 2345 51 52  63  35   4.4   4.4  -7.2 283.9   1.0  -4.2  -0.5  -4.0  -1.3   0.6   1.0   0.5   0.6   0.6   72863.   2.6  449.  -3.8   3.4 0.023   16976.   0.4    7.   0.3   1.0 0.003  0.96   0.58   1.12   8.2  5.9 0.0176 20  92   -19   7 109.2  243  -149    94   2.1 0.007089      9.77     3.96     1.07     0.27     0.15     0.15 -1
2005 157 19 2345 51 52  59  33   6.4   5.8  -1.9 283.7   1.4  -5.7  -0.2  -5.5  -1.5   0.3   2.5   2.0   0.9   1.1  100870.   4.0  463.  -2.6   3.4 0.027   25507.   0.6   14.   1.0   1.4 0.006  1.59   0.69   0.93   7.2  5.4 0.0227 20  92   -21   7 109.2  234  -130   104   1.6 0.007089     12.00     4.61     1.15     0.26     0.14     0.14 -1
2005 157 20 2345 51 52  62  30   6.6   6.3 -18.2 277.0   0.7  -5.9  -2.0  -5.2  -3.5   0.3   1.7   1.3   0.5   1.1  101049.   4.4  467.  -2.7   1.4 0.024   24949.   0.5   10.   0.5   1.5 0.004  1.76   1.63   0.96   7.4  5.5 0.0216 20  92   -22   7 109.2  315  -174   141   2.2 0.007089     13.30     5.01     1.20     0.25     0.13     0.12 -1
2005 157 21 2345 51 52  60  32   7.2   6.7 -22.3 268.7  -0.1  -6.2  -2.5  -5.2  -4.2   0.3   2.7   1.8   0.6   1.9   92159.   4.5  467.  -1.9   0.4 0.022   20680.   0.5   11.   1.0   1.9 0.003  1.78   1.96   0.80   6.9  5.3 0.0251 37  92   -29  22 109.2  478  -244   234   2.6 0.007089     18.60     6.35     1.40     0.27     0.14     0.14 -1
2005 157 22 2345 51 52  58  25   7.5   6.8 -11.2 244.3  -2.9  -6.0  -1.3  -5.4  -3.0   0.3   2.9   1.0   1.2   2.5   88181.   4.9  480.   0.4   0.8 0.019   22116.   0.7    7.   1.3   2.3 0.003  2.03   1.44   0.78   7.1  5.5 0.0237 37  92   -29  22 109.2  613  -353   260   3.2 0.007089     22.70     7.51     1.58     0.32     0.16     0.15 -1
2005 157 23 2345 51 52  62  33   7.4   7.1  11.4 243.8  -3.1  -6.2   1.4  -6.3  -0.4   0.2   2.1   1.1   0.5   1.7   92900.   5.0  477.   0.0   1.0 0.015   27068.   0.9    7.   1.0   2.5 0.005  2.01   0.19   0.84   7.2  5.5 0.0229 37  92   -30  22 109.2  507  -300   207   2.5 0.007089     24.30     7.87     1.65     0.34     0.16     0.14 -1
