2005 233  0 2348 51 52  60  36   3.4   3.4   0.3 354.2   3.4  -0.3   0.0  -0.3   0.1   0.2   0.4   0.2   0.2   0.2   81218.   4.9  384.  -1.1   1.7 0.073    7498.   0.2    1.   1.1   0.3 0.007  1.56  -0.04   3.70  12.5  6.1 0.0076  7  65     4   3 100.8   47   -13    34  -0.3 0.006829      0.45     0.23     0.23     0.22     0.19     0.16 -1
2005 233  1 2348 51 52  59  37   3.7   3.7   3.9 341.2   3.5  -1.2   0.2  -1.1   0.5   0.2   0.5   0.3   0.3   0.4   65249.   5.4  385.  -1.9   1.6 0.062    3354.   0.4    2.   0.2   0.3 0.005  1.67  -0.19   3.18  12.1  6.2 0.0081  7  65     6   3 100.8   45   -16    29  -0.1 0.006829 999999.99 99999.99 99999.99 99999.99 99999.99 99999.99  0
2005 233  2 2348 51 52  61  37   4.1   4.0  -1.1 354.2   4.0  -0.4  -0.1  -0.4   0.0   0.5   0.9   0.7   0.5   0.4   74796.   5.6  382.  -1.5   1.4 0.057    4679.   0.1    1.   0.3   0.2 0.004  1.68  -0.00   2.82  11.0  6.0 0.0098  7  65    11   3 100.8   41   -15    26  -0.3 0.006829 999999.99 99999.99 99999.99 99999.99 99999.99 99999.99  0
2005 233  3 2348 51 52  59  37   4.4   4.3  -7.4 357.5   4.3  -0.2  -0.6  -0.4  -0.5   0.2   0.6   0.2   0.6   0.2   71622.   5.6  379.  -1.4   1.5 0.056    5826.   0.2    2.   0.4   0.2 0.003  1.64   0.19   2.41  10.2  5.8 0.0115 10  65    15   4 100.8   45   -17    28  -0.2 0.006829 999999.99 99999.99 99999.99 99999.99 99999.99 99999.99  0
2005 233  4 2348 51 52  61  38   5.0   4.9  -4.7 352.6   4.8  -0.6  -0.4  -0.7  -0.2   0.5   1.3   0.3   1.0   0.8   73945.   6.7  380.  -2.1   0.9 0.061    5417.   0.7    4.   1.0   0.5 0.003  2.01   0.08   2.26   9.8  5.7 0.0123 10  65    17   4 100.8   63   -24    39  -0.0 0.006829 999999.99 99999.99 99999.99 99999.99 99999.99 99999.99  0
2005 233  5 2348 51 52  59  36   5.7   5.6 -17.5 335.4   4.9  -2.2  -1.7  -2.7  -0.8   0.2   1.0   0.5   0.7   0.5   67933.   7.7  383.  -4.0   0.1 0.060    2654.   0.2    3.   0.5   0.4 0.004  2.34   0.31   1.94   9.3  5.7 0.0137 10  65    18   4 100.8   99   -48    52   0.2 0.006829 999999.99 99999.99 99999.99 99999.99 99999.99 99999.99  0
2005 233  6 2348 51 52  60  37   6.2   6.0 -20.0 330.3   4.9  -2.8  -2.1  -3.4  -0.7   0.3   1.2   0.4   0.4   1.1   62950.   7.9  382.  -4.7   0.4 0.058    4771.   0.4    3.   0.6   0.6 0.004  2.37   0.27   1.64   8.7  5.6 0.0159  7  65    15   3 100.8  111   -49    63   0.2 0.006829 999999.99 99999.99 99999.99 99999.99 99999.99 99999.99  0
2005 233  7 2348 51 52  61  37   6.2   6.1 -26.0 334.3   4.9  -2.4  -2.7  -3.4  -1.3   0.4   1.3   0.5   0.7   1.0   68475.   9.4  384.  -5.3   0.5 0.049    7270.   0.9    4.   0.4   0.5 0.003  2.77   0.50   2.00   9.5  5.7 0.0132  7  65    13   3 100.8  110   -34    76  -0.0 0.006829 999999.99 99999.99 99999.99 99999.99 99999.99 99999.99  0
2005 233  8 2348 51 52  61  37   5.4   4.3  -0.5 309.2   2.7  -3.4   0.0  -3.0   1.6   0.8   3.3   2.4   1.0   2.0   72757.  11.5  389.  -5.5   1.4 0.052    6112.   0.8    5.   0.9   0.5 0.008  3.51  -0.62   3.30  12.2  6.2 0.0080  7  65    15   3 100.8   80   -20    60   0.1 0.006829 999999.99 99999.99 99999.99 99999.99 99999.99 99999.99  0
2005 233  9 2348 51 52  58  35   5.5   5.3 -12.7 331.5   4.6  -2.5  -1.2  -2.8   0.2   0.7   1.4   1.1   0.7   0.5   69084.  10.7  382.  -6.0   1.6 0.040    6344.   0.8    3.   0.3   0.2 0.004  3.02  -0.08   2.91  11.4  6.1 0.0092  7  65    13   3 100.8   94   -20    73  -0.0 0.006829 999999.99 99999.99 99999.99 99999.99 99999.99 99999.99  0
2005 233 10 2348 51 52  59  36   6.4   6.4   0.2 329.0   5.5  -3.3   0.0  -2.8   1.7   0.4   0.9   0.4   0.4   0.7   48413.  10.3  376.  -6.5   1.9 0.027    6783.   0.4    2.   0.3   0.3 0.005  2.69  -0.64   1.85   9.4  5.9 0.0134  7  65    12   3 100.8  117   -29    88  -0.2 0.006829 999999.99 99999.99 99999.99 99999.99 99999.99 99999.99  0
2005 233 11 2348 51 52  59  37   6.7   6.6   2.7 327.9   5.6  -3.5   0.3  -2.9   2.0   0.4   1.1   0.4   0.5   0.9   48810.  12.0  374.  -7.4   2.2 0.026    3651.   0.8    3.   0.5   0.4 0.003  3.09  -0.75   1.97   9.7  5.9 0.0127  7  65    16   3 100.8  101   -35    66  -0.6 0.006829 999999.99 99999.99 99999.99 99999.99 99999.99 99999.99  0
2005 233 12 2348 51 52  61  37   6.9   6.7   5.9 339.0   6.3  -2.4   0.7  -1.7   1.8   0.4   1.3   0.4   0.8   1.0   49636.  13.3  374.  -7.7   3.3 0.028    2387.   1.1    2.   0.3   0.4 0.004  3.45  -0.67   2.07   9.9  5.9 0.0122 20  65    19   7 100.8   98   -39    59  -0.2 0.006829 999999.99 99999.99 99999.99 99999.99 99999.99 99999.99  0
2005 233 13 2348 51 52  60  36   5.7   5.3 -13.5 336.1   4.7  -2.1  -1.2  -2.4  -0.1   0.6   2.3   1.1   1.1   1.6   41742.  16.3  370.  -7.8   4.2 0.025   11668.   1.9    4.   0.4   0.5 0.004  4.10   0.04   3.55  13.1  6.5 0.0069 20  65    17   7 100.8   90   -32    57   0.1 0.006829 999999.99 99999.99 99999.99 99999.99 99999.99 99999.99  0
2005 233 14 2348 51 52  62  39   5.5   5.0  -7.0 321.7   3.9  -3.1  -0.6  -3.0   0.8   1.1   2.5   1.5   1.0   1.7   39328.  28.9  384.  -9.2   4.5 0.021    5283.   6.2    4.   0.6   0.6 0.007  7.71  -0.31   6.66  18.8  7.2 0.0034 20  65    24   7 100.8  106   -32    74   0.1 0.006829 999999.99 99999.99 99999.99 99999.99 99999.99 99999.99  0
2005 233 15 2348 51 52  60  37   6.6   6.4  -5.7 333.2   5.7  -2.9  -0.6  -2.9   0.6   0.5   1.4   0.7   0.8   0.8   43790.  42.3  385.  -9.2   2.2 0.014    3772.   3.7    3.   0.2   0.5 0.002 11.06  -0.23   6.95  19.0  7.2 0.0033 47  65    33  39 100.8  106   -23    83  -0.3 0.006829 999999.99 99999.99 99999.99 99999.99 99999.99 99999.99  0
2005 233 16 2348 51 52  76  44   9.4   2.9  24.9 125.6  -1.5   2.2   1.2   2.5   0.3   3.1   9.2   4.1   6.6   5.1  129249.  26.4  437.  -2.2   4.6 0.047   82294.  23.0   44.   7.2   2.7 0.023 10.00  -0.13   3.20  11.9  6.2 0.0083 47  65    25  39 100.8  149   -57    92   0.6 0.006829      0.24     0.16     0.15     0.14     0.13     0.13 -1
2005 233 17 2348 51 52  61  37  10.5  10.4  20.2 124.3  -5.5   8.1   3.6   8.8   0.9   0.9   1.8   1.0   1.0   1.0  163339.   5.0  508.   5.7   3.8 0.049   18903.   0.4    6.   0.7   1.1 0.007  2.58  -0.46   0.55   5.4  4.5 0.0407 47  65     9  39 100.8  218  -115   102  -0.4 0.006829      0.16     0.15     0.15     0.14     0.14     0.13 -1
2005 233 18 2348 51 52  59  37   9.0   8.8   6.1 150.0  -7.5   4.4   0.9   4.5  -0.3   0.5   2.1   0.7   0.8   1.8  137695.   4.1  520.   2.4   0.1 0.049   30617.   0.5    9.   0.9   1.2 0.006  2.21   0.16   0.56   5.8  4.8 0.0348 23  65     4   9 100.8  332  -209   122   0.5 0.006829      0.21     0.20     0.20     0.19     0.17     0.14 -1
2005 233 19 2348 51 52  58  36  10.2  10.2  -1.4 149.0  -8.7   5.2  -0.2   5.0  -1.4   0.1   0.7   0.2   0.6   0.4   67494.   3.9  494.   3.1  -0.6 0.031    7506.   0.2    6.   0.7   1.0 0.004  1.79   0.69   0.31   4.8  4.3 0.0520 23  65     5   9 100.8  211  -125    86   1.0 0.006829      0.18     0.17     0.16     0.14     0.13     0.13 -1
2005 233 20 2348 51 52  61  37   9.4   9.3  -8.5 162.0  -8.7   2.8  -1.4   2.5  -1.9   0.6   1.3   0.4   0.9   0.9   79668.   3.8  503.   2.8   0.0 0.031   20491.   0.6    6.   0.9   1.2 0.007  1.80   0.96   0.37   5.2  4.5 0.0437 23  65     2   9 100.8  189   -91    98   1.5 0.006829      0.20     0.18     0.18     0.16     0.15     0.15 -1
2005 233 21 2348 51 52  60  37   8.7   8.7  -9.2 175.1  -8.5   0.7  -1.4   0.4  -1.5   0.3   0.6   0.3   0.4   0.3 9999999.   3.9  498.   1.9  -2.0 0.035 9999999.   0.4    3.   0.3   0.6 0.008  1.84   0.75 999.99   5.7 99.9 0.0372 20  65    -5   7 100.8  260  -171    88   1.2 0.006829      0.18     0.16     0.16     0.15     0.15     0.15 -1
2005 233 22 2348 51 52  60  34   9.2   9.1  -8.2 180.9  -9.0  -0.1  -1.3  -0.3  -1.3   0.3   0.7   0.3   0.2   0.5   57214.   3.1  499.   1.2  -1.2 0.037   22195.   0.8    6.   0.4   0.4 0.013  1.48   0.65   0.28   4.8  4.3 0.0522 20  65    -7   7 100.8  319  -208   111   1.2 0.006829      0.22     0.18     0.17     0.16     0.16     0.16 -1
2005 233 23 2348 51 52  59  36   9.7   9.7  -7.7 178.4  -9.6   0.3  -1.3   0.1  -1.3   0.2   0.6   0.2   0.3   0.4   71615.   3.3  503.   0.9  -1.8 0.030    2497.   0.5    8.   0.5   0.4 0.005  1.56   0.65   0.29   4.7  4.2 0.0536 20  65   -10   7 100.8  222  -126    96   1.3 0.006829      0.17     0.14     0.14     0.12     0.12     0.12 -1
2005 234  0 2348 51 52  62  38   9.0   8.7  -7.3 171.4  -8.6   1.3  -1.1   1.1  -1.3   0.7   2.2   1.1   1.8   0.4  142309.   4.0  521.   2.9  -2.9 0.042   27435.   0.4   15.   1.6   0.6 0.014  2.12   0.68   0.56   5.8  4.8 0.0355 23  63   -11   9 107.2  213  -127    86   1.3 0.006967 999999.99 99999.99 99999.99 99999.99 99999.99 99999.99  0
2005 234  1 2348 51 52  60  36   8.0   7.9  -9.1 145.3  -6.4   4.4  -1.3   4.0  -2.2   0.3   1.0   0.5   0.4   0.8  152289.   4.4  525.   5.6  -4.0 0.056   14782.   0.3    4.   0.5   0.5 0.006  2.48   1.16   0.80   6.9  5.3 0.0251 23  63   -14   9 107.2  345  -219   126   1.6 0.006967 999999.99 99999.99 99999.99 99999.99 99999.99 99999.99  0
2005 234  2 2348 51 52  58  33   7.6   7.5  -1.5 120.0  -3.7   6.5  -0.2   6.2  -1.8   0.2   1.3   0.9   0.8   0.6  135706.   3.9  502.   6.6  -3.4 0.058   13720.   0.2    8.   0.5   0.4 0.006  2.02   0.90   0.74   6.5  5.1 0.0280 23  63    -9   9 107.2  259  -151   108   1.9 0.006967 999999.99 99999.99 99999.99 99999.99 99999.99 99999.99  0
2005 234  3 2348 51 52  60  37   7.9   7.7  -3.3 114.6  -3.2   7.0  -0.4   6.6  -2.4   0.5   1.8   0.9   0.5   1.4  122562.   3.8  501.   5.6  -3.2 0.052   21082.   0.3    9.   1.3   0.9 0.009  1.92   1.20   0.64   6.2  5.0 0.0311 33  63    -8  18 107.2  314  -184   130   1.6 0.006967 999999.99 99999.99 99999.99 99999.99 99999.99 99999.99  0
2005 234  4 2348 51 52  55  34   7.6   7.2  42.3 140.2  -4.1   3.4   4.8   4.8   3.4   1.1   2.5   0.9   1.6   1.8   99345.   3.6  482.   0.9  -2.3 0.047   25057.   0.7   16.   2.2   1.4 0.013  1.66  -1.64   0.59   6.0  4.9 0.0329 33  63    -7  18 107.2  350  -222   128   2.8 0.006967 999999.99 99999.99 99999.99 99999.99 99999.99 99999.99  0
2005 234  5 2348 51 52  62  38   5.5   2.9  60.2 163.8  -1.4   0.4   2.5   1.3   2.2   1.2   4.7   3.2   3.2   1.3  118509.   5.5  465.  -1.2  -5.6 0.055   15927.   0.6    9.   1.9   1.0 0.020  2.42  -1.02   1.87   9.9  6.1 0.0121 33  63     4  18 107.2   69    -7    62   0.8 0.006967 999999.99 99999.99 99999.99 99999.99 99999.99 99999.99  0
2005 234  6 2348 51 52  58  34   4.5   2.3  38.9 159.5  -1.7   0.6   1.4   1.1   1.0   0.4   3.8   2.9   1.8   1.6  111841.   5.7  460.   0.4  -6.9 0.077   14911.   0.4    8.   0.6   0.8 0.007  2.63  -0.46   2.81  12.2  6.6 0.0080 13  63     9   5 107.2   60   -15    45   0.4 0.006967 999999.99 99999.99 99999.99 99999.99 99999.99 99999.99  0
2005 234  7 2348 51 52  59  36   4.1   2.2 -30.8 208.7  -1.6  -0.9  -1.1  -1.3  -0.6   0.4   3.3   2.5   1.8   1.3  123716.   5.0  453.   2.5  -4.2 0.077   20708.   0.3    6.   1.0   1.2 0.006  2.24   0.27   3.12  12.4  6.4 0.0078 13  63     6   5 107.2   62    -9    52   0.6 0.006967 999999.99 99999.99 99999.99 99999.99 99999.99 99999.99  0
2005 234  8 2348 51 52  61  38   4.4   4.0   1.6 157.7  -3.7   1.5   0.1   1.4  -0.6   0.4   1.7   0.5   1.2   1.2  109186.   4.9  443.   2.0  -3.3 0.074   11575.   0.3    5.   0.7   0.8 0.006  2.08   0.27   2.50  11.1  6.3 0.0096 13  63     0   5 107.2   66   -24    42   0.3 0.006967 999999.99 99999.99 99999.99 99999.99 99999.99 99999.99  0
2005 234  9 2348 51 52  61  38   4.3   3.2   6.7 145.5  -2.6   1.8   0.4   1.8  -0.6   0.8   2.9   1.0   2.0   1.8  136000.   4.0  464.   3.3   0.7 0.070   17950.   0.4   11.   1.8   1.5 0.008  1.84   0.28   2.38  10.8  6.2 0.0102 13  63    -1   5 107.2  128   -51    77   0.8 0.006967 999999.99 99999.99 99999.99 99999.99 99999.99 99999.99  0
2005 234 10 2348 51 52  60  33   4.2   3.1 -25.1 173.0  -2.8   0.3  -1.3  -0.4  -1.3   0.6   2.7   1.8   1.6   1.3  105180.   4.2  453.   2.8   2.7 0.073   17459.   0.3   10.   1.4   0.9 0.016  1.86   0.59   2.31  11.1  6.4 0.0097 13  63    -1   5 107.2  309  -204   105   1.2 0.006967 999999.99 99999.99 99999.99 99999.99 99999.99 99999.99  0
2005 234 11 2348 51 52  59  36   6.9   6.9 -19.8 175.7  -6.5   0.5  -2.3  -0.7  -2.2   0.3   0.7   0.4   0.4   0.4   56679.   3.2  453.   4.2   3.2 0.039    6364.   0.1    2.   0.4   0.3 0.003  1.27   1.00   0.52   5.9  4.9 0.0345 13  63    -5   5 107.2  452  -301   151   1.5 0.006967 999999.99 99999.99 99999.99 99999.99 99999.99 99999.99  0
2005 234 12 2348 51 52  58  36   7.6   7.6 -12.9 168.3  -7.2   1.5  -1.7   0.4  -2.2   0.2   0.5   0.2   0.3   0.4   55812.   3.6  444.   4.0   2.7 0.042    7700.   0.2    5.   0.5   0.4 0.010  1.38   0.98   0.48   5.5  4.7 0.0387 23  63    -7   9 107.2  349  -208   141   0.9 0.006967 999999.99 99999.99 99999.99 99999.99 99999.99 99999.99  0
2005 234 13 2348 51 52  58  36   7.1   7.0  -5.5 160.6  -6.6   2.3  -0.7   1.7  -1.7   0.7   0.9   0.7   0.3   0.4   66270.   4.6  429.   2.7   2.3 0.056    9206.   0.7    6.   0.3   0.6 0.004  1.73   0.73   0.74   6.5  5.1 0.0283 23  63    -4   9 107.2  256  -125   132   1.3 0.006967 999999.99 99999.99 99999.99 99999.99 99999.99 99999.99  0
2005 234 14 2348 51 52  64  38   7.7   7.5   3.6 157.0  -6.9   2.9   0.5   2.8  -0.9   0.5   1.7   0.5   0.7   1.5   69236.   4.3  428.   2.0   0.8 0.067    8701.   0.6    7.   0.7   1.1 0.009  1.67   0.39   0.60   5.8  4.7 0.0358 23  63     0   9 107.2  141   -54    87   0.1 0.006967 999999.99 99999.99 99999.99 99999.99 99999.99 99999.99  0
2005 234 15 2348 51 52  65  39   4.3   1.8   4.1 137.0  -1.3   1.2   0.1   1.1  -0.4   2.3   4.4   3.2   2.4   1.9  179650.   5.5  485.   3.9   2.2 0.066   38791.   1.3   21.   2.0   2.1 0.016  2.73   0.19   3.81  13.2  6.4 0.0068 23  63     1   9 107.2  110   -61    50  -0.1 0.006967 999999.99 99999.99 99999.99 99999.99 99999.99 99999.99  0
2005 234 16 2348 51 52  64  39   5.3   2.8  61.4 299.2   0.7  -1.2   2.5  -0.2   2.8   1.4   4.7   2.3   1.3   3.9  164343.   4.2  517.   7.7   0.1 0.065   16436.   0.9   20.   1.1   1.4 0.008  2.36  -1.45   1.82  10.0  6.2 0.0119 23  63     0   9 107.2   84   -47    37  -1.8 0.006967 999999.99 99999.99 99999.99 99999.99 99999.99 99999.99  0
2005 234 17 2348 51 52  59  37   4.5   3.6  67.7 198.9  -1.3  -0.4   3.3   0.7   3.3   1.5   3.1   1.2   2.0   2.1  209313.   4.1  527.   6.7  -1.5 0.063   16933.   0.4    7.   0.7   0.5 0.004  2.38  -1.74   2.84  11.9  6.4 0.0085 23  63     1   9 107.2   56   -24    31  -1.0 0.006967 999999.99 99999.99 99999.99 99999.99 99999.99 99999.99  0
2005 234 18 2348 51 52  60  37   5.4   3.5  50.8 169.3  -2.2   0.4   2.7   1.1   2.5   0.7   4.0   1.3   3.0   2.4  209980.   3.9  527.   6.6  -1.0 0.065   13851.   0.3    4.   0.5   0.7 0.007  2.28  -1.32   1.88   9.6  5.9 0.0128 13  63    -7   5 107.2   50   -18    32  -0.3 0.006967 999999.99 99999.99 99999.99 99999.99 99999.99 99999.99  0
2005 234 19 2348 51 52  61  38   4.6   3.6  51.1 171.8  -2.3   0.3   2.8   1.0   2.7   0.8   2.8   0.8   2.1   1.6  190714.   3.6  538.   5.5  -1.4 0.060   19903.   0.3    5.   1.0   0.8 0.008  2.16  -1.45   2.26  11.1  6.5 0.0097 13  63    -7   5 107.2   45   -11    35  -0.3 0.006967 999999.99 99999.99 99999.99 99999.99 99999.99 99999.99  0
2005 234 20 2348 51 52  61  35   4.8   4.6  62.4 237.9  -1.1  -1.8   4.0  -0.9   4.3   0.3   1.5   0.7   1.1   0.8  183452.   3.6  544.   6.8  -2.2 0.050    7845.   0.2    3.   0.6   0.4 0.006  2.14  -2.34   2.03  10.8  6.5 0.0103 13  63    -7   5 107.2   34    -7    27  -0.4 0.006967 999999.99 99999.99 99999.99 99999.99 99999.99 99999.99  0
2005 234 21 2348 51 52  60  36   4.6   4.4  71.0 290.7   0.5  -1.3   4.2  -0.5   4.4   0.8   1.5   1.1   0.8   0.8  162380.   3.1  561.   6.9  -2.7 0.049   27767.   0.3    8.   0.5   0.7 0.007  1.95  -2.47   1.77  10.7  6.7 0.0103 27  63    -6  12 107.2   39   -10    29  -0.3 0.006967 999999.99 99999.99 99999.99 99999.99 99999.99 99999.99  0
2005 234 22 2348 51 52  57  36   4.4   3.9  66.9 184.5  -1.5  -0.1   3.6   0.5   3.6   0.6   2.1   1.6   1.1   0.9  206641.   3.0  542.   6.7  -1.7 0.055   22217.   0.2   10.   0.6   0.9 0.006  1.80  -1.95   2.16  10.7  6.3 0.0105 27  63    -6  12 107.2  121   -54    67   0.5 0.006967 999999.99 99999.99 99999.99 99999.99 99999.99 99999.99  0
2005 234 23 2348 51 52  61  36   4.2   1.9 -53.4 138.7  -0.9   0.8  -1.6   0.5  -1.7   0.6   3.7   2.4   0.8   2.7  224386.   3.5  524.   5.9  -1.0 0.042   20896.   0.3    6.   0.3   0.9 0.009  1.87   0.89   2.91  11.7  6.2 0.0087 27  63   -12  12 107.2  313  -187   127   1.0 0.006967 999999.99 99999.99 99999.99 99999.99 99999.99 99999.99  0
2005 235  0 2348 51 52  57  32   5.1   3.1 -16.5 142.2  -2.4   1.8  -0.9   1.6  -1.2   1.2   4.2   3.3   1.0   2.4  161054.   2.8  526.   5.6   0.3 0.040   61714.   0.7   15.   0.7   0.9 0.008  1.50   0.63   1.30   8.6  5.9 0.0160 20  60   -16   7 109.3  227  -128    99   1.1 0.006995 999999.99 99999.99 99999.99 99999.99 99999.99 99999.99  0
2005 235  1 2348 51 52  59  37   5.9   5.6  18.9 141.2  -4.1   3.3   1.8   3.6   1.0   0.6   1.8   1.2   0.6   1.3  122557.   2.6  497.   4.3  -2.4 0.050   35555.   0.5    7.   0.9   1.4 0.015  1.29  -0.50   0.78   6.8  5.2 0.0258 20  60   -10   7 109.3   93   -34    59   0.5 0.006995 999999.99 99999.99 99999.99 99999.99 99999.99 99999.99  0
2005 235  2 2348 51 52  60  36   5.5   5.0  30.3 120.6  -2.2   3.7   2.5   4.2   1.5   0.3   2.0   1.3   1.2   1.1  140317.   2.9  493.   2.6  -4.2 0.056   15175.   0.2   14.   1.0   1.2 0.007  1.44  -0.74   1.07   7.6  5.5 0.0204 20  60    -6   7 109.3   73   -21    52   0.5 0.006995 999999.99 99999.99 99999.99 99999.99 99999.99 99999.99  0
2005 235  3 2348 51 52  57  35   5.6   5.4   5.0 123.6  -3.0   4.5   0.5   4.4  -0.8   0.2   1.2   0.5   0.6   1.0  129285.   2.8  476.   1.5  -2.4 0.064   12452.   0.2    7.   0.6   1.2 0.005  1.33   0.38   0.96   7.1  5.3 0.0235 13  60    -3   5 109.3  164   -70    94   1.9 0.006995 999999.99 99999.99 99999.99 99999.99 99999.99 99999.99  0
2005 235  4 2348 51 52  63  38   5.4   5.0  -5.4 118.9  -2.4   4.4  -0.5   4.0  -2.0   0.1   1.7   1.3   0.5   1.0  115935.   2.7  469.   0.7  -1.5 0.063   12313.   0.2    9.   0.5   1.1 0.006  1.24   0.94   0.94   7.1  5.3 0.0234 13  60    -4   5 109.3  328  -181   146   2.7 0.006995 999999.99 99999.99 99999.99 99999.99 99999.99 99999.99  0
2005 235  5 2348 51 52  57  35   5.4   5.0  -5.9 114.5  -2.1   4.6  -0.5   4.1  -2.2   0.1   1.7   0.9   0.4   1.3  105356.   2.6  461.  -0.1  -1.7 0.057   13600.   0.2    8.   0.6   1.8 0.004  1.13   1.01   0.87   6.9  5.2 0.0251 13  60    -7   5 109.3  370  -191   179   2.9 0.006995 999999.99 99999.99 99999.99 99999.99 99999.99 99999.99  0
2005 235  6 2348 51 52  58  36   5.1   4.8   7.2 110.3  -1.6   4.4   0.6   4.2  -1.3   0.1   1.8   0.7   0.5   1.6  107750.   2.9  459.  -0.1  -3.4 0.057    9831.   0.3    9.   0.8   1.7 0.006  1.25   0.60   1.10   7.7  5.5 0.0203 17  60    -9   6 109.3  415  -242   173   3.5 0.006995 999999.99 99999.99 99999.99 99999.99 99999.99 99999.99  0
2005 235  7 2348 51 52  63  39   5.1   4.5   0.2 113.9  -1.8   4.1   0.0   3.6  -1.9   0.1   2.4   1.5   0.8   1.8  106217.   3.0  454.   0.1  -2.8 0.056   12302.   0.2   10.   1.0   2.0 0.005  1.26   0.86   1.13   7.7  5.5 0.0200 17  60   -11   6 109.3  295  -181   114   3.3 0.006995 999999.99 99999.99 99999.99 99999.99 99999.99 99999.99  0
2005 235  8 2348 51 52  55  30   4.4   2.0  -1.0 180.4  -2.0   0.0   0.0   0.0   0.0   0.5   3.9   1.8   3.2   1.3   97932.   3.3  456.   3.3  -2.7 0.049   11081.   0.3    9.   2.7   1.4 0.006  1.37  -0.00   1.60   9.4  6.1 0.0134 17  60   -11   6 109.3  285  -193    92   2.4 0.006995 999999.99 99999.99 99999.99 99999.99 99999.99 99999.99  0
2005 235  9 2348 51 52  65  39   3.8   2.8 -29.0 202.6  -2.3  -0.9  -1.4  -1.5  -0.8   0.4   2.3   1.2   1.0   1.7  101612.   3.4  455.   4.6  -1.5 0.046   16617.   0.3   10.   1.1   1.6 0.008  1.39   0.36   2.25  11.0  6.4 0.0098 17  60    -8   6 109.3  324  -167   157   1.0 0.006995 999999.99 99999.99 99999.99 99999.99 99999.99 99999.99  0
2005 235 10 2348 51 52  58  36   4.1   2.0 -46.9 252.9  -0.4  -1.3  -1.5  -1.9  -0.6   0.3   3.5   1.0   2.4   2.3  115847.   3.6  470.   4.5  -1.4 0.043   15872.   0.4   10.   2.2   1.6 0.008  1.56   0.28   2.18  10.9  6.4 0.0101 17  60    -9   6 109.3  454  -253   201   1.6 0.006995 999999.99 99999.99 99999.99 99999.99 99999.99 99999.99  0
2005 235 11 2348 51 52  60  37   4.6   3.8 -49.1  76.2   0.6   2.4  -2.8   0.6  -3.6   0.4   2.5   1.5   1.7   0.9   92823.   3.0  471.   0.9  -0.3 0.041   24772.   0.3   15.   2.1   1.0 0.007  1.29   1.70   1.30   8.9  6.1 0.0151 17  60   -10   6 109.3  373  -205   168   1.6 0.006995 999999.99 99999.99 99999.99 99999.99 99999.99 99999.99  0
2005 235 12 2348 51 52  59  34   4.9   4.8 -15.9  83.5   0.5   4.6  -1.3   3.3  -3.4   0.2   0.9   0.5   0.4   0.7   62297.   3.0  466.  -1.5  -1.8 0.032   12997.   0.2    6.   0.9   1.0 0.004  1.23   1.58   0.99   8.2  6.0 0.0175 27  60   -13  12 109.3  567  -361   206   2.9 0.006995 999999.99 99999.99 99999.99 99999.99 99999.99 99999.99  0
2005 235 13 2348 51 52  61  37   4.7   4.6   2.7  91.7  -0.1   4.5   0.2   4.0  -2.0   0.2   1.2   0.5   0.2   1.0   64404.   2.9  459.  -1.4  -3.5 0.035    6034.   0.2    6.   0.3   1.0 0.003  1.16   0.92   1.05   8.3  6.0 0.0172 27  60   -15  12 109.3  389  -269   120   2.7 0.006995 999999.99 99999.99 99999.99 99999.99 99999.99 99999.99  0
2005 235 14 2348 51 52  56  35   4.6   3.4 -14.3 112.4  -1.3   3.0  -0.8   2.3  -2.1   0.5   3.0   1.5   1.5   2.2   66868.   2.6  449.  -1.0  -1.2 0.037   22470.   0.3   17.   1.7   3.2 0.003  1.00   0.94   1.00   7.9  5.8 0.0192 27  60   -15  12 109.3  286  -169   117   1.4 0.006995 999999.99 99999.99 99999.99 99999.99 99999.99 99999.99  0
2005 235 15 2348 51 52  60  36   4.9   4.5 -15.7 129.3  -2.7   3.3  -1.2   2.5  -2.5   0.2   1.8   0.8   1.0   1.2   53932.   2.3  432.  -2.4  -0.5 0.034   15313.   0.2   12.   2.2   2.1 0.005  0.81   1.08   0.73   6.7  5.2 0.0266 23  60   -16   9 109.3  332  -198   135   1.9 0.006995 999999.99 99999.99 99999.99 99999.99 99999.99 99999.99  0
2005 235 16 2348 51 52  62  37   4.6   4.4  13.7 119.6  -2.1   3.7   1.0   3.8  -0.4   0.1   1.4   0.6   0.3   1.2   36720.   2.8  443.  -2.1  -3.3 0.026    5722.   0.2    7.   0.5   1.8 0.003  1.01   0.18   0.91   8.1  6.0 0.0183 23  60   -13   9 109.3  271  -161   110   0.7 0.006995 999999.99 99999.99 99999.99 99999.99 99999.99 99999.99  0
2005 235 17 2348 51 52  61  38   4.7   4.3  24.5 105.0  -1.0   3.8   1.8   4.2   0.5   0.1   1.6   0.9   0.6   1.1   39529.   2.8  452.  -1.8  -3.8 0.026    8309.   0.2   10.   1.0   1.5 0.003  1.05  -0.23   0.89   8.0  6.1 0.0184 23  60   -12   9 109.3  203  -138    65  -0.8 0.006995 999999.99 99999.99 99999.99 99999.99 99999.99 99999.99  0
2005 235 18 2348 51 52  59  36   4.6   4.5  32.7 109.3  -1.2   3.6   2.4   4.1   1.3   0.2   0.9   0.7   0.3   0.4   36106.   3.0  449.  -2.1  -4.3 0.026    5781.   0.2    7.   0.3   0.6 0.002  1.12  -0.58   0.97   8.5  6.2 0.0166 17  60   -10   6 109.3  226  -139    87  -0.2 0.006995 999999.99 99999.99 99999.99 99999.99 99999.99 99999.99  0
2005 235 19 2348 51 52  60  37   4.7   4.5  26.2  88.5   0.1   4.1   2.0   4.5   1.0   0.3   1.2   1.0   0.4   0.4   44447.   2.8  454.  -1.7  -3.4 0.031    8362.   0.3    7.   0.6   0.7 0.005  1.08  -0.45   0.91   8.1  6.0 0.0182 17  60    -9   6 109.3   69   -14    54   0.0 0.006995 999999.99 99999.99 99999.99 99999.99 99999.99 99999.99  0
2005 235 20 2348 51 52  60  35   6.4   5.3  46.3 107.5  -1.1   3.5   3.8   4.2   3.0   1.0   3.4   2.4   1.9   1.6   96318.   4.1  467.   2.8  -3.0 0.046   37054.   0.8   20.   2.3   1.5 0.010  1.77  -1.40   0.94   7.4  5.5 0.0218 17  60    -1   6 109.3   51     3    54   0.3 0.006995 999999.99 99999.99 99999.99 99999.99 99999.99 99999.99  0
2005 235 21 2348 51 52  64  38   6.3   5.2  40.7 142.3  -3.1   2.4   3.4   3.0   2.9   0.6   3.5   1.9   2.5   1.4  140573.   5.5  463.   4.5  -1.9 0.045   21436.   0.4   14.   2.4   1.4 0.008  2.32  -1.34   1.55   8.6  5.6 0.0160 17  60     2   6 109.3   53     0    53  -0.3 0.006995 999999.99 99999.99 99999.99 99999.99 99999.99 99999.99  0
2005 235 22 2348 51 52  60  37   7.7   6.9  35.8  67.9   2.1   5.2   4.1   5.9   3.1   0.3   3.1   2.0   1.6   1.8   89763.   5.2  491.   0.9  -2.2 0.038   12571.   0.6    9.   1.3   1.6 0.005  2.41  -1.52   0.80   7.3  5.6 0.0225 17  60     2   6 109.3   37     4    40  -0.1 0.006995 999999.99 99999.99 99999.99 99999.99 99999.99 99999.99  0
2005 235 23 2348 51 52  55  30   8.1   4.8   3.8 144.2  -3.9   2.8   0.3   2.8  -0.2   0.4   6.5   2.6   3.0   5.2   67951.   4.3  450.   2.2   3.1 0.031   20311.   0.4   16.   2.5   5.4 0.002  1.63   0.09   0.54   5.8  4.8 0.0358 17  60    -2   6 109.3  180   -68   112   0.0 0.006995 999999.99 99999.99 99999.99 99999.99 99999.99 99999.99  0
2005 236  0 2348 51 52  59  34   8.7   8.2 -18.4 142.8  -6.2   4.7  -2.6   4.1  -3.5   0.3   2.7   0.8   2.0   1.6   59727.   4.3  428.  -2.5   5.6 0.030   11421.   0.4    9.   2.8   1.9 0.002  1.47   1.50   0.44   5.1  4.3 0.0457 27  70    -1  12 100.7  509  -308   202   2.1 0.007043 999999.99 99999.99 99999.99 99999.99 99999.99 99999.99  0
2005 236  1 2348 51 52  62  38   9.2   8.7  18.2 107.6  -2.5   7.8   2.7   8.2   0.9   0.2   2.8   1.6   0.8   2.2   58150.   5.6  450.  -4.3   0.8 0.030   13370.   0.7   11.   0.8   2.2 0.002  2.12  -0.41   0.51   5.8  4.8 0.0355 27  70     4  12 100.7  285  -141   144   2.8 0.007043 999999.99 99999.99 99999.99 99999.99 99999.99 99999.99  0
2005 236  2 2348 51 52  61  38   9.4   8.5  25.7  97.8  -1.0   7.6   3.7   8.3   1.6   0.3   3.8   2.0   1.3   3.0   63824.   6.6  452.  -3.6   0.8 0.034    7590.   0.7   10.   0.8   2.1 0.006  2.56  -0.72   0.60   6.2  5.0 0.0312 27  70     6  12 100.7  305  -150   155   3.8 0.007043   4920.00  3000.00  1080.00   118.00     2.28     0.67 -1
2005 236  3 2348 51 52  61  35  10.0   9.5  56.4  94.4  -0.4   5.2   7.9   7.3   6.0   0.4   3.0   0.7   2.3   1.9   50329.   7.0  452.  -2.0  -2.1 0.039    6861.   1.0    4.   1.4   1.3 0.010  2.76  -2.71   0.52   6.0  5.0 0.0333 33  70    10  18 100.7  458  -290   168   4.4 0.007043   4520.00  2680.00   898.00    91.70     1.78     0.59 -1
2005 236  4 2348 51 52  60  37   9.4   8.6  25.8  88.9   0.1   7.7   3.7   8.5   0.9   0.4   3.7   1.5   1.5   3.1   66593.   7.7  458.  -3.8   0.0 0.045   12864.   2.2    5.   0.9   1.6 0.012  3.18  -0.41   0.71   6.8  5.3 0.0260 33  70    16  18 100.7  123   -35    88   3.3 0.007043   5360.00  2860.00   915.00    91.00     1.55     0.46 -1
2005 236  5 2348 51 52  59  36  10.3  10.0  38.8 123.6  -4.3   6.5   6.2   8.4   3.2   0.7   2.7   1.8   1.7   1.2   69223.   9.5  453.  -3.3  -0.4 0.032    6211.   0.8    4.   0.4   0.4 0.005  3.67  -1.45   0.74   6.8  5.3 0.0259 33  70    13  18 100.7  216   -94   122   3.5 0.007043   4230.00  1980.00   612.00    67.50     1.43     0.45 -1
2005 236  6 2348 51 52  70  43  19.6  18.9  11.6  80.0   3.2  18.3   3.8  18.2  -4.3   6.1   7.7   2.4   6.1   4.1  146803.  25.5  518.  -1.5   1.3 0.037   56911.  10.7   42.   1.5   1.6 0.012 13.12   2.23   0.76   6.7  5.2 0.0267 63  70    29  94 100.7  549  -231   319   7.2 0.007043   5390.00  2340.00   681.00    67.90     1.29     0.41 -1
2005 236  7 2348 51 52  60  36  23.3  23.1  18.8  70.0   7.5  20.5   7.4  21.6  -2.9   1.0   3.0   1.7   1.3   2.1  189815.  36.6  558.  -0.9   0.4 0.040   15506.   3.7    5.   0.4   0.7 0.005 22.08   1.62   0.89   7.2  5.4 0.0227 63  70     1  94 100.7 1333  -640   693  14.2 0.007043   5930.00  2490.00   668.00    62.10     1.18     0.41 -1
2005 236  8 2348 51 52  64  39  28.1  22.1  52.3  40.3  10.3   8.7  17.5  16.1  11.0   7.4  18.5   3.4  14.0  11.6  116232.  50.6  553.  -1.0   1.6 0.023   33448.  14.0   17.   1.9   1.4 0.015 28.22  -6.08   0.65   7.0  5.6 0.0243 63  70     0  94 100.7 1259  -729   530  13.0 0.007043   7030.00  2970.00   791.00    72.30     1.40     0.48 -1
2005 236  9 2348 51 52  60  36  55.4  50.3 -28.2  84.8   4.0  44.1 -23.8  25.9 -42.9   1.3  23.3   7.2  12.0  18.6  153859.  10.8  635.  -0.6  -1.5 0.028   38021.   2.2   17.   1.9   3.4 0.010  8.09  27.24   0.04   1.9  1.9 0.3353 87  70   -14 300 100.7 1039  -580   459   8.3 0.007043   6680.00  2670.00   702.00    76.90     1.94     0.64 -1
2005 236 10 2348 51 52  61  37  43.3  36.7 -61.8 227.3 -11.8 -12.8 -32.3 -27.7 -21.0   7.3  23.9   7.2  19.6  11.5  304147.  23.8  634.   3.9   1.2 0.058  116906.  10.6   12.   1.0   1.1 0.036 19.68  13.31   0.23   3.6  3.3 0.0932 87  70  -130 300 100.7 2227 -2452  -225  17.3 0.007043   5200.00  1970.00   519.00    52.40     1.33     0.52 -1
2005 236 11 2348 51 52  62  37  27.0   7.1 -30.4 283.2   1.4  -6.0  -3.6  -7.0   0.0   8.0  26.2  10.2  12.7  20.5  399739.  45.1  635.   4.3  -2.8 0.088  139067.  30.0   16.   2.3   2.0 0.048 41.06  -0.00   1.36   7.9  5.4 0.0191 87  70  -184 300 100.7 1484 -1311   173   7.7 0.007043   3660.00  1280.00   312.00    31.00     0.98     0.49 -1
2005 236 12 2348 51 52  61  36  19.4   7.4 -45.8 289.2   1.7  -4.9  -5.3  -6.9  -2.1   4.8  17.2   5.7   8.9  13.5 2244029.  30.9  687.  -0.5  -0.0 9.999  164804.   3.0   11.   1.9   2.6 9.999 29.17   1.44   8.10   9.8  3.5 0.0123 73  70  -163 154 100.7  899  -642   256   8.8 0.007043 999999.99 99999.99 99999.99 99999.99 99999.99 99999.99  0
2005 236 13 2348 51 52  63  38  25.9  21.4  67.1 247.0  -3.3  -7.7  19.7   2.8  21.0   4.2  14.1   6.2  11.4   5.6 2093219.  27.3  718.   3.0  -2.4 0.073  195680.   1.3   13.   1.1   0.8 0.023 30.37 -15.08   3.76   7.2  3.5 0.0227 73  70  -160 154 100.7  478  -179   299  -2.0 0.007043 999999.99 99999.99 99999.99 99999.99 99999.99 99999.99  0
2005 236 14 2348 51 52  55  34  22.2   5.2  36.6  23.9   3.8   1.7   3.1   2.9   2.0   3.4  21.7   5.2  13.2  16.4 2008686.  21.6  687.   3.1  -3.7 0.136  450283.   2.4   32.   2.5   1.0 0.025 26.29  -1.37   3.90   7.2  3.4 0.0230 73  70  -142 154 100.7  356  -121   235   0.4 0.007043 999999.99 99999.99 99999.99 99999.99 99999.99 99999.99  0
2005 236 15 2348 51 52  60  32  20.9  11.8  39.7 298.1   4.3  -8.0   7.6  -4.1  10.2   3.2  17.0   3.4  14.1   8.8  954112.  26.6  665.   1.6  -5.3 0.049  103152.   2.5    7.   1.8   1.4 0.015 23.49  -6.78   2.74   8.2  4.5 0.0177 67  70  -142 111 100.7  549  -213   336   3.6 0.007043 999999.99 99999.99 99999.99 99999.99 99999.99 99999.99  0
2005 236 16 2348 51 52  60  37  23.3  22.4  17.6 284.6   5.4 -20.7   6.8 -16.7  14.0   1.8   5.8   3.3   2.6   4.0  736518.  23.2  662.  -2.6  -5.5 0.034  159868.   2.1    8.   1.4   1.3 0.008 19.29  -9.27   1.54   6.8  4.5 0.0254 67  70  -139 111 100.7  506  -298   208   5.6 0.007043 999999.99 99999.99 99999.99 99999.99 99999.99 99999.99  0
2005 236 17 2348 51 52  61  36  23.7  23.1  -6.3 298.3  10.9 -20.2  -2.5 -19.9   4.2   1.8   5.7   2.5   3.1   4.1  480812.  18.8  657.   1.1  -5.4 0.036   73019.   5.7    8.   1.0   1.2 0.007 15.50  -2.76   0.85   6.0  4.6 0.0329 67  70  -133 111 100.7  551  -326   225   6.7 0.007043 999999.99 99999.99 99999.99 99999.99 99999.99 99999.99  0
2005 236 18 2348 51 52  60  26  23.0  22.6 -24.6 297.6   9.5 -18.2  -9.4 -20.1  -3.9   1.5   3.8   1.3   2.0   3.0  327912.  11.9  655.   3.2  -7.3 0.029   54984.   3.5    8.   1.1   1.9 0.002  9.52   2.55   0.43   4.9  4.2 0.0493 63  70  -145  94 100.7  903  -581   322   7.1 0.007043 999999.99 99999.99 99999.99 99999.99 99999.99 99999.99  0
2005 236 19 2348 51 52  58  22  22.9  22.7 -18.4 292.9   8.4 -19.8  -7.1 -20.9  -2.1   0.6   2.7   1.2   0.7   2.3  286712.   4.6  639.   5.2  -5.9 0.049   60994.   1.7   15.   1.0   1.5 0.025  3.75   1.34   0.15   3.0  2.8 0.1328 63  70  -144  94 100.7 1306  -997   309   6.6 0.007043 999999.99 99999.99 99999.99 99999.99 99999.99 99999.99  0
2005 236 20 2348 51 52  58  23  20.9  20.7 -11.6 292.0   7.6 -18.8  -4.2 -19.3  -0.1   0.8   2.1   1.4   1.0   1.1  325052.   3.2  611.   6.8  -4.3 0.052   46907.   0.4   13.   1.1   0.9 0.010  2.41   0.06   0.14   2.6  2.5 0.1740 63  70  -123  94 100.7  766  -365   401   6.1 0.007043 999999.99 99999.99 99999.99 99999.99 99999.99 99999.99  0
2005 236 21 2348 51 52  66  32  11.9  11.7 -16.6 304.3   6.3  -9.3  -3.3  -9.8  -1.5   3.0   3.3   1.1   3.1   0.8  202647.   1.3  711.   1.9  -4.0 0.054   66842.   0.3   37.   2.1   0.8 0.007  1.33   1.07   0.13   3.4  3.2 0.1025 43  70  -110  32 100.7  493  -223   270   4.8 0.007043 999999.99 99999.99 99999.99 99999.99 99999.99 99999.99  0
2005 236 22 2348 51 52  59  36   9.7   9.7 -17.0 318.1   6.9  -6.2  -2.8  -6.6  -1.6   0.3   0.9   0.6   0.5   0.4  172303.   1.3  713.   3.3  -4.0 0.054   25604.   0.3    6.   0.9   0.5 0.005  1.34   1.14   0.17   4.2  3.9 0.0677 43  70  -111  32 100.7  606  -425   181   2.7 0.007043 999999.99 99999.99 99999.99 99999.99 99999.99 99999.99  0
2005 236 23 2348 51 52  61  37   9.2   8.6 -16.6 301.7   4.3  -7.0  -2.5  -7.3  -1.2   0.2   3.1   2.5   1.3   1.4  169414.   1.1  714.   2.2  -4.0 0.074   36199.   0.2   11.   1.6   0.9 0.019  1.21   0.86   0.16   4.1  3.8 0.0718 43  70  -109  32 100.7  693  -528   166   3.8 0.007043 999999.99 99999.99 99999.99 99999.99 99999.99 99999.99  0
2005 237  0 2348 51 52  59  32   8.7   7.6 -17.7 283.3   1.7  -7.1  -2.3  -7.4  -0.8   0.4   3.9   2.6   1.6   2.4  244738.   1.7  715.   1.6  -5.1 0.100   50211.   0.2   25.   1.8   1.5 0.016  2.03   0.57   0.35   5.4  4.7 0.0414 47  68  -106  39  94.4  561  -315   246   3.5 0.007114 999999.99 99999.99 99999.99 99999.99 99999.99 99999.99  0
2005 237  1 2348 51 52  57  31   8.1   7.2 -12.0 294.0   2.9  -6.4  -1.5  -6.6   0.0   0.2   3.5   2.0   2.2   1.7  219837.   1.6  680.   0.6  -3.4 0.085   30924.   0.3   13.   2.2   1.2 0.009  1.66  -0.00   0.35   5.3  4.6 0.0422 47  68  -106  39  94.4  613  -425   188   4.1 0.007114   1110.00   382.00    96.50     9.33     0.38     0.17 -1
2005 237  2 2348 51 52  61  34   7.7   6.6 -13.1 290.5   2.2  -6.0  -1.5  -6.2   0.1   0.2   3.7   1.5   1.2   3.1  200753.   1.6  674.   1.6  -2.5 0.096   41946.   0.2   19.   1.8   3.2 0.018  1.68  -0.07   0.37   5.5  4.8 0.0388 47  68   -94  39  94.4  392  -275   117   4.2 0.007114   1050.00   366.00    89.20     9.00     0.40     0.21 -1
2005 237  3 2348 51 52  62  33   7.2   6.6 -14.7 272.7   0.3  -6.4  -1.7  -6.6   0.3   0.2   2.6   1.5   0.6   2.0  107256.   1.3  693.   0.2  -3.8 0.070   31844.   0.3   19.   1.6   1.4 0.016  1.33  -0.21   0.25   5.5  5.0 0.0395 33  68   -79  18  94.4  259  -134   125   1.7 0.007114    857.00   301.00    73.40     7.05     0.34     0.17 -1
2005 237  4 2348 51 52  57  34   5.5   5.1 -27.0 306.6   2.7  -3.7  -2.3  -4.3  -0.9   0.5   2.0   0.8   1.2   1.3   84430.   1.1  692.  -0.1  -3.0 0.049   14101.   0.1   13.   1.1   1.1 0.006  1.05   0.62   0.32   6.6  5.8 0.0273 33  68   -78  18  94.4  197  -126    72   0.9 0.007114    682.00   248.00    62.60     6.18     0.34     0.16 -1
2005 237  5 2348 51 52  62  37   4.8   3.7 -19.7 313.8   2.4  -2.5  -1.2  -2.8  -0.1   0.2   2.9   2.2   1.6   1.2   87126.   1.1  693.  -0.7  -2.5 0.049   18831.   0.1   26.   1.7   1.3 0.007  1.06   0.07   0.43   7.6  6.5 0.0208 33  68   -87  18  94.4  394  -321    73   2.4 0.007114    627.00   226.00    55.50     5.23     0.28     0.18 -1
2005 237  6 2348 51 52  60  36   4.6   3.7 -41.2 304.9   1.6  -2.3  -2.4  -3.1  -1.2   0.1   2.5   1.4   1.2   1.7   76425.   1.2  699.  -1.0  -3.0 0.048    9091.   0.1   19.   1.5   2.1 0.003  1.17   0.84   0.48   8.3  7.0 0.0172 23  68   -86   9  94.4  460  -387    73   2.7 0.007114    545.00   199.00    49.80     5.04     0.30     0.15 -1
2005 237  7 2348 51 52  59  32   4.4   3.7 -21.7 332.3   3.1  -1.6  -1.4  -2.1  -0.5   0.1   2.1   0.9   1.3   1.4   74513.   1.1  671.  -0.3  -2.2 0.042    8979.   0.1   13.   1.6   1.7 0.005  0.97   0.34   0.48   8.0  6.7 0.0186 23  68   -81   9  94.4  357  -220   138   1.8 0.007114    493.00   181.00    45.40     4.53     0.28     0.16 -1
2005 237  8 2348 51 52  59  34   4.2   3.5 -20.6 293.7   1.3  -3.0  -1.2  -3.2   0.4   0.1   2.2   1.3   1.1   1.4   84823.   1.2  692.  -2.3  -1.7 0.047   20012.   0.1   19.   1.3   1.7 0.006  1.14  -0.28   0.60   9.0  7.3 0.0146 23  68   -77   9  94.4  206   -70   136   0.7 0.007114    480.00   171.00    42.90     4.31     0.32     0.17 -1
2005 237  9 2348 51 52  61  37   4.2   2.9 -41.5 324.9   1.8  -1.2  -1.9  -2.0  -1.0   0.1   2.9   1.9   2.0   1.1   79746.   1.2  680.   0.2  -2.3 0.046   15731.   0.1   28.   2.4   1.4 0.007  1.10   0.68   0.59   8.9  7.2 0.0151 27  68   -72  12  94.4  280  -152   128   1.1 0.007114    445.00   155.00    37.60     3.72     0.23     0.14 -1
2005 237 10 2348 51 52  60  31   4.0   2.6 -45.1 305.0   1.0  -1.5  -1.8  -2.2  -0.8   0.1   2.9   1.5   2.2   1.1  110765.   1.5  690.  -0.1  -1.7 0.048    7457.   0.1   19.   2.4   1.3 0.004  1.42   0.55   0.93  10.6  7.9 0.0107 27  68   -66  12  94.4  483  -359   124   1.2 0.007114    382.00   138.00    34.00     3.37     0.22     0.15 -1
2005 237 11 2348 51 52  56  32   4.1   2.7 -64.2 333.1   1.1  -0.5  -2.4  -1.7  -1.8   0.1   2.8   1.5   2.2   1.0  114685.   1.6  683.   1.5  -2.2 0.046   13502.   0.1   20.   2.5   1.2 0.005  1.48   1.23   0.96  10.5  7.8 0.0107 27  68   -70  12  94.4  439  -301   138   1.5 0.007114    370.00   132.00    32.30     3.22     0.20     0.15 -1
2005 237 12 2348 51 52  61  37   4.1   3.5 -40.8 298.2   1.3  -2.4  -2.3  -3.2  -0.8   0.1   1.8   1.3   0.9   0.8  117262.   1.6  667.  -0.3  -2.2 0.045   17554.   0.1   18.   1.1   1.0 0.004  1.40   0.53   0.97  10.3  7.6 0.0112 37  68   -67  22  94.4  546  -423   123   2.2 0.007114    354.00   125.00    30.40     3.09     0.24     0.16 -1
2005 237 13 2348 51 52  61  38   6.1   4.8  17.1 342.1   4.3  -1.4   1.4  -0.5   1.9   1.0   3.7   1.7   1.4   2.9  225993.   2.7  654.   3.9   2.2 0.052   69889.   0.6   15.   1.8   3.0 0.007  2.33  -1.24   1.07   8.8  6.3 0.0153 37  68   -57  22  94.4  366  -233   133   2.1 0.007114    308.00   111.00    27.40     2.90     0.22     0.16 -1
2005 237 14 2348 51 52  58  33   6.1   3.5 -39.8 334.5   2.4  -1.2  -2.2  -2.1  -1.4   0.3   4.8   1.7   2.2   3.9  197181.   3.0  668.   4.6  -1.5 0.046   37697.   0.4   21.   2.1   3.1 0.005  2.65   0.94   1.09   9.5  6.8 0.0132 37  68   -58  22  94.4  252  -156    96   1.5 0.007114    281.00   104.00    25.50     2.84     0.23     0.15 -1
2005 237 15 2348 51 52  60  37   6.0   5.6 -71.7 341.4   1.7  -0.6  -5.3  -2.8  -4.6   0.2   1.8   1.0   1.4   0.7  185965.   3.0  660.   4.4  -4.1 0.046   17333.   0.2   10.   1.2   0.5 0.004  2.58   3.04   1.09   9.5  6.8 0.0131 50  68   -55  48  94.4  833  -573   259   3.8 0.007114 999999.99 99999.99 99999.99 99999.99 99999.99 99999.99  0
2005 237 16 2348 51 52  59  35   5.2   4.4 -23.3 323.9   3.3  -2.4  -1.8  -2.9  -0.8   0.3   2.5   1.1   1.2   1.9  191520.   2.7  637.   2.5  -1.4 0.050   27736.   0.3   12.   1.0   1.7 0.009  2.20   0.51   1.33  10.1  6.9 0.0117 50  68   -57  48  94.4  415  -251   164   2.4 0.007114 999999.99 99999.99 99999.99 99999.99 99999.99 99999.99  0
2005 237 17 2348 51 52  61  38   4.9   3.7  -8.5 314.7   2.5  -2.6  -0.5  -2.6   0.4   0.2   3.2   0.9   0.9   2.9  193930.   2.9  642.   2.0  -0.9 0.042   24430.   0.3    8.   0.7   2.2 0.005  2.33  -0.26   1.62  11.2  7.2 0.0096 50  68   -60  48  94.4  202   -59   143   1.7 0.007114 999999.99 99999.99 99999.99 99999.99 99999.99 99999.99  0
2005 237 18 2348 51 52  59  33   4.9   3.7 -16.1 356.8   3.6  -0.2  -1.0  -0.5  -0.9   0.3   3.0   0.9   1.9   2.2  206639.   2.6  633.   3.6  -1.6 0.043   24348.   0.2    8.   1.6   1.9 0.006  2.04   0.57   1.51  10.4  6.9 0.0110 37  68   -64  22  94.4  294  -130   163   2.6 0.007114 999999.99 99999.99 99999.99 99999.99 99999.99 99999.99  0
2005 237 19 2348 51 52  59  37   4.6   4.1  13.2  10.6   3.9   0.7   0.9   0.9   0.7   0.1   2.1   0.5   1.3   1.5  212128.   2.5  629.   3.9  -0.9 0.052   20688.   0.2    6.   0.9   1.2 0.005  2.00  -0.44   1.67  10.8  6.9 0.0102 37  68   -64  22  94.4  300  -185   115   1.5 0.007114 999999.99 99999.99 99999.99 99999.99 99999.99 99999.99  0
2005 237 20 2348 51 52  60  35   4.8   3.9   7.1  12.4   3.8   0.8   0.5   0.9   0.3   0.1   2.6   0.8   1.9   1.5  205316.   2.4  627.   3.1  -0.7 0.047   20609.   0.2    8.   1.9   1.4 0.004  1.87  -0.19   1.45  10.1  6.7 0.0116 37  68   -60  22  94.4  122   -43    79   1.2 0.007114 999999.99 99999.99 99999.99 99999.99 99999.99 99999.99  0
2005 237 21 2348 51 52  60  36   4.4   3.6 -29.5 348.2   3.1  -0.6  -1.8  -0.9  -1.6   0.2   2.3   1.1   1.7   1.1  214871.   2.3  629.   1.0  -2.3 0.046   25924.   0.2   10.   1.4   1.2 0.003  1.80   1.01   1.70  10.8  6.9 0.0101 23  68   -58   9  94.4  205  -137    68   1.1 0.007114 999999.99 99999.99 99999.99 99999.99 99999.99 99999.99  0
2005 237 22 2348 51 52  60  36   4.6   3.1  56.6 359.1   1.7   0.0   2.6   0.5   2.6   0.2   3.2   1.7   2.5   1.1  194406.   2.3  632.   0.4   1.5 0.042   40417.   0.2   20.   2.2   1.1 0.006  1.79  -1.64   1.46  10.4  6.9 0.0110 23  68   -53   9  94.4  241  -173    68   0.8 0.007114 999999.99 99999.99 99999.99 99999.99 99999.99 99999.99  0
2005 237 23 2348 51 52  60  36   4.4   3.4  27.9 339.8   2.8  -1.0   1.6  -0.7   1.8   0.3   2.7   0.8   1.6   2.0  179367.   2.1  607.  -0.4   1.1 0.042   20154.   0.1   10.   1.8   1.6 0.005  1.51  -1.09   1.39  10.0  6.7 0.0119 23  68   -50   9  94.4   75   -39    36   0.7 0.007114 999999.99 99999.99 99999.99 99999.99 99999.99 99999.99  0
2005 238  0 2348 51 52  61  36   3.7   2.9 -16.5 308.0   1.7  -2.2  -0.8  -2.3  -0.3   0.2   2.2   1.1   1.0   1.6  201169.   2.4  609.  -0.8  -0.5 0.043   20079.   0.2    7.   0.8   1.0 0.002  1.74   0.18   2.40  12.7  7.3 0.0073 27  61   -47  12  95.2  220  -149    71   1.4 0.007164 999999.99 99999.99 99999.99 99999.99 99999.99 99999.99  0
2005 238  1 2348 51 52  58  33   3.6   2.2   6.1   4.7   2.1   0.2   0.2   0.2   0.1   0.2   2.8   1.4   0.9   2.3  179999.   2.5  602.   0.5   0.5 0.043    9853.   0.1    8.   0.6   1.2 0.002  1.77  -0.06   2.47  13.2  7.5 0.0068 27  61   -47  12  95.2  420  -315   104   2.3 0.007164     71.40    27.80     6.89     0.49     0.14     0.14 -1
2005 238  2 2348 51 52  60  37   3.6   3.3 -21.5  29.7   2.7   1.5  -1.2   1.1  -1.6   0.1   1.2   0.4   0.9   0.6  176522.   2.4  595.   1.0  -0.7 0.043   10078.   0.1    4.   0.8   0.4 0.002  1.66   0.95   2.35  12.8  7.4 0.0073 27  61   -50  12  95.2  491  -363   128   3.1 0.007164     66.10    26.30     6.79     0.65     0.16     0.15 -1
2005 238  3 2348 51 52  60  37   3.6   2.2 -19.8 271.2   0.0  -2.1  -0.8  -2.2  -0.1   0.1   2.8   1.4   2.2   1.0  153890.   2.5  604.  -1.4  -1.0 0.039   17700.   0.1    6.   1.3   0.7 0.003  1.76   0.06   2.27  13.3  7.7 0.0068 27  61   -53  12  95.2  460  -326   134   3.0 0.007164     66.80    26.40     6.72     0.52     0.16     0.15 -1
2005 238  4 2348 51 52  59  36   3.6   2.8 -19.1 319.2   2.0  -1.7  -0.9  -1.9  -0.3   0.2   2.2   0.9   1.4   1.5  149511.   2.5  583.  -1.1  -1.2 0.040   10106.   0.1    7.   1.0   0.9 0.002  1.65   0.17   2.23  12.8  7.5 0.0073 27  61   -52  12  95.2  383  -271   112   1.5 0.007164     68.00    26.40     6.67     0.56     0.16     0.14 -1
2005 238  5 2348 51 52  59  36   3.8   3.4 -33.7  12.0   2.8   0.6  -1.9  -0.2  -2.0   0.1   1.5   0.5   1.0   0.9  148988.   2.4  575.   0.1  -1.4 0.041    9328.   0.1    4.   0.9   0.7 0.002  1.54   1.15   1.92  11.7  7.2 0.0087 27  61   -53  12  95.2  555  -383   173   2.8 0.007164     63.10    24.60     6.31     0.65     0.15     0.12 -1
2005 238  6 2348 51 52  59  36   3.8   3.6  -5.3  15.0   3.5   0.9  -0.3   0.7  -0.7   0.1   1.0   0.1   0.7   0.7  140077.   2.2  566.   0.9  -0.6 0.039    8318.   0.1    3.   0.6   0.5 0.002  1.36   0.40   1.70  11.0  7.0 0.0097 23  61   -54   9  95.2  487  -383   104   3.2 0.007164     58.30    22.90     5.88     0.53     0.15     0.13 -1
2005 238  7 2348 51 52  60  37   3.5   3.2  37.5 343.0   2.4  -0.8   2.0   0.2   2.1   0.7   1.4   0.8   0.8   0.7  136701.   2.4  564.   0.2   0.4 0.035   20353.   0.2    6.   0.6   0.5 0.003  1.45  -1.18   2.16  12.5  7.4 0.0076 23  61   -58   9  95.2  443  -312   130   2.2 0.007164     58.50    22.80     5.79     0.52     0.16     0.13 -1
2005 238  8 2348 51 52  61  37   4.1   3.9   9.0 304.7   2.2  -3.2   0.6  -2.5   2.1   0.1   1.2   0.6   0.5   0.8  130817.   2.7  562.  -2.0  -0.7 0.033    6251.   0.1    4.   0.5   0.7 0.001  1.61  -1.18   1.73  11.3  7.1 0.0094 23  61   -53   9  95.2  184  -132    52   0.6 0.007164     61.90    23.60     5.87     0.50     0.16     0.15 -1
2005 238  9 2348 51 52  60  34   4.2   3.9   6.8 253.0  -1.1  -3.7   0.5  -2.9   2.3   0.1   1.3   1.0   0.4   0.7  119498.   2.6  584.  -2.2  -1.0 0.031   11495.   0.1   10.   0.4   0.6 0.002  1.66  -1.34   1.52  11.2  7.4 0.0095 10  61   -47   4  95.2  124   -75    48  -0.4 0.007164     55.60    21.40     5.42     0.46     0.14     0.13 -1
2005 238 10 2348 51 52  59  37   4.0   3.5  32.5 302.3   1.6  -2.5   1.9  -1.1   2.9   0.1   2.0   1.2   1.3   0.8  119439.   2.7  555.  -1.2   0.3 0.031   11203.   0.2   11.   1.4   0.6 0.002  1.56  -1.61   1.74  11.4  7.2 0.0092 10  61   -46   4  95.2   46   -28    18  -0.6 0.007164     53.30    20.60     5.19     0.46     0.15     0.13 -1
2005 238 11 2348 51 52  60  36   4.1   3.8  24.8 282.2   0.7  -3.4   1.6  -2.1   3.1   0.1   1.2   0.8   0.5   0.8  113693.   2.7  554.  -2.3   0.1 0.027   10849.   0.2    7.   0.5   0.8 0.003  1.53  -1.72   1.62  11.1  7.2 0.0097 10  61   -47   4  95.2   54   -34    20  -0.4 0.007164     49.70    19.30     4.94     0.46     0.15     0.13 -1
2005 238 12 2348 51 52  58  34   4.3   4.0  22.6 288.7   1.2  -3.5   1.5  -2.2   3.1   0.1   1.4   1.3   0.4   0.4  100994.   2.5  539.  -2.2   0.4 0.026   11934.   0.2   19.   0.5   0.5 0.002  1.34  -1.67   1.29   9.9  6.8 0.0121  0  61   -47   0  95.2   49   -31    18  -0.6 0.007164     51.40    19.60     4.96     0.52     0.17     0.14 -1
2005 238 13 2348 51 52  59  36   4.3   4.2  27.1 301.0   1.9  -3.2   1.9  -1.9   3.2   0.1   1.0   0.6   0.5   0.6   87443.   2.4  521.  -2.1   1.0 0.024    8663.   0.2    6.   0.5   0.7 0.002  1.19  -1.67   1.17   9.4  6.6 0.0135  0  61   -48   0  95.2   39   -29    10  -0.8 0.007164     49.20    18.40     4.56     0.36     0.11     0.11 -1
2005 238 14 2348 51 52  59  36   4.4   4.3  31.8 321.3   2.9  -2.3   2.3  -1.0   3.1   0.1   0.9   0.4   0.6   0.6   77540.   2.4  505.  -1.9   1.7 0.025   11591.   0.2    6.   0.9   0.9 0.002  1.12  -1.57   1.06   8.9  6.4 0.0150  0  61   -46   0  95.2   40   -32     8  -0.9 0.007164 999999.99 99999.99 99999.99 99999.99 99999.99 99999.99  0
2005 238 15 2348 51 52  62  38   4.4   4.0  35.7 325.3   2.7  -1.8   2.3  -0.7   2.8   0.1   1.9   1.6   1.1   0.3   62013.   2.3  500.  -0.8   1.5 0.024    9740.   0.3   15.   1.4   0.6 0.002  1.05  -1.40   0.94   8.6  6.4 0.0160 10  61   -45   4  95.2   49   -31    17  -0.9 0.007164     49.20    18.10     4.56     0.54     0.19     0.15 -1
2005 238 16 2348 51 52  59  37   4.2   4.1  34.4 266.3  -0.2  -3.4   2.3  -2.3   3.4   0.2   0.9   0.6   0.4   0.4  103104.   2.2  515.   0.6  -0.8 0.024   12224.   0.2    6.   0.8   0.6 0.002  1.07  -1.75   1.20   9.1  6.4 0.0144 10  61   -42   4  95.2   39   -25    14  -0.5 0.007164     34.40    13.40     3.72     0.62     0.20     0.15 -1
2005 238 17 2348 51 52  60  37   3.3   2.8  40.0 349.2   2.1  -0.4   1.8   0.2   1.8   0.3   1.6   0.8   1.1   0.8  106854.   2.6  515.   1.9  -1.7 0.024   17397.   0.2   12.   1.5   1.2 0.002  1.26  -0.93   2.34  12.6  7.2 0.0075 10  61   -40   4  95.2   39   -25    13   0.3 0.007164     32.70    12.80     3.33     0.37     0.14     0.14 -1
2005 238 18 2348 51 52  59  36   2.6   1.9  62.5 256.1  -0.2  -0.8   1.7  -0.3   1.9   0.7   1.8   1.2   0.7   1.2  121461.   2.5  536.   0.2  -1.4 0.023   19745.   0.2   11.   0.9   1.3 0.002  1.31  -1.02   3.84  16.3  7.8 0.0045 10  61   -39   4  95.2   55   -29    27  -0.1 0.007164     32.50    12.80     3.41     0.48     0.18     0.13 -1
2005 238 19 2348 51 52  62  37   3.2   2.5  33.7 276.4   0.2  -2.1   1.4  -1.7   1.9   0.2   1.8   1.0   0.9   1.3  131742.   2.7  527.  -1.3  -2.1 0.025    9299.   0.1    7.   0.7   1.1 0.001  1.38  -1.00   2.85  13.5  7.3 0.0065 10  61   -39   4  95.2   93   -54    40   0.1 0.007164 999999.99 99999.99 99999.99 99999.99 99999.99 99999.99  0
2005 238 20 2348 51 52  58  36   3.2   2.7  15.6 260.0  -0.5  -2.6   0.7  -2.4   1.2   0.2   1.7   0.7   0.8   1.3  129885.   2.7  527.  -1.8  -3.0 0.026   10959.   0.1    4.   0.6   0.9 0.002  1.38  -0.63   2.83  13.5  7.3 0.0065 10  61   -37   4  95.2  121   -94    27   0.3 0.007164 999999.99 99999.99 99999.99 99999.99 99999.99 99999.99  0
2005 238 21 2348 51 52  60  36   3.1   1.9 -24.6 308.4   1.1  -1.3  -0.8  -1.4  -0.5   0.6   2.5   0.9   1.4   1.8  122811.   2.8  515.  -0.7  -4.3 0.023   19018.   0.2    6.   0.9   1.3 0.002  1.35   0.26   3.04  13.9  7.3 0.0062 17  61   -33   6  95.2   65   -44    21   0.4 0.007164 999999.99 99999.99 99999.99 99999.99 99999.99 99999.99  0
2005 238 22 2348 51 52  59  35   2.8   2.0 -14.2 297.7   0.9  -1.7  -0.5  -1.8  -0.2   0.5   2.1   1.1   0.8   1.6  120154.   3.0  512.  -1.9  -3.8 0.021   12263.   0.2    5.   0.7   1.3 0.002  1.42   0.10   3.96  15.8  7.5 0.0047 17  61   -32   6  95.2  129   -85    44   1.1 0.007164 999999.99 99999.99 99999.99 99999.99 99999.99 99999.99  0
2005 238 23 2348 51 52  59  37   3.8   3.5  -3.2 266.0  -0.2  -3.5  -0.2  -3.5   0.5   0.6   1.5   0.9   0.7   0.9   90041.   2.8  512.  -2.8  -3.6 0.018   18657.   0.3    7.   0.5   0.9 0.003  1.31  -0.26   1.76  11.3  7.1 0.0094 17  61   -34   6  95.2  120   -93    27   0.9 0.007164 999999.99 99999.99 99999.99 99999.99 99999.99 99999.99  0
2005 239  0 2348 51 52  60  36   4.8   4.6 -29.6 298.1   1.9  -3.6  -2.3  -4.0  -1.5   0.1   1.1   0.5   0.6   0.7   62082.   3.3  496.  -2.3  -5.2 0.013    6465.   0.4    3.   0.5   0.6 0.002  1.43   0.74   1.13   9.4  6.7 0.0135 27  70   -36  12  94.0  173  -119    53   1.0 0.007202 999999.99 99999.99 99999.99 99999.99 99999.99 99999.99  0
2005 239  1 2348 51 52  61  37   4.4   4.0 -47.1 271.2   0.1  -2.7  -2.9  -3.3  -2.2   0.1   1.8   1.3   0.9   0.8   69433.   3.9  508.  -3.1  -6.2 0.013    9062.   0.2   12.   0.7   0.8 0.001  1.77   1.12   1.66  11.4  7.3 0.0092 27  70   -37  12  94.0  522  -341   181   3.5 0.007202     32.50    11.60     3.08     0.43     0.17     0.14 -1
2005 239  2 2348 51 52  58  34   4.5   4.5 -29.3 346.9   3.8  -0.9  -2.2  -1.5  -1.9   0.1   0.5   0.3   0.4   0.2   57305.   4.3  479.  -1.6  -5.7 0.012    3650.   0.2    4.   0.4   0.2 0.001  1.73   0.91   1.64  11.0  7.1 0.0098 27  70   -36  12  94.0  464  -297   166   3.6 0.007202 999999.99 99999.99 99999.99 99999.99 99999.99 99999.99  0
2005 239  3 2348 51 52  60  33   4.1   3.1 -15.3  13.8   2.9   0.7  -0.8   0.4  -1.0   0.5   2.7   1.2   2.0   1.3   66504.   4.3  481.  -0.5  -4.8 0.014   14439.   0.6    7.   1.5   0.9 0.002  1.75   0.48   2.07  12.2  7.3 0.0080 17  70   -36   6  94.0  271  -127   144   2.2 0.007202     33.20    12.10     3.02     0.34     0.13     0.13 -1
2005 239  4 2348 51 52  61  36   3.8   2.0 -24.4 248.7  -0.7  -1.7  -0.8  -1.9  -0.2   0.8   3.3   1.6   2.8   0.9   71223.   4.0  481.  -1.4  -4.9 0.019   16486.   0.6    6.   1.6   0.8 0.002  1.66   0.10   2.30  12.7  7.3 0.0074 17  70   -37   6  94.0  177   -98    80   1.7 0.007202     31.70    11.50     2.88     0.35     0.13     0.13 -1
2005 239  5 2348 51 52  60  36   4.9   4.7 -23.8 244.1  -1.9  -3.9  -1.9  -4.3  -0.2   0.2   1.2   0.7   0.6   0.7   51817.   3.9  481.  -1.8  -5.2 0.021    7533.   0.3    5.   0.6   0.6 0.001  1.63   0.10   1.22   9.7  6.8 0.0127 17  70   -35   6  94.0   65   -31    34   0.6 0.007202     38.40    13.50     3.27     0.37     0.13     0.13 -1
2005 239  6 2348 51 52  56  33   4.2   3.3 -53.2 286.3   0.6  -1.9  -2.6  -2.8  -1.5   0.4   2.5   1.5   1.7   1.0   66758.   4.2  467.  -0.9  -6.3 0.025   11757.   0.3   10.   1.2   0.9 0.003  1.68   0.70   1.93  11.4  7.0 0.0092 20  70   -33   7  94.0   79   -17    62   0.3 0.007202     38.10    13.30     3.26     0.41     0.16     0.15 -1
2005 239  7 2348 51 52  58  35   4.5   4.3 -13.7 355.6   4.1  -0.3  -1.0  -0.7  -0.7   0.4   1.5   0.5   1.3   0.5   67936.   4.0  442.   0.7  -5.1 0.025   13127.   0.2    4.   1.5   0.6 0.004  1.44   0.31   1.61   9.8  6.3 0.0123 20  70   -33   7  94.0  202  -103    99   0.8 0.007202     36.10    12.60     3.04     0.39     0.15     0.14 -1
2005 239  8 2348 51 52  60  37   4.7   4.6  -7.4 355.4   4.5  -0.4  -0.6  -0.6  -0.3   0.2   1.2   0.2   1.1   0.4   62422.   4.2  438.   0.8  -4.0 0.022    8197.   0.2    2.   1.1   0.6 0.006  1.46   0.13   1.51   9.5  6.3 0.0130 20  70   -38   7  94.0  333  -206   128   1.8 0.007202     30.50    10.90     2.73     0.44     0.18     0.16 -1
2005 239  9 2348 51 52  62  36   5.2   4.7   0.4 304.7   2.7  -3.8   0.0  -3.3   2.0   0.2   2.2   1.3   1.5   0.8   59154.   3.9  445.  -1.7  -4.0 0.023    8524.   0.2   10.   1.1   1.1 0.004  1.41  -0.89   1.13   8.5  6.0 0.0167 13  70   -37   5  94.0  223  -137    85   1.0 0.007202     36.40    12.20     3.05     0.46     0.18     0.15 -1
2005 239 10 2348 51 52  57  33   5.7   5.6   0.9 303.4   3.1  -4.7   0.1  -3.9   2.6   0.4   1.1   0.6   0.4   0.8   41284.   3.6  442.  -2.2  -3.9 0.017   10019.   0.3    4.   0.4   0.8 0.003  1.25  -1.15   0.78   7.4  5.7 0.0220 13  70   -33   5  94.0   54   -24    29   0.0 0.007202     37.10    12.60     3.12     0.37     0.14     0.14 -1
2005 239 11 2348 51 52  60  36   6.0   5.8 -15.7 310.6   3.7  -4.3  -1.6  -4.5   0.9   0.1   1.2   0.6   0.4   1.0   40023.   3.7  434.  -1.9  -4.9 0.020    5091.   0.2    4.   0.5   0.6 0.002  1.26  -0.39   0.72   7.0  5.5 0.0246 13  70   -29   5  94.0  106   -42    64   0.3 0.007202     34.00    11.90     2.95     0.47     0.19     0.15 -1
2005 239 12 2348 51 52  58  36   5.8   5.7 -15.9 315.5   3.9  -3.8  -1.6  -4.1   0.6   0.0   0.9   0.4   0.3   0.8   41693.   3.8  429.  -1.9  -4.5 0.024    3111.   0.2    4.   0.3   0.8 0.002  1.28  -0.26   0.80   7.2  5.5 0.0229 10  70   -30   4  94.0  193  -126    66   0.6 0.007202 999999.99 99999.99 99999.99 99999.99 99999.99 99999.99  0
2005 239 13 2348 51 52  60  37   5.9   5.8  -6.2 323.8   4.7  -3.4  -0.6  -3.3   1.1   0.1   0.8   0.3   0.4   0.7   32604.   3.2  422.  -1.7  -4.0 0.019    9100.   0.5    4.   0.4   0.9 0.004  1.02  -0.46   0.62   6.4  5.2 0.0291 10  70   -34   4  94.0  151   -95    56   0.7 0.007202     30.10    10.40     2.61     0.33     0.13     0.13 -1
2005 239 14 2348 51 52  59  36   5.8   5.8 -18.9 331.6   4.8  -2.6  -1.9  -3.2  -0.5   0.1   0.7   0.3   0.5   0.5   32390.   3.3  416.  -1.2  -5.6 0.017    6059.   0.3    3.   0.6   0.5 0.003  1.02   0.21   0.66   6.5  5.2 0.0280 10  70   -37   4  94.0  101   -62    39   1.4 0.007202     31.40    10.80     2.63     0.35     0.14     0.13 -1
2005 239 15 2348 51 52  62  36   5.7   5.5 -18.2 318.0   3.9  -3.5  -1.7  -3.9  -0.1   0.1   1.4   0.7   0.9   0.8   34226.   3.6  421.  -2.3  -5.1 0.017    4766.   0.3    6.   0.9   1.1 0.002  1.14   0.04   0.75   7.0  5.5 0.0242  3  70   -36   2  94.0  105   -56    49   1.2 0.007202     29.10    10.10     2.48     0.32     0.13     0.13 -1
2005 239 16 2348 51 52  60  33   5.7   5.6  -2.1 301.6   2.9  -4.7  -0.2  -4.4   1.6   0.1   1.2   0.6   0.4   1.0   29657.   3.3  423.  -3.0  -3.5 0.016    2830.   0.2    4.   0.6   1.1 0.001  1.05  -0.68   0.67   6.7  5.4 0.0262  3  70   -35   2  94.0  118   -85    33   1.4 0.007202     30.50    10.50     2.60     0.36     0.14     0.13 -1
2005 239 17 2348 51 52  58  33   5.3   5.2   1.9 316.0   3.7  -3.6   0.2  -3.3   1.4   0.1   1.1   0.5   0.7   0.6   31734.   3.2  414.  -2.4  -3.3 0.023    4866.   0.3    6.   1.0   0.9 0.003  1.00  -0.58   0.76   7.0  5.4 0.0244  3  70   -36   2  94.0   65   -45    20   1.2 0.007202     29.60    10.00     2.45     0.30     0.12     0.12 -1
2005 239 18 2348 51 52  60  33   5.4   5.3   7.5 324.2   4.2  -3.1   0.7  -2.8   1.6   0.0   1.1   0.6   0.6   0.7   33098.   3.1  405.  -1.8  -3.0 0.023    6644.   0.3    6.   0.7   0.9 0.001  0.93  -0.65   0.71   6.6  5.2 0.0273  3  70   -40   2  94.0   49   -29    20   0.6 0.007202     29.30    10.10     2.52     0.36     0.14     0.13 -1
2005 239 19 2348 51 52  59  35   5.3   5.2  27.5 304.8   2.6  -3.8   2.4  -3.1   3.3   0.1   0.8   0.6   0.3   0.4   38065.   3.6  411.  -2.2  -2.0 0.024    5737.   0.3    5.   0.4   0.7 0.002  1.11  -1.36   0.89   7.4  5.5 0.0220  3  70   -40   2  94.0   54   -39    16   0.0 0.007202     27.10     9.33     2.35     0.34     0.14     0.12 -1
2005 239 20 2348 51 52  61  37   5.3   5.1  31.1 303.9   2.5  -3.7   2.7  -3.0   3.4   0.1   1.3   0.5   0.8   0.8   40159.   3.9  414.  -2.3  -1.2 0.023    3772.   0.2    4.   1.3   0.8 0.003  1.22  -1.41   0.97   7.7  5.7 0.0200  3  70   -39   2  94.0   29   -17    12  -0.3 0.007202     26.60     9.04     2.25     0.30     0.12     0.12 -1
2005 239 21 2348 51 52  58  31   5.5   4.9   8.4 320.8   3.8  -3.1   0.7  -2.9   1.3   0.1   2.3   1.1   0.5   1.9   34114.   3.3  402.  -2.6  -2.8 0.023   18918.   0.4    8.   0.9   2.1 0.002  0.97  -0.52   0.74   6.6  5.2 0.0270  7  70   -39   3  94.0   43   -28    16   0.2 0.007202     25.90     8.85     2.24     0.36     0.16     0.15 -1
2005 239 22 2348 51 52  58  35   5.8   5.5  16.8 318.3   3.9  -3.5   1.6  -3.1   2.2   0.2   1.8   0.4   0.6   1.6   29171.   4.1  402.  -2.7  -2.3 0.021    2704.   0.3    5.   0.7   1.6 0.001  1.20  -0.88   0.80   7.0  5.4 0.0242  7  70   -36   3  94.0   62   -34    28  -0.0 0.007202     24.00     8.22     2.12     0.36     0.16     0.14 -1
2005 239 23 2348 51 52  62  15   5.8   5.3  -7.8 327.9   4.5  -2.8  -0.7  -2.9  -0.1   0.1   2.2   0.8   0.6   1.9   29502.   3.8  393.  -2.7  -3.1 0.021    4022.   0.2    2.   0.5   0.7 0.001  1.06   0.04   0.74   6.6  5.2 0.0273  7  70   -37   3  94.0  107   -68    40   0.5 0.007202     23.40     7.91     2.00     0.35     0.16     0.16 -1
2005 240  0 2348 51 52  57  29   5.6   5.4 -42.3 329.4   3.4  -2.0  -3.6  -2.7  -3.1   0.2   1.5   1.0   0.8   0.8   31693.   3.7  401.  -1.5  -6.8 0.023    7177.   0.6   12.   0.8   0.5 0.002  1.08   1.24   0.79   6.9  5.3 0.0251 20  76   -38   7  91.6  279  -179    99   1.8 0.007216     20.80     7.25     2.01     0.43     0.20     0.16 -1
2005 240  1 2348 51 52  59  32   5.4   4.9 -21.8 326.5   3.8  -2.5  -1.8  -2.9  -1.2   0.1   2.3   0.7   0.8   2.0   26592.   3.6  394.  -2.8  -5.3 0.022    4915.   0.4    6.   0.9   2.0 0.002  1.02   0.47   0.80   6.9  5.3 0.0248 20  76   -40   7  91.6  266  -147   119   1.3 0.007216 999999.99 99999.99 99999.99 99999.99 99999.99 99999.99  0
2005 240  2 2348 51 52  59  29   5.5   5.5 -12.5 345.6   5.2  -1.3  -1.2  -1.6  -0.8   0.1   0.6   0.2   0.4   0.3   22098.   3.4  383.  -1.5  -4.2 0.022    3780.   0.5    7.   0.7   0.6 0.002  0.91   0.31   0.70   6.4  5.1 0.0289 20  76   -38   7  91.6  206   -89   117   1.0 0.007216 999999.99 99999.99 99999.99 99999.99 99999.99 99999.99  0
2005 240  3 2348 51 52  60  32   5.3   5.0 -15.8 330.1   4.2  -2.4  -1.4  -2.7  -0.6   0.1   1.7   0.6   0.4   1.6   22289.   3.4  386.  -2.7  -4.3 0.023    3278.   0.3    6.   0.7   2.0 0.002  0.92   0.23   0.76   6.7  5.2 0.0264 13  76   -36   5  91.6  163   -63   100   0.9 0.007216 999999.99 99999.99 99999.99 99999.99 99999.99 99999.99  0
2005 240  4 2348 51 52  59  34   5.1   4.9  -4.5 338.6   4.6  -1.8  -0.4  -1.8   0.3   0.1   1.3   0.3   0.8   1.0   16863.   2.8  378.  -2.8  -3.3 0.029    4313.   0.3    4.   0.9   1.5 0.002  0.75  -0.11   0.65   6.2  5.0 0.0309 13  76   -33   5  91.6  119   -84    35   0.3 0.007216 999999.99 99999.99 99999.99 99999.99 99999.99 99999.99  0
2005 240  5 2348 51 52  62  38   5.3   4.8  27.6 303.1   2.3  -3.6   2.2  -2.4   3.4   0.1   2.1   1.5   1.3   0.8   29308.   3.6  395.  -3.4  -0.6 0.019    7308.   0.3   12.   0.8   0.8 0.004  1.01  -1.34   0.84   7.1  5.4 0.0238 13  76   -27   5  91.6   56   -24    32  -0.1 0.007216 999999.99 99999.99 99999.99 99999.99 99999.99 99999.99  0
2005 240  6 2348 51 52  62  36   5.6   5.2  47.1 324.4   2.9  -2.1   3.8  -0.2   4.3   0.1   1.9   1.0   0.5   1.5   27518.   3.9  392.  -2.3   0.8 0.019    5268.   0.5    9.   1.0   1.1 0.005  1.08  -1.69   0.81   6.9  5.3 0.0249  3  76   -23   2  91.6   28   -13    15  -0.2 0.007216     16.10     5.42     1.46     0.31     0.16     0.16 -1
2005 240  7 2348 51 52  62  23   5.3   4.9  75.9 301.3   0.6  -1.0   4.8   1.4   4.7   0.1   1.8   1.4   1.0   0.6   39624.   4.4  406.  -0.8   0.5 0.028   14731.   0.6   14.   1.4   0.6 0.003  1.35  -1.91   1.09   8.0  5.8 0.0184  3  76   -19   2  91.6   31   -17    14   0.1 0.007216     15.80     5.34     1.59     0.33     0.16     0.16 -1
2005 240  8 2348 51 52  60  20   5.3   4.2  52.9 307.8   1.6  -2.0   3.3  -0.1   3.9   0.2   3.1   1.5   1.0   2.6   57328.   4.8  400.  -2.3  -1.9 0.033    7339.   0.6   10.   0.7   2.4 0.007  1.45  -1.56   1.32   8.3  5.7 0.0174  3  76   -18   2  91.6   25   -17     8  -0.2 0.007216 999999.99 99999.99 99999.99 99999.99 99999.99 99999.99  0
2005 240  9 2348 51 52  56  22   5.3   5.1  56.9 331.1   2.4  -1.3   4.2   1.1   4.3   0.1   1.3   0.6   1.0   0.6   49811.   4.7  392.  -1.7  -0.1 0.032    3845.   0.3    4.   1.0   0.6 0.004  1.36  -1.69   1.24   8.0  5.6 0.0185 10  76   -18   4  91.6   28   -20     8  -0.1 0.007216 999999.99 99999.99 99999.99 99999.99 99999.99 99999.99  0
2005 240 10 2348 51 52  57  34   5.1   4.3  77.7 357.7   0.9   0.0   4.2   2.2   3.6   0.1   2.4   1.3   1.9   0.9   53489.   4.5  402.  -0.2   0.1 0.031    9303.   0.3   10.   2.1   0.9 0.003  1.37  -1.45   1.31   8.4  5.7 0.0170 10  76   -19   4  91.6   67   -29    38   0.3 0.007216 999999.99 99999.99 99999.99 99999.99 99999.99 99999.99  0
2005 240 11 2348 51 52  66  40   5.4   3.6  -2.6 313.4   2.4  -2.6  -0.2  -2.3   1.2   0.6   3.9   1.5   1.8   3.1   68289.   4.1  397.  -2.4  -3.0 0.040   16489.   0.4   12.   2.0   3.3 0.009  1.25  -0.48   1.15   7.4  5.3 0.0215 10  76   -21   4  91.6   66   -31    35   0.2 0.007216 999999.99 99999.99 99999.99 99999.99 99999.99 99999.99  0
2005 240 12 2348 51 52  61  36   5.4   4.8  19.4 297.4   2.1  -4.0   1.6  -2.6   3.4   0.5   2.3   0.6   1.3   1.8   82490.   4.3  409.  -2.0  -0.6 0.043   20027.   0.6    4.   0.9   1.9 0.008  1.41  -1.39   1.29   7.9  5.4 0.0193  7  76   -20   3  91.6   59   -38    21  -0.4 0.007216 999999.99 99999.99 99999.99 99999.99 99999.99 99999.99  0
2005 240 13 2348 51 52  59  37   5.2   5.0  -7.8 284.2   1.2  -4.8  -0.7  -4.5   1.8   0.3   1.3   0.7   0.4   1.1   97992.   5.0  416.  -1.7  -2.6 0.029   10690.   0.3    4.   0.4   0.9 0.002  1.61  -0.75   1.74   8.9  5.7 0.0149  7  76   -18   3  91.6   55   -30    25   0.5 0.007216 999999.99 99999.99 99999.99 99999.99 99999.99 99999.99  0
2005 240 14 2348 51 52  61  36   4.8   4.2 -14.3 292.6   1.6  -3.8  -1.0  -3.8   0.9   0.3   2.2   1.1   1.2   1.6  109684.   5.0  414.  -1.0  -2.5 0.029   12045.   0.4    7.   1.2   1.5 0.002  1.60  -0.37   2.15   9.6  5.7 0.0128  7  76   -20   3  91.6   62   -30    33   1.3 0.007216     10.40     3.72     1.06     0.28     0.15     0.14 -1
2005 240 15 2348 51 52  58  34   4.7   4.0   3.2 289.9   1.3  -3.7   0.2  -3.3   1.8   0.3   2.4   1.4   0.8   1.8  112923.   5.2  416.  -0.9  -1.8 0.026   12779.   0.4    9.   0.8   1.7 0.003  1.66  -0.75   2.36  10.1  5.8 0.0117 10  76   -22   4  91.6  129   -69    61   0.9 0.007216     10.30     3.73     1.01     0.26     0.15     0.15 -1
2005 240 16 2348 51 52  59  36   5.3   4.6  -3.4 287.3   1.4  -4.4  -0.3  -4.2   1.4   0.2   2.3   1.0   0.7   1.9   92978.   5.1  415.  -1.5  -2.1 0.022   15513.   0.3    8.   0.7   1.9 0.003  1.60  -0.58   1.67   8.8  5.7 0.0152 10  76   -20   4  91.6  106   -71    35   1.5 0.007216     10.30     3.65     0.99     0.25     0.14     0.13 -1
2005 240 17 2348 51 52  62  38   5.7   4.8  17.6 299.9   2.3  -4.0   1.4  -3.3   2.7   0.2   2.9   1.1   1.1   2.4   85719.   5.3  408.  -1.3  -0.6 0.021   10263.   0.3    9.   1.1   2.5 0.003  1.60  -1.10   1.45   8.2  5.5 0.0175 10  76   -21   4  91.6   62   -32    31   0.4 0.007216     10.20     3.59     0.95     0.23     0.12     0.10 -1
2005 240 18 2348 51 52  59  36   5.9   5.4 -21.2 254.2  -1.4  -4.9  -2.0  -5.3  -0.5   0.1   2.2   1.4   0.7   1.5   69982.   5.5  425.  -2.3  -3.8 0.018    8088.   0.3    8.   0.8   1.7 0.002  1.78   0.21   1.30   8.4  5.8 0.0167 13  76   -20   5  91.6   53   -29    24   1.5 0.007216      9.81     3.52     0.96     0.27     0.16     0.15 -1
2005 240 19 2348 51 52  58  35   6.2   5.1 -17.0 272.5   0.2  -4.9  -1.5  -5.1  -0.2   0.2   3.5   1.8   1.1   2.8   67349.   5.2  412.  -2.8  -3.0 0.020   13743.   0.5    9.   1.0   2.1 0.003  1.59   0.08   1.10   7.6  5.4 0.0207 13  76   -23   5  91.6   76   -42    34   1.3 0.007216     10.40     3.64     0.99     0.24     0.14     0.14 -1
2005 240 20 2348 51 52  62  36   6.4   5.1 -24.0 298.4   2.2  -4.1  -2.1  -4.5  -1.1   0.3   3.8   1.2   1.8   3.1   68850.   4.9  397.  -1.8  -3.7 0.022   14625.   0.5    7.   1.6   3.1 0.003  1.40   0.44   0.98   6.9  5.1 0.0252 13  76   -27   5  91.6  200  -151    49   1.2 0.007216     10.00     3.52     0.96     0.25     0.14     0.14 -1
2005 240 21 2348 51 52  58  32   6.4   4.9   1.8 263.4  -0.6  -4.9   0.2  -4.8   1.2   0.1   3.9   1.2   1.4   3.4   74205.   5.1  412.  -2.3  -3.6 0.018   12018.   0.3    8.   1.1   2.6 0.002  1.55  -0.49   1.05   7.3  5.3 0.0225 27  76   -31  12  91.6  270  -173    97   1.5 0.007216      8.74     3.11     0.87     0.22     0.13     0.13 -1
2005 240 22 2348 51 52  60  37   6.0   5.2 -20.3 278.5   0.7  -4.8  -1.8  -5.1  -0.8   0.2   2.8   1.6   1.0   2.1   72193.   5.1  411.  -2.9  -5.0 0.019   11004.   0.6    9.   0.9   1.8 0.005  1.55   0.33   1.18   7.7  5.4 0.0199 27  76   -29  12  91.6  115   -60    54  -0.0 0.007216      8.08     2.95     0.88     0.27     0.16     0.13 -1
2005 240 23 2348 51 52  60  36   5.8   5.5 -52.5 302.3   1.8  -2.8  -4.4  -3.6  -3.8   0.3   1.6   1.0   0.9   0.9   63006.   5.7  405.  -2.4  -6.0 0.012    9284.   0.5    6.   0.7   0.9 0.003  1.64   1.54   1.35   8.3  5.7 0.0171 27  76   -29  12  91.6  184   -76   108   1.1 0.007216      8.40     3.02     0.88     0.26     0.14     0.12 -1
2005 241  0 2348 51 52  60  36   5.3   5.0 -55.8 334.4   2.5  -1.2  -4.1  -2.0  -3.7   0.1   1.6   0.6   1.4   0.4   60616.   5.6  401.  -1.2  -5.9 0.011    4556.   0.3    4.   1.4   0.6 0.001  1.57   1.48   1.57   9.0  5.8 0.0148 30  71   -32  15  90.9  375  -231   144   1.8 0.007169      8.27     3.00     0.85     0.27     0.16     0.15 -1
2005 241  1 2348 51 52  60  33   5.3   4.9 -48.6 310.7   2.1  -2.5  -3.7  -3.3  -3.0   0.1   1.9   0.9   1.3   1.1   57757.   5.3  401.  -2.4  -5.3 0.011    7614.   0.4    7.   1.3   1.2 0.002  1.49   1.20   1.46   8.7  5.8 0.0157 30  71   -35  15  90.9  321  -171   149   1.5 0.007169      7.55     2.69     0.75     0.22     0.14     0.14 -1
2005 241  2 2348 51 52  59  36   5.5   5.1 -52.1 342.5   3.0  -0.9  -4.0  -2.0  -3.6   0.1   2.1   0.6   1.7   1.0   54843.   5.4  394.  -1.4  -5.8 0.014    6047.   0.4    6.   1.6   1.4 0.003  1.48   1.42   1.36   8.3  5.6 0.0172 30  71   -35  15  90.9  402  -238   165   2.2 0.007169 999999.99 99999.99 99999.99 99999.99 99999.99 99999.99  0
2005 241  3 2348 51 52  58  36   6.0   5.6 -43.7 335.0   3.7  -1.7  -3.9  -2.8  -3.2   0.1   2.1   0.9   1.8   0.4   46691.   5.2  390.  -1.9  -5.4 0.019    4304.   0.3    7.   1.7   0.6 0.005  1.42   1.25   1.05   7.4  5.4 0.0217 33  71   -39  18  90.9  391  -218   172   2.2 0.007169      6.70     2.52     0.75     0.23     0.14     0.14 -1
2005 241  4 2348 51 52  59  37   6.0   5.8 -38.7 350.6   4.5  -0.7  -3.7  -2.0  -3.2   0.1   1.2   0.6   0.8   0.8   43356.   5.1  380.  -1.1  -5.7 0.020    4717.   0.3    5.   0.8   0.8 0.002  1.33   1.22   1.01   7.2  5.2 0.0233 33  71   -39  18  90.9  402  -204   198   2.0 0.007169 999999.99 99999.99 99999.99 99999.99 99999.99 99999.99  0
2005 241  5 2348 51 52  61  36   6.0   5.9 -43.5 349.1   4.2  -0.8  -4.0  -2.3  -3.4   0.1   0.9   0.6   0.5   0.5   45046.   5.1  380.  -1.3  -6.2 0.019   13149.   0.2    7.   1.0   0.7 0.002  1.32   1.29   1.02   7.2  5.2 0.0233 33  71   -36  18  90.9  451  -313   138   2.1 0.007169      5.57     2.10     0.70     0.28     0.18     0.16 -1
2005 241  6 2348 51 52  60  37   5.8   5.7 -47.2   4.2   3.9   0.3  -4.2  -1.6  -3.9   0.1   1.2   0.3   1.1   0.3   43775.   5.1  379.  -0.1  -5.8 0.018    2023.   0.2    2.   1.0   0.3 0.003  1.31   1.48   1.09   7.4  5.3 0.0218 20  71   -36   7  90.9  459  -262   197   2.4 0.007169      4.21     1.66     0.52     0.18     0.12     0.12 -1
2005 241  7 2348 51 52  60  36   5.5   5.0 -33.1 347.1   4.1  -0.9  -2.7  -2.1  -2.0   0.1   2.3   0.3   2.0   1.2   46087.   4.1  376.  -0.1  -5.2 0.020    7396.   0.7    3.   1.5   0.7 0.003  1.05   0.75   0.98   6.9  5.1 0.0248 20  71   -38   7  90.9  315  -163   152   1.9 0.007169      3.79     1.50     0.56     0.26     0.17     0.14 -1
2005 241  8 2348 51 52  59  35   5.5   5.5 -10.6 319.2   4.1  -3.5  -1.0  -3.5   0.9   0.1   0.8   0.3   0.5   0.5   45973.   3.1  372.  -1.7  -4.1 9.999   10740.   0.5    5.   1.1   0.7 9.999  0.86  -0.33   0.74   6.0  4.6 0.0335 20  71   -35   7  90.9   93   -49    44   0.3 0.007169      3.81     1.50     0.54     0.24     0.17     0.14 -1
2005 241  9 2348 51 52  59  30   5.5   5.5  -3.2 316.3   4.0  -3.8  -0.3  -3.4   1.7   0.1   0.7   0.3   0.4   0.5   44115.   3.1  370.  -1.8  -3.0 9.999   10381.   0.7    5.   0.8   0.9 9.999  0.85  -0.63   0.74   5.9  4.6 0.0339 10  71   -30   4  90.9   52   -16    36  -0.2 0.007169      3.67     1.45     0.52     0.21     0.15     0.15 -1
2005 241 10 2348 51 52  62  37   5.3   5.1 -15.7 327.0   4.1  -2.7  -1.4  -3.0   0.2   0.2   1.2   0.4   0.6   1.0   44568.   2.6  367.  -1.4  -4.7 0.037    7847.   0.3    6.   0.7   1.8 0.000  0.67  -0.07   0.67   5.6  4.4 0.0382 10  71   -27   4  90.9   56   -10    46   0.2 0.007169      3.73     1.47     0.56     0.26     0.19     0.16 -1
2005 241 11 2348 51 52  61  35   5.6   5.2 -20.9 302.8   2.6  -4.1  -1.9  -4.5   0.6   0.2   1.8   0.8   1.2   1.1   65458.   3.4  384.  -1.8  -4.3 0.016   23786.   0.9    8.   1.2   1.5 0.003  0.89  -0.23   0.87   6.3  4.8 0.0298 10  71   -27   4  90.9  160   -99    61   0.6 0.007169 999999.99 99999.99 99999.99 99999.99 99999.99 99999.99  0
2005 241 12 2348 51 52  57  32   5.7   5.1 -11.9 294.1   2.0  -4.6  -1.0  -4.5   1.5   0.1   2.5   1.5   1.4   1.3   65274.   3.6  385.  -1.9  -3.6 0.012   18404.   0.8   11.   1.1   1.7 0.001  0.93  -0.58   0.89   6.4  4.8 0.0290  7  71   -26   3  90.9   82   -40    42   0.4 0.007169      3.41     1.45     0.71     0.44     0.31     0.21 -1
2005 241 13 2348 51 52  63  39   5.7   5.3  10.1 311.3   3.4  -3.9   0.9  -2.9   2.7   0.2   2.2   0.7   0.7   2.0   56176.   3.1  374.  -1.9  -1.6 0.024   16751.   0.7    7.   1.0   2.2 0.004  0.79  -1.01   0.73   5.8  4.5 0.0356  7  71   -27   3  90.9   53   -29    24   0.2 0.007169      3.41     1.43     0.56     0.26     0.19     0.17 -1
2005 241 14 2348 51 52  59  32   5.4   4.8   9.8 314.1   3.3  -3.4   0.8  -2.6   2.3   0.1   2.4   0.5   0.7   2.2   54525.   2.9  375.  -2.0  -1.4 0.024   20309.   0.8    8.   1.1   2.5 0.005  0.75  -0.86   0.76   5.9  4.6 0.0340  7  71   -28   3  90.9   49   -36    12   0.4 0.007169      3.75     1.62     0.73     0.41     0.27     0.17 -1
2005 241 15 2348 51 52  60  33   5.3   5.2 -24.7 306.4   2.8  -3.8  -2.2  -4.4  -0.4   0.2   1.1   0.5   0.6   0.7   73469.   3.9  379.  -0.9  -3.9 0.020   22366.   0.8    7.   1.2   1.0 0.003  1.01   0.15   1.17   7.1  5.0 0.0239  7  71   -30   3  90.9   70   -46    24   2.0 0.007169      3.69     1.66     0.80     0.45     0.29     0.16 -1
2005 241 16 2348 51 52  59  36   6.1   5.9  -9.5 313.1   4.0  -4.2  -1.0  -4.3   0.7   0.1   1.4   0.6   0.5   1.1   60523.   3.6  373.  -1.5  -2.7 0.022   17174.   0.6    7.   0.7   0.9 0.006  0.91  -0.26   0.76   5.8  4.5 0.0353  7  71   -28   3  90.9   98   -78    21   1.0 0.007169      4.63     2.07     1.04     0.58     0.34     0.17 -1
2005 241 17 2348 51 52  60  36   5.9   5.8  20.2 318.3   4.1  -3.6   2.0  -2.7   3.1   0.2   1.2   0.5   0.5   0.9   55672.   3.4  368.  -1.5  -0.1 0.021   13741.   0.7    6.   1.0   0.8 0.000  0.83  -1.14   0.75   5.8  4.5 0.0360  7  71   -26   3  90.9   42   -32    10   0.6 0.007169      4.35     2.05     1.07     0.58     0.32     0.17 -1
2005 241 18 2348 51 52  60  35   5.6   5.4  46.8 320.9   2.9  -2.3   4.0  -1.0   4.5   0.2   1.2   0.6   0.7   0.7   57477.   3.6  375.  -1.5   2.2 0.014   10002.   0.6    5.   0.9   0.6 0.003  0.89  -1.69   0.89   6.4  4.8 0.0295  0  71   -27   0  90.9   33   -21    11  -0.3 0.007169      4.83     2.31     1.21     0.64     0.31     0.16 -1
2005 241 19 2348 51 52  65  34   4.6   4.2  46.5 299.1   1.4  -2.5   3.0  -1.7   3.5   0.4   1.9   1.6   0.5   0.8   66669.   3.7  378.  -1.5   0.8 0.019   17608.   0.7   10.   0.8   1.1 0.005  0.95  -1.32   1.42   7.9  5.3 0.0190  0  71   -27   0  90.9   45   -29    16  -0.9 0.007169      5.74     2.79     1.46     0.73     0.30     0.16 -1
2005 241 20 2348 51 52  58  31   4.6   4.5  29.4 244.6  -1.7  -3.5   2.2  -2.9   2.9   0.2   1.1   0.8   0.5   0.5   59589.   4.5  394.  -1.0  -1.1 0.022   10879.   0.3    5.   0.4   0.6 0.003  1.27  -1.14   1.66   9.1  5.8 0.0144  0  71   -25   0  90.9   51   -34    17  -0.3 0.007169      5.16     2.85     1.70     0.98     0.32     0.15 -1
2005 241 21 2348 51 52  57  30   4.7   4.3  18.5 257.7  -0.9  -4.0   1.4  -3.6   2.2   0.6   1.8   0.9   0.9   1.2   78017.   5.1  386.  -0.5  -1.5 0.021   28467.   0.5    4.   1.1   0.8 0.003  1.38  -0.85   1.98   9.3  5.6 0.0138  7  71   -22   3  90.9   42   -25    16  -0.2 0.007169      5.89     3.38     1.99     1.10     0.29     0.15 -1
2005 241 22 2348 51 52  60  26   3.8   3.3  42.8 329.0   2.1  -1.3   2.3  -0.8   2.5   0.4   1.9   1.2   1.2   0.9   90966.   5.4  386.  -0.0  -1.4 0.019    7399.   0.2    2.   0.4   0.6 0.001  1.45  -0.96   3.41  11.8  5.9 0.0085  7  71   -20   3  90.9   49   -29    20  -0.4 0.007169      5.98     3.46     2.00     1.08     0.32     0.16 -1
2005 241 23 2348 51 52  60  37   4.2   4.1  25.2 301.3   2.0  -3.2   1.8  -2.8   2.4   0.2   0.7   0.5   0.4   0.4   91308.   5.1  381.  -0.1  -1.8 0.019    5277.   0.3    2.   0.4   0.4 0.001  1.33  -0.91   2.64  10.2  5.7 0.0113  7  71   -21   3  90.9   47   -30    16  -0.5 0.007169      7.25     4.25     2.49     1.28     0.37     0.16 -1
2005 242  0 2348 51 52  60  36   4.4   4.2   7.3 278.5   0.6  -4.1   0.5  -3.9   1.4   0.2   1.3   0.7   0.4   1.0   73309.   5.2  383.  -0.6  -1.8 0.020   10478.   0.3    2.   0.4   0.6 0.002  1.38  -0.54   2.25   9.9  5.8 0.0121  3  61   -20   2  87.6   43   -28    16  -0.5 0.007069 999999.99 99999.99 99999.99 99999.99 99999.99 99999.99  0
2005 242  1 2348 51 52  60  37   4.3   4.1  19.4 262.7  -0.5  -3.9   1.4  -3.4   2.3   0.3   1.0   0.8   0.4   0.6   64210.   5.6  384.  -0.7  -1.0 0.021    6760.   0.3    3.   0.4   0.4 0.002  1.49  -0.88   2.43  10.6  6.0 0.0107  3  61   -19   2  87.6   36   -24    12  -0.6 0.007069 999999.99 99999.99 99999.99 99999.99 99999.99 99999.99  0
2005 242  2 2348 51 52  59  36   4.0   3.8   8.4 289.7   1.3  -3.5   0.6  -3.2   1.5   0.4   1.4   1.2   0.3   0.7   69501.   5.7  379.  -0.4  -1.3 0.023    5204.   0.5    3.   0.4   0.2 0.002  1.49  -0.57   2.93  11.3  6.0 0.0093  3  61   -14   2  87.6   33   -21    12  -0.5 0.007069 999999.99 99999.99 99999.99 99999.99 99999.99 99999.99  0
2005 242  3 2348 51 52  59  36   3.7   3.5   6.4 286.5   1.0  -3.3   0.4  -3.0   1.4   0.3   1.4   1.0   0.4   0.8   64414.   6.4  376.   0.0  -1.3 0.025    5904.   0.4    4.   1.2   0.2 0.002  1.66  -0.53   3.75  12.9  6.2 0.0072  3  61   -10   2  87.6   26   -18     9  -0.6 0.007069 999999.99 99999.99 99999.99 99999.99 99999.99 99999.99  0
2005 242  4 2348 51 52  60  37   4.1   3.8  18.9 313.2   2.5  -2.6   1.2  -2.0   2.0   0.3   1.5   0.9   0.5   1.0   62518.   6.3  373.   0.1  -1.4 0.024    4821.   0.5    2.   0.3   0.3 0.002  1.60  -0.75   2.98  11.4  6.0 0.0091  3  61    -9   2  87.6   26   -15    12  -0.7 0.007069 999999.99 99999.99 99999.99 99999.99 99999.99 99999.99  0
2005 242  5 2348 51 52  61  38   4.1   4.0  18.2 322.0   3.0  -2.4   1.3  -1.7   2.2   0.1   0.7   0.3   0.4   0.5   63152.   6.5  373.   0.7  -1.2 0.022    2857.   0.2    1.   0.3   0.3 0.001  1.64  -0.82   3.08  11.6  6.1 0.0088  3  61   -12   2  87.6   16    -8     8  -0.7 0.007069 999999.99 99999.99 99999.99 99999.99 99999.99 99999.99  0
2005 242  6 2348 51 52  59  34   4.2   3.7  10.7 324.8   2.9  -2.1   0.7  -1.6   1.6   0.2   2.1   0.5   0.6   2.0   60002.   6.6  372.   0.5  -1.6 0.021    6308.   0.4    3.   0.4   0.5 0.002  1.65  -0.60   2.93  11.4  6.1 0.0092  0  61   -12   0  87.6   14    -8     6  -0.7 0.007069 999999.99 99999.99 99999.99 99999.99 99999.99 99999.99  0
2005 242  7 2348 51 52  61  38   4.3   4.2  32.5 322.4   2.8  -2.2   2.3  -0.8   3.1   0.3   0.8   0.3   0.5   0.6   57073.   6.4  372.   0.5  -0.7 0.019    3106.   0.6    2.   0.4   0.5 0.001  1.59  -1.15   2.67  10.9  6.0 0.0099  0  61   -12   0  87.6   12    -5     6  -0.7 0.007069      8.29     5.12     2.54     1.10     0.29     0.15 -1
2005 242  8 2348 51 52  59  36   4.2   4.1  26.7 332.3   3.3  -1.7   1.9  -0.5   2.5   0.1   0.5   0.3   0.2   0.3   56949.   6.9  372.   1.2  -1.3 0.018    2679.   0.1    1.   0.5   0.3 0.001  1.71  -0.93   3.02  11.6  6.1 0.0088  0  61   -14   0  87.6   20   -11     9  -0.6 0.007069      8.59     5.20     2.36     0.80     0.25     0.15 -1
2005 242  9 2348 51 52  59  37   4.3   4.1  25.4 340.6   3.5  -1.2   1.7  -0.1   2.1   0.2   1.1   0.4   0.6   0.9   52441.   6.9  368.   1.1  -1.6 0.017    3539.   0.2    2.   0.3   0.4 0.001  1.67  -0.77   2.81  11.2  6.1 0.0094  3  61   -15   2  87.6   31   -23     7  -0.5 0.007069      8.97     5.37     2.35     0.77     0.28     0.16 -1
2005 242 10 2348 51 52  59  35   4.6   4.5  -3.7 338.0   4.2  -1.7  -0.3  -1.6   0.6   0.1   0.9   0.4   0.6   0.6   42894.   6.0  357.   0.6  -2.4 0.014    6984.   0.8    6.   0.5   0.5 0.003  1.35  -0.21   2.02   9.5  5.7 0.0132  3  61   -15   2  87.6   45   -33    12  -0.4 0.007069      9.01     5.37     2.34     0.77     0.27     0.16 -1
2005 242 11 2348 51 52  60  37   4.6   4.5   0.8 345.1   4.4  -1.2   0.1  -1.0   0.7   0.1   0.5   0.1   0.4   0.3   41503.   6.3  356.   0.6  -1.8 0.016    7197.   0.4    4.   0.4   0.4 0.001  1.42  -0.25   2.10   9.7  5.8 0.0126  3  61   -15   2  87.6   49   -33    16  -0.3 0.007069      9.48     5.58     2.39     0.79     0.31     0.18 -1
2005 242 12 2348 51 52  60  36   4.8   4.8   1.7 332.4   4.2  -2.2   0.1  -1.8   1.2   0.3   0.5   0.2   0.4   0.3   32579.   5.6  353.  -0.6  -1.3 0.016    7020.   0.8    4.   0.5   0.2 0.002  1.24  -0.42   1.63   8.7  5.6 0.0157  0  61   -16   0  87.6   47   -32    15  -0.3 0.007069      9.93     5.75     2.46     0.87     0.21     0.13 -1
2005 242 13 2348 51 52  58  36   5.1   5.1   3.6 330.9   4.5  -2.5   0.3  -2.0   1.5   0.1   0.4   0.2   0.3   0.2   30466.   5.1  350.  -0.8  -1.2 0.019    8430.   0.9    4.   0.5   0.3 0.000  1.12  -0.53   1.30   7.7  5.3 0.0198  0  61   -15   0  87.6   49   -30    19  -0.2 0.007069     10.50     5.97     2.50     0.87     0.23     0.16 -1
2005 242 14 2348 51 52  60  36   5.5   5.4   4.3 337.9   5.0  -2.0   0.4  -1.6   1.3   0.1   0.7   0.2   0.5   0.4   22332.   5.0  346.  -0.2  -1.1 0.012    2470.   0.4    1.   0.4   0.3 0.001  1.05  -0.45   1.04   7.0  5.1 0.0240  0  61   -16   0  87.6   45   -28    17   0.1 0.007069     10.00     5.78     2.45     0.88     0.26     0.15 -1
2005 242 15 2348 51 52  61  35   5.6   5.6  -4.2 333.9   5.0  -2.5  -0.4  -2.4   0.7   0.2   0.5   0.2   0.2   0.4   22920.   5.5  347.  -0.6  -1.5 0.012    7034.   0.8    3.   0.3   0.5 0.002  1.16  -0.24   1.10   7.3  5.2 0.0225  3  61   -15   2  87.6   57   -30    27   0.7 0.007069     10.90     6.04     2.52     0.93     0.22     0.15 -1
2005 242 16 2348 51 52  59  36   5.7   5.7  -8.4 335.8   5.1  -2.3  -0.8  -2.4   0.1   0.1   0.2   0.1   0.2   0.1   19595.   5.9  346.  -0.7  -1.5 0.009    1587.   0.2    1.   0.4   0.3 0.001  1.22  -0.03   1.12   7.4  5.3 0.0219  3  61   -14   2  87.6   59   -38    21   0.4 0.007069     12.00     6.44     2.37     0.61     0.21     0.15 -1
2005 242 17 2348 51 52  59  36   5.7   5.7  -6.0 341.0   5.3  -1.8  -0.6  -1.9   0.0   0.1   0.3   0.1   0.2   0.2   20038.   6.0  343.  -0.6  -0.2 0.011    2881.   0.4    1.   0.4   0.5 0.002  1.23  -0.00   1.14   7.4  5.2 0.0219  3  61   -14   2  87.6   46   -32    15   0.2 0.007069     11.70     6.17     2.18     0.45     0.19     0.14 -1
2005 242 18 2348 51 52  62  39   5.7   5.7  -5.0 341.0   5.3  -1.8  -0.5  -1.9   0.1   0.3   0.5   0.3   0.2   0.2   21817.   5.8  342.  -0.9   0.5 0.012    7994.   0.6    6.   0.5   0.3 0.004  1.19  -0.03   1.12   7.2  5.2 0.0228 27  61   -16  12  87.6   50   -35    15   0.7 0.007069     11.30     5.92     2.11     0.50     0.22     0.16 -1
2005 242 19 2348 51 52  60  34   7.1   3.6  12.9 247.7  -1.3  -3.2   0.8  -2.9   1.6   1.1   6.2   5.1   2.1   2.8   49861.  13.9  372.   0.3  -3.6 0.018   17722.   4.2   10.   1.3   1.8 0.004  3.44  -0.60   2.04   9.8  5.9 0.0125 27  61    -5  12  87.6  112   -71    41   1.0 0.007069     13.50     6.80     2.28     0.51     0.22     0.14 -1
2005 242 20 2348 51 52  61  37   9.4   9.1 -23.5 329.7   7.2  -4.2  -3.6  -4.9  -2.5   0.7   2.4   0.8   1.8   1.4   44940.  12.0  355.  -1.7  -5.2 0.028    6738.   1.5    6.   1.2   1.1 0.002  2.81   0.89   0.98   6.5  4.8 0.0278 27  61    -6  12  87.6  171  -116    55   1.4 0.007069     11.10     5.48     2.00     0.53     0.22     0.16 -1
2005 242 21 2348 51 52  61  35   9.4   9.1 -19.3 324.2   7.0  -5.0  -3.0  -5.5  -1.9   0.8   2.1   1.3   1.0   1.3   47516.  11.4  352.  -1.7  -5.5 0.028   10956.   1.9    5.   0.6   1.1 0.003  2.62   0.67   0.94   6.3  4.7 0.0298 17  61   -18   6  87.6  225  -130    95   1.2 0.007069 999999.99 99999.99 99999.99 99999.99 99999.99 99999.99  0
2005 242 22 2348 51 52  59  36   6.2   4.9  11.6 249.4  -1.7  -4.5   1.0  -4.2   1.9   1.2   4.0   3.0   1.9   1.7   50261.  16.9  359.  -2.5  -3.9 0.020    7641.   1.9    4.   1.1   0.4 0.005  3.93  -0.68   3.27  11.9  6.1 0.0084 17  61   -21   6  87.6  200   -80   120   0.3 0.007069 999999.99 99999.99 99999.99 99999.99 99999.99 99999.99  0
2005 242 23 2348 51 52  58  37   7.8   7.7  21.4 192.6  -7.0  -1.6   2.8  -1.0   3.1   0.4   1.4   0.4   1.3   0.5   40707.  15.1  352.  -2.8  -3.9 0.015    3813.   1.6    4.   0.4   0.4 0.002  3.31  -1.09   1.75   8.8  5.5 0.0155 17  61   -20   6  87.6  105   -21    84  -0.2 0.007069 999999.99 99999.99 99999.99 99999.99 99999.99 99999.99  0
