2012  64  0 2436 51 52  63  38   7.1   7.0 -40.6 267.1  -0.3  -5.3  -4.5  -2.1  -6.6   0.1   1.6   1.2   0.7   0.8   25164.   3.3  380.  -1.9  -1.3 0.027    6389.   0.4    7.   1.1   1.1 0.005  0.88   2.51   0.42   4.9  4.2 0.0503 37  86   -45  22 118.2  454  -184   270   3.0 0.007378 999999.99 99999.99 99999.99     0.16     0.09     0.07 -1
2012  64  1 2436 51 52  59  35   7.1   7.0 -50.3 251.9  -1.4  -4.2  -5.4  -0.9  -6.8   0.1   1.2   0.5   0.9   0.6   16129.   4.1  382.  -2.2  -2.2 0.034    2065.   0.3    4.   0.8   0.5 0.004  1.14   2.60   0.49   5.4  4.6 0.0401 37  86   -50  22 118.2  357  -194   163   2.5 0.007378 999999.99 99999.99 99999.99     0.15     0.08     0.06 -1
2012  64  2 2436 51 52  58  36   6.3   4.4 -18.4 295.8   1.8  -3.8  -1.4  -2.7  -3.1   0.4   4.5   2.2   1.1   3.8   29473.   4.9  370.  -2.1   0.7 0.029    7528.   0.6   12.   1.0   2.9 0.004  1.25   1.15   0.81   6.5  5.0 0.0282 37  86   -50  22 118.2  502  -341   161   3.3 0.007378 999999.99 99999.99 99999.99     0.15     0.08     0.06 -1
2012  64  3 2436 51 52  59  35   5.4   4.2  -7.9 300.1   2.1  -3.6  -0.6  -3.0  -2.1   0.5   3.4   1.0   1.9   2.6   53718.   6.0  378.  -1.4   0.3 0.037   11704.   0.5    6.   1.8   1.9 0.006  1.64   0.79   1.56   8.6  5.6 0.0162 30  86   -45  15 118.2  392  -207   185   2.7 0.007378 999999.99 99999.99 99999.99     0.13     0.08     0.05 -1
2012  64  4 2436 51 52  56  34   5.9   5.2  19.1 317.5   3.6  -3.3   1.7  -3.7   0.2   0.2   2.8   1.1   0.8   2.5   48869.   6.0  372.  -1.6   1.7 0.040    8411.   0.4    5.   0.4   1.4 0.003  1.61  -0.07   1.27   7.7  5.3 0.0199 30  86   -39  15 118.2  172   -59   113   0.9 0.007378 999999.99 99999.99 99999.99     0.15     0.08     0.05 -1
2012  64  5 2436 51 52  60  37   6.0   4.6  34.2   1.9   3.8   0.1   2.6  -0.9   2.5   0.4   3.7   0.8   2.4   2.7   65765.   5.6  374.   0.1   2.0 0.041    9060.   0.6    5.   1.1   1.7 0.006  1.52  -0.94   1.26   7.4  5.1 0.0219 30  86   -34  15 118.2   86   -18    68   0.3 0.007378 999999.99 99999.99 99999.99     0.15     0.08     0.06 -1
2012  64  6 2436 51 52  64  38   5.8   4.1 -54.6 289.1   0.8  -2.2  -3.3  -1.0  -3.8   0.5   4.1   2.0   1.3   3.3   60946.   5.8  390.  -0.4  -1.1 0.036   11506.   0.7   12.   1.1   2.3 0.008  1.69   1.48   1.36   8.1  5.5 0.0181 30  86   -30  15 118.2   61   -15    46  -0.2 0.007378 999999.99 99999.99 99999.99     0.17     0.09     0.06 -1
2012  64  7 2436 51 52  55  32   5.6   4.9 -27.6 283.7   1.0  -4.3  -2.3  -3.5  -3.4   0.3   2.5   1.5   1.0   1.7   59619.   5.9  389.  -1.6  -0.1 0.036    7514.   0.4    9.   0.9   1.3 0.003  1.71   1.32   1.47   8.4  5.6 0.0167 30  86   -29  15 118.2  259  -163    97   1.3 0.007378 999999.99 99999.99 99999.99     0.15     0.09     0.06 -1
2012  64  8 2436 51 52  58  35   4.7   4.0  17.0 312.5   2.6  -2.8   1.2  -3.0   0.4   0.6   2.4   0.7   0.8   2.2   63986.   6.9  385.  -0.4   1.9 0.032    7285.   0.5    4.   1.4   1.8 0.001  1.93  -0.15   2.50  10.8  6.1 0.0103 30  86   -27  15 118.2  272  -194    77   1.0 0.007378 999999.99 99999.99 99999.99     0.16     0.07     0.05 -1
2012  64  9 2436 51 52  61  37   4.7   4.6 -32.0 311.6   2.6  -2.9  -2.5  -2.2  -3.1   0.4   1.0   0.5   0.4   0.7   63704.   6.9  382.  -1.7  -1.1 0.032    5276.   0.4    2.   0.3   0.8 0.003  1.90   1.18   2.50  10.7  6.0 0.0104 23  86   -22   9 118.2  157   -67    90   1.2 0.007378 999999.99 99999.99 99999.99     0.16     0.08     0.05 -1
2012  64 10 2436 51 52  59  36   4.9   4.6 -38.1 315.1   2.6  -2.6  -2.8  -1.9  -3.3   0.2   1.8   1.1   0.6   1.3   64684.   6.8  382.  -1.3  -0.6 0.033    3464.   0.2    3.   0.4   0.7 0.003  1.88   1.26   2.27  10.2  5.9 0.0115 23  86   -20   9 118.2  407  -211   196   2.0 0.007378 999999.99 99999.99 99999.99     0.15     0.09     0.07 -1
2012  64 11 2436 51 52  61  36   4.6   1.7 -15.5 300.0   0.8  -1.4  -0.4  -1.3  -0.7   0.2   4.2   0.9   1.9   3.7   70075.   7.1  388.  -0.9   0.8 0.028    3890.   0.3    5.   0.8   1.6 0.003  1.98   0.27   2.77  11.2  6.1 0.0094 23  86   -16   9 118.2  547  -368   179   3.0 0.007378 999999.99 99999.99 99999.99     0.14     0.07     0.05 -1
2012  64 12 2436 51 52  55  32   4.2   3.7  27.8 294.7   1.4  -3.0   1.7  -3.3   0.9   0.4   2.0   1.4   0.9   1.1   75261.   6.9  383.  -1.5   3.2 0.031    6791.   0.5    5.   0.7   0.7 0.003  1.90  -0.34   3.31  12.0  6.1 0.0083 23  86   -19   9 118.2  167   -51   116   1.0 0.007378 999999.99 99999.99 99999.99     0.12     0.07     0.05 -1
2012  64 13 2436 51 52  59  34   4.0   3.5  -8.5 270.4   0.0  -3.5  -0.5  -3.3  -1.4   0.8   2.0   1.3   0.9   1.3   80851.   6.4  379.  -2.4   2.8 0.032    6837.   0.7    4.   0.9   1.0 0.003  1.73   0.53   3.48  12.0  6.0 0.0083 23  86   -19   9 118.2   70   -20    50   1.4 0.007378 999999.99 99999.99 99999.99     0.15     0.09     0.06 -1
2012  64 14 2436 51 52  60  36   5.0   4.3 -18.8 262.7  -0.5  -4.0  -1.4  -3.4  -2.5   0.2   2.4   1.1   1.1   1.8   73393.   5.8  387.  -1.9   0.9 0.029    6139.   0.3    4.   0.5   0.8 0.003  1.62   0.97   1.95   9.3  5.7 0.0137 23  86   -20   9 118.2  150   -91    60   2.0 0.007378 999999.99 99999.99 99999.99     0.14     0.08     0.05 -1
2012  64 15 2436 51 52  62  37   5.2   4.9  -6.3 275.1   0.4  -4.8  -0.5  -4.4  -2.0   0.3   1.8   1.1   0.6   1.3   68402.   5.5  386.  -2.9   1.7 0.026    6328.   0.3    5.   0.8   0.8 0.002  1.51   0.77   1.66   8.7  5.6 0.0157 17  86   -23   6 118.2  257  -220    37   2.0 0.007378 999999.99 99999.99 99999.99     0.15     0.08     0.05 -1
2012  64 16 2436 51 52  59  37   5.6   5.4 -44.4 229.5  -2.5  -2.9  -3.8  -1.3  -4.6   0.2   1.6   0.9   1.2   0.6   65956.   5.0  396.  -2.4  -0.3 0.025    3593.   0.3    4.   0.6   0.4 0.002  1.44   1.82   1.29   7.9  5.4 0.0190 17  86   -28   6 118.2  343  -244    98   2.3 0.007378 999999.99 99999.99 99999.99     0.15     0.08     0.06 -1
2012  64 17 2436 51 52  59  36   5.0   4.4 -53.1 247.6  -1.0  -2.5  -3.5  -0.9  -4.2   0.3   2.2   0.9   1.6   1.2   66590.   4.6  384.  -2.9  -0.3 0.025    4668.   0.2    3.   1.2   1.0 0.003  1.25   1.61   1.49   8.2  5.4 0.0175 17  86   -34   6 118.2  623  -431   192   2.3 0.007378 999999.99 99999.99 99999.99     0.15     0.08     0.06 -1
2012  64 18 2436 51 52  57  34   4.1   3.7 -26.5 275.0   0.3  -3.3  -1.6  -2.2  -2.9   0.6   1.8   0.6   1.5   0.9   85916.   4.9  383.  -2.5   0.6 0.027    6960.   0.2    3.   0.8   0.5 0.002  1.33   1.11   2.60  10.3  5.7 0.0111 30  86   -38  15 118.2  535  -410   125   1.8 0.007378 999999.99 99999.99 99999.99     0.16     0.08     0.06 -1
2012  64 19 2436 51 52  64  39   4.1   3.3 -46.5 302.5   1.2  -1.9  -2.4  -0.5  -3.0   0.3   2.3   0.9   2.0   0.9   83867.   5.0  384.  -2.6  -0.8 0.026    7688.   0.2    7.   1.5   0.8 0.004  1.36   1.15   2.63  10.5  5.8 0.0108 30  86   -37  15 118.2  408  -261   147   2.2 0.007378 999999.99 99999.99 99999.99     0.16     0.08     0.05 -1
2012  64 20 2436 51 52  60  37   4.3   4.1 -35.8 284.6   0.8  -3.2  -2.4  -1.6  -3.7   0.2   1.0   0.3   0.6   0.8   70323.   4.6  393.  -3.9  -1.1 0.021    5012.   0.2    3.   0.4   0.6 0.003  1.29   1.45   2.06   9.8  5.9 0.0124 30  86   -33  15 118.2  479  -305   174   3.5 0.007378 999999.99 99999.99 99999.99     0.19     0.09     0.05 -1
2012  64 21 2436 51 52  59  36   3.6   1.8   2.8  29.3   1.6   0.9   0.1   0.7   0.6   0.4   3.0   1.3   1.5   2.3   82154.   4.8  388.  -0.7   0.1 0.033    8361.   0.4    6.   1.6   2.0 0.005  1.37  -0.23   3.24  11.8  6.1 0.0085 17  86   -31   6 118.2   98   -47    50   0.7 0.007378 999999.99 99999.99 99999.99     0.18     0.09     0.06 -1
2012  64 22 2436 51 52  59  36   3.7   2.6 -23.9  42.0   1.8   1.6  -1.0   1.9   0.0   0.2   2.6   0.9   1.7   1.8   78710.   5.2  379.   0.1  -2.2 0.038    5797.   0.3    5.   1.4   1.8 0.004  1.44  -0.00   3.27  11.7  6.0 0.0087 17  86   -26   6 118.2   67   -18    49   0.2 0.007378 999999.99 99999.99 99999.99     0.20     0.09     0.06 -1
2012  64 23 2436 51 52  58  35   4.1   3.6 -32.7 317.2   2.2  -2.1  -2.0  -0.7  -2.8   0.3   1.8   0.6   0.9   1.5   72080.   4.9  381.  -3.1  -3.6 0.033    7973.   0.2    4.   0.7   1.2 0.004  1.34   1.07   2.43  10.3  5.8 0.0112 17  86   -27   6 118.2   54   -19    35   0.8 0.007378 999999.99 99999.99 99999.99     0.22     0.09     0.05 -1
2012  65  0 2436 51 52  59  35   4.4   4.3 -32.2 302.6   2.0  -3.1  -2.3  -1.4  -3.6   0.1   0.6   0.3   0.3   0.4   61276.   4.6  383.  -3.5  -3.3 0.026    2701.   0.1    4.   0.3   0.5 0.003  1.24   1.38   1.87   9.3  5.8 0.0137 27 108   -30  12 129.5  271  -219    52   1.7 0.007393 999999.99 99999.99 99999.99     0.31     0.11     0.06 -1
2012  65  1 2436 51 52  56  30   4.4   4.3 -27.0 302.3   2.1  -3.3  -2.0  -1.8  -3.4   0.0   0.4   0.2   0.2   0.3   59654.   4.6  380.  -3.3  -2.7 0.019    5307.   0.2    4.   0.3   0.4 0.002  1.19   1.29   1.86   9.3  5.7 0.0139 27 108   -32  12 129.5  241  -165    77   1.7 0.007393 999999.99 99999.99 99999.99     0.45     0.12     0.07 -1
2012  65  2 2436 51 52  59  36   4.4   4.4 -19.4 327.5   3.5  -2.2  -1.5  -1.2  -2.4   0.0   0.4   0.2   0.2   0.2   53009.   4.0  368.  -2.9  -2.8 0.024    4114.   0.2    2.   0.3   0.3 0.002  0.99   0.88   1.56   8.4  5.5 0.0170 27 108   -33  12 129.5  213   -90   123   1.3 0.007393 999999.99 99999.99 99999.99     0.69     0.12     0.06 -1
2012  65  3 2436 51 52  58  30   4.4   4.3   5.2 344.7   4.1  -1.1   0.4  -1.2  -0.1   0.1   0.9   0.2   0.6   0.7   47573.   3.5  361.  -1.3  -0.3 9.999    3676.   0.4    3.   0.8   0.9 9.999  0.91   0.04   1.32   7.7  5.2 0.0202 20 108   -33   7 129.5  199  -105    94   1.0 0.007393 999999.99 99999.99 99999.99     0.64     0.13     0.06 -1
2012  65  4 2436 51 52  58  35   4.5   4.5   6.8 351.9   4.4  -0.6   0.5  -0.8   0.2   0.0   0.3   0.0   0.2   0.2   47683.   3.3  357.  -0.3  -0.0 9.999    3002.   0.2    1.   0.5   0.4 9.999  0.84  -0.07   1.19   7.2  5.1 0.0229 20 108   -35   7 129.5  202  -126    77   0.9 0.007393 999999.99 99999.99 99999.99     0.96     0.14     0.06 -1
2012  65  5 2436 51 52  59  35   4.4   4.2   2.9   4.8   4.2   0.4   0.2   0.3   0.3   0.1   1.1   0.3   0.9   0.7   48559.   3.3  356.   1.4  -0.6 0.022    6085.   0.6    4.   1.4   1.1 0.002  0.76  -0.11   1.25   7.3  5.1 0.0220 20 108   -34   7 129.5  255  -189    66   1.3 0.007393 999999.99 99999.99 99999.99     1.01     0.15     0.07 -1
2012  65  6 2436 51 52  61  37   4.2   4.2  -1.8  12.4   4.1   0.9  -0.1   0.9   0.2   0.1   0.7   0.2   0.6   0.2   50082.   3.8  355.   2.5  -1.1 0.023    5144.   0.5    3.   1.1   0.4 0.003  0.87  -0.07   1.60   8.2  5.3 0.0175 20 108   -33   7 129.5  376  -265   111   1.8 0.007393 999999.99 99999.99 99999.99     1.21     0.14     0.05 -1
2012  65  7 2436 51 52  56  29   4.2   4.1  -9.4   8.8   4.0   0.6  -0.7   0.8  -0.5   0.1   1.0   0.3   0.8   0.5   48538.   4.1  354.   2.2  -1.5 0.023    5340.   0.3    3.   1.1   0.6 0.005  0.94   0.18   1.71   8.5  5.4 0.0163 20 108   -31   7 129.5  167   -87    81   1.3 0.007393 999999.99 99999.99 99999.99     1.45     0.16     0.06 -1
2012  65  8 2436 51 52  59  36   4.2   4.2  -3.2 352.7   4.2  -0.5  -0.2  -0.4  -0.3   0.1   0.4   0.1   0.3   0.3   48912.   3.6  349.   0.5  -0.8 0.028    4950.   0.3    2.   0.5   0.6 0.001  0.81   0.10   1.51   7.9  5.2 0.0191 20 108   -26   7 129.5  110   -31    79   0.8 0.007393 999999.99 99999.99 99999.99     1.50     0.14     0.06 -1
2012  65  9 2436 51 52  58  34   4.3   4.2  -8.7 352.5   4.1  -0.5  -0.6  -0.3  -0.7   0.1   0.7   0.2   0.3   0.6   57556.   4.5  346.   0.5  -1.4 0.029    6732.   0.5    4.   0.3   0.9 0.002  1.00   0.24   1.88   8.5  5.3 0.0163 23 108   -19   9 129.5  120   -46    74   1.4 0.007393 999999.99 99999.99 99999.99     1.49     0.17     0.07 -1
2012  65 10 2436 51 52  62  38   4.6   4.5  -7.3 341.0   4.2  -1.5  -0.6  -1.3  -0.9   0.2   1.0   0.3   0.6   0.7   53523.   4.8  342.  -0.4  -1.9 0.028    6419.   0.4    4.   0.7   0.9 0.004  1.04   0.31   1.72   8.1  5.2 0.0179 23 108   -20   9 129.5  413  -263   150   1.9 0.007393 999999.99 99999.99 99999.99     1.48     0.17     0.07 -1
2012  65 11 2436 51 52  60  37   4.9   4.9 -17.3 332.7   4.2  -2.2  -1.5  -1.8  -2.0   0.1   0.4   0.1   0.2   0.3   43854.   4.7  352.  -1.0  -3.1 0.021    3400.   0.5    2.   0.2   0.3 0.002  1.05   0.70   1.40   7.8  5.2 0.0196 23 108   -21   9 129.5  458  -270   188   2.6 0.007393 999999.99 99999.99 99999.99     1.37     0.18     0.07 -1
2012  65 12 2436 51 52  58  35   5.1   5.0  -9.4 323.2   4.0  -3.0  -0.8  -2.7  -1.5   0.1   0.7   0.2   0.3   0.6   42828.   5.0  351.  -1.8  -1.9 0.021    3832.   0.3    2.   0.2   0.9 0.001  1.12   0.53   1.37   7.7  5.2 0.0201 13 108   -21   5 129.5  117   -38    79   1.1 0.007393 999999.99 99999.99 99999.99     1.74     0.21     0.08 -1
2012  65 13 2436 51 52  61  37   5.1   5.0 -12.8 306.1   2.8  -3.9  -1.1  -3.5  -2.1   0.1   0.9   0.6   0.4   0.6   47526.   5.6  353.  -2.0  -1.1 0.015    3603.   0.3    3.   0.3   0.3 0.002  1.24   0.74   1.58   8.2  5.3 0.0177 13 108   -20   5 129.5  115   -38    78   1.6 0.007393 999999.99 99999.99 99999.99     1.97     0.24     0.09 -1
2012  65 14 2436 51 52  58  35   5.3   5.0 -21.2 297.9   2.2  -4.1  -1.8  -3.4  -2.9   0.2   1.7   1.2   0.5   1.1   49993.   5.2  358.  -1.7  -1.0 0.017    9686.   0.4    6.   0.5   0.8 0.003  1.19   1.04   1.37   7.7  5.2 0.0201 13 108   -24   5 129.5  151  -101    51   2.0 0.007393 999999.99 99999.99 99999.99     2.43     0.25     0.09 -1
2012  65 15 2436 51 52  60  37   5.4   5.4   6.7 330.5   4.6  -2.6   0.6  -2.7  -0.3   0.2   0.7   0.3   0.4   0.5   37008.   4.8  350.  -1.1  -0.2 0.020    5890.   0.7    3.   0.7   1.0 0.003  1.06   0.10   1.13   7.1  5.0 0.0236 17 108   -28   6 129.5  240  -156    84   2.1 0.007393 999999.99 99999.99 99999.99     2.89     0.27     0.08 -1
2012  65 16 2436 51 52  60  36   6.2   6.0  22.5 343.3   5.4  -1.6   2.3  -2.3   1.6   0.1   1.4   0.2   0.9   1.0   28038.   4.1  363.   0.9   0.3 0.024    6412.   0.6    3.   1.1   1.5 0.004  0.99  -0.58   0.69   5.9  4.7 0.0339 17 108   -28   6 129.5  193  -128    65   0.8 0.007393 999999.99 99999.99 99999.99     2.66     0.28     0.08 -1
2012  65 17 2436 51 52  60  36   6.5   6.4   9.9 345.9   6.1  -1.5   1.1  -1.8   0.4   0.1   1.0   0.3   0.8   0.5   23415.   4.3  356.   1.1  -0.4 0.027    3315.   0.2    2.   1.2   0.6 0.002  1.01  -0.14   0.64   5.7  4.6 0.0369 17 108   -26   6 129.5  161  -105    56   0.5 0.007393 999999.99 99999.99 99999.99     2.56     0.27     0.08 -1
2012  65 18 2436 51 52  58  36   6.6   6.3  17.0 333.7   5.4  -2.7   1.9  -3.3   0.5   0.1   1.9   0.6   1.1   1.4   23487.   4.0  359.   0.7   0.9 0.031    6747.   0.5    6.   1.4   1.9 0.003  0.97  -0.18   0.58   5.4  4.4 0.0402 27 108   -23  12 129.5   51   -29    22   0.4 0.007393 999999.99 99999.99 99999.99     2.48     0.28     0.09 -1
2012  65 19 2436 51 52  66  37   6.3   5.6 -12.0 302.5   2.9  -4.6  -1.2  -3.5  -3.3   0.3   2.7   2.0   0.9   1.6   52726.   5.5  376.  -0.2  -2.5 0.040   17934.   0.8   12.   1.3   1.3 0.010  1.51   1.24   1.04   7.0  5.1 0.0243 27 108   -21  12 129.5  125   -82    43   1.2 0.007393 999999.99 99999.99 99999.99     2.31     0.29     0.10 -1
2012  65 20 2436 51 52  58  35   6.3   5.9 -45.2 296.4   1.9  -3.8  -4.2  -1.2  -5.5   0.2   1.8   1.1   0.9   1.1   56655.   6.4  382.   1.0  -4.4 0.058    9107.   0.3    6.   0.9   0.9 0.012  1.92   2.10   1.24   7.7  5.3 0.0202 27 108   -24  12 129.5  514  -357   157   2.7 0.007393 999999.99 99999.99 99999.99     2.68     0.31     0.10 -1
2012  65 21 2436 51 52  61  37   6.7   6.4 -48.2 301.9   2.2  -3.6  -4.7  -0.6  -5.9   0.3   1.9   1.2   1.0   1.0   44259.   6.5  380.   2.0  -5.4 0.078    9115.   0.6    8.   0.9   0.9 0.008  2.06   2.24   1.04   7.2  5.2 0.0228 33 108   -33  18 129.5  637  -386   251   4.0 0.007393 999999.99 99999.99 99999.99     2.90     0.23     0.07 -1
2012  65 22 2436 51 52  64  38   7.1   6.3 -17.3 280.3   1.1  -5.9  -1.9  -4.0  -4.8   0.2   3.2   1.9   0.8   2.4   47961.   6.3  385.   0.3  -3.8 0.074    8887.   0.5    8.   0.6   1.6 0.007  2.02   1.85   0.92   6.8  5.1 0.0257 33 108   -42  18 129.5  704  -444   260   4.0 0.007393 999999.99 99999.99 99999.99     2.85     0.26     0.08 -1
2012  65 23 2436 51 52  55  34   7.2   6.7  -2.5 268.0  -0.2  -6.7  -0.3  -5.5  -3.9   0.1   2.6   1.7   0.6   1.9   45562.   6.1  391.  -0.5  -2.7 0.068    5686.   0.8    7.   0.8   1.3 0.006  1.98   1.52   0.85   6.7  5.1 0.0264 33 108   -44  18 129.5  463  -206   257   2.5 0.007393 999999.99 99999.99 99999.99     2.81     0.23     0.08 -1
2012  66  0 2436 51 52  59  35   7.0   6.6   5.9 296.4   2.9  -5.8   0.7  -5.3  -2.5   0.1   2.3   0.7   0.6   2.1   49258.   5.7  376.  -0.6  -1.7 0.078    3971.   0.4    4.   0.6   2.1 0.007  1.77   0.94   0.86   6.4  4.9 0.0289 30 115   -42  15 136.0  340   -89   251   1.5 0.007369 999999.99 99999.99 99999.99     2.80     0.24     0.07 -1
2012  66  1 2436 51 52  64  38   7.6   6.3  18.7 294.3   2.5  -5.5   2.0  -5.8  -1.1   0.2   4.1   2.9   1.9   2.2   39434.   5.6  380.  -0.5  -1.1 0.070    9556.   0.5   18.   1.7   2.3 0.010  1.73   0.42   0.68   5.9  4.7 0.0340 30 115   -39  15 136.0  278   -80   198   1.2 0.007369 999999.99 99999.99 99999.99     2.62     0.22     0.07 -1
2012  66  2 2436 51 52  57  34   8.0   7.8  23.4 283.5   1.7  -6.9   3.1  -7.5  -0.6   0.2   1.8   1.2   0.4   1.2   36596.   5.5  381.  -1.6  -1.0 0.064    5833.   0.4    7.   0.4   0.9 0.007  1.67   0.23   0.59   5.6  4.5 0.0381 30 115   -35  15 136.0  237  -132   104   1.2 0.007369 999999.99 99999.99 99999.99     2.31     0.21     0.07 -1
2012  66  3 2436 51 52  57  33   8.7   8.4  12.6 295.0   3.5  -7.4   1.8  -7.4  -1.7   0.3   2.1   1.0   0.4   1.8   28795.   5.7  375.  -2.2  -1.8 0.053    7867.   0.4    5.   0.5   1.5 0.007  1.62   0.64   0.49   5.1  4.3 0.0449 20 115   -33   7 136.0  177   -37   139   1.0 0.007369 999999.99 99999.99 99999.99     2.23     0.23     0.08 -1
2012  66  4 2436 51 52  59  35   9.5   9.4  15.5 312.7   6.1  -6.7   2.5  -7.1  -0.5   0.2   1.2   0.7   0.4   0.9   21890.   5.6  361.  -1.6  -1.3 0.049    1823.   0.2    6.   0.5   1.1 0.003  1.46   0.18   0.39   4.5  3.9 0.0588 20 115   -32   7 136.0  121    -5   116   0.5 0.007369 999999.99 99999.99 99999.99     2.32     0.21     0.07 -1
2012  66  5 2436 51 52  60  36   9.5   9.1 -10.9 302.1   4.8  -7.6  -1.7  -6.4  -4.4   0.2   2.7   1.4   0.9   2.2   26904.   6.5  368.  -1.9  -4.3 0.049    3551.   0.5    8.   0.6   1.6 0.004  1.76   1.62   0.47   4.9  4.2 0.0488 20 115   -29   7 136.0  103    -3   101   0.4 0.007369 999999.99 99999.99 99999.99     2.16     0.19     0.06 -1
2012  66  6 2436 51 52  54  30   9.7   9.4  -1.1 295.6   4.1  -8.5  -0.2  -8.0  -3.0   0.1   2.0   0.9   0.6   1.7   22799.   6.2  369.  -2.3  -3.3 0.048    3419.   0.3    4.   0.4   1.4 0.004  1.68   1.11   0.41   4.7  4.1 0.0530 27 115   -28  12 136.0  267  -161   106   0.9 0.007369 999999.99 99999.99 99999.99     2.16     0.21     0.07 -1
2012  66  7 2436 51 52  63  38   9.8   7.8  -3.4 292.4   3.0  -7.2  -0.5  -6.7  -2.6   0.4   5.9   1.9   1.0   5.5   22994.   7.0  372.  -1.0  -4.2 0.035    7658.   0.9    9.   1.3   2.6 0.018  1.84   0.97   0.46   5.0  4.2 0.0472 27 115   -27  12 136.0  353  -168   185   2.4 0.007369 999999.99 99999.99 99999.99     2.06     0.18     0.06 -1
2012  66  8 2436 51 52  60  35  10.4  10.3  50.5 278.7   1.0  -6.5   8.0  -8.4   6.0   0.1   1.2   0.9   0.5   0.6   11836.   5.8  381.   0.1  -0.2 0.007    1662.   0.5    2.   0.3   0.5 0.001  1.45  -2.29   0.31   4.4  3.9 0.0611 27 115   -29  12 136.0  211   -71   140   0.9 0.007369 999999.99 99999.99 99999.99     2.39     0.22     0.07 -1
2012  66  9 2436 51 52  61  35  10.3  10.3  40.0 288.1   2.4  -7.5   6.6  -8.9   4.6   0.1   1.1   0.8   0.4   0.7   12094.   6.1  380.   0.0   0.1 0.007    2145.   0.6    4.   0.4   0.5 0.001  1.51  -1.75   0.34   4.6  4.0 0.0573  7 115   -19   3 136.0   51    -3    49   0.3 0.007369 999999.99 99999.99 99999.99     2.29     0.23     0.08 -1
2012  66 10 2436 51 52  57  33  10.4  10.3  38.8 280.2   1.4  -7.9   6.5  -9.2   4.5   0.1   1.7   1.4   0.3   0.8   11349.   7.0  385.  -0.2   0.0 0.010    2187.   0.8    5.   0.6   0.6 0.003  1.80  -1.73   0.38   4.9  4.3 0.0496  7 115   -11   3 136.0   34    -2    32   0.3 0.007369 999999.99 99999.99 99999.99     2.16     0.22     0.07 -1
2012  66 11 2436 51 52  58  34  10.5  10.4  40.1 277.3   1.0  -7.9   6.7  -9.2   4.7   0.2   1.3   0.4   0.9   0.9   20130.   5.5  376.   0.4  -0.8 0.014    5784.   1.0    4.   1.0   0.8 0.005  1.37  -1.77   0.31   4.2  3.7 0.0675  7 115   -12   3 136.0   45   -17    28   0.6 0.007369 999999.99 99999.99 99999.99     2.11     0.18     0.06 -1
2012  66 12 2436 51 52  60  35  10.9  10.6  14.4 268.7  -0.2 -10.3   2.6 -10.6   0.1   0.2   2.3   0.8   0.9   2.0   18482.   4.2  377.  -0.5  -1.3 0.011    6720.   0.4    4.   0.7   1.0 0.003  1.04  -0.04   0.22   3.5  3.3 0.0947 27 115   -16  12 136.0  122   -58    64   2.0 0.007369 999999.99 99999.99 99999.99     2.30     0.23     0.07 -1
2012  66 13 2436 51 52  59  36  10.7  10.6 -10.8 266.5  -0.6 -10.4  -2.0  -9.5  -4.6   0.2   1.4   0.3   0.5   1.3   20187.   5.0  377.  -0.0  -3.5 0.016    3359.   1.1    2.   0.3   0.5 0.003  1.26   1.73   0.27   3.9  3.5 0.0766 27 115   -19  12 136.0  330  -175   155   4.3 0.007369 999999.99 99999.99 99999.99     1.91     0.18     0.06 -1
2012  66 14 2436 51 52  59  36  10.2   7.2  -5.3 263.9  -0.8  -7.2  -0.7  -6.7  -2.8   0.4   7.1   0.7   2.8   6.5   18920.   7.2  376.   0.4  -2.0 0.022    9042.   0.5    2.   0.9   2.3 0.014  1.85   1.05   0.42   4.9  4.2 0.0486 27 115   -23  12 136.0  400  -237   163   3.8 0.007369 999999.99 99999.99 99999.99     1.70     0.18     0.07 -1
2012  66 15 2436 51 52  59  35   9.4   9.3  82.6 246.4  -0.5  -1.1   9.2  -4.0   8.3   0.1   1.3   1.1   0.7   0.1   32418.   7.6  378.   2.8   2.0 0.045    7915.   0.4    8.   0.5   0.4 0.004  2.14  -3.14   0.58   5.5  4.5 0.0387 20 115   -21   7 136.0  106   -23    84   0.0 0.007369 999999.99 99999.99 99999.99     1.62     0.18     0.06 -1
2012  66 16 2436 51 52  58  35   6.7   5.3  88.6 246.1  -0.1  -0.1   5.3  -2.0   4.9   2.4   4.7   1.0   2.5   3.9   74288.   8.6  374.   2.8  -2.0 0.038   39925.   1.3    4.   0.8   3.1 0.009  2.31  -1.83   1.62   8.2  5.3 0.0178 20 115   -11   7 136.0   55   -20    35   0.4 0.007369 999999.99 99999.99 99999.99     1.43     0.16     0.06 -1
2012  66 17 2436 51 52  57  33   3.4   2.8   6.0 295.8   1.2  -2.5   0.3  -2.4  -0.7   0.6   2.0   0.7   1.0   1.5  177895.   7.9  371.   3.4  -5.6 0.032   10932.   0.4    2.   1.1   0.4 0.003  2.05   0.26   8.71  15.3  5.3 0.0051 20 115   -11   7 136.0   70   -46    24   1.1 0.007369 999999.99 99999.99 99999.99     1.61     0.20     0.07 -1
2012  66 18 2436 51 52  60  37   3.9   3.3  -1.4 303.7   1.8  -2.8  -0.1  -2.5  -1.3   0.5   2.0   0.8   0.7   1.7  188965.   6.9  370.   2.7  -5.9 0.035   20523.   0.8    3.   0.6   0.5 0.002  1.80   0.48   5.99  12.5  5.0 0.0077 20 115   -19   7 136.0  142  -106    36   1.2 0.007369 999999.99 99999.99 99999.99     1.89     0.19     0.06 -1
2012  66 19 2436 51 52  62  37   3.6   2.9 -50.7   6.0   1.8   0.2  -2.3   1.3  -1.9   1.6   2.6   1.4   1.1   2.0  209209.   5.7  372.   1.6  -5.6 0.037   27420.   0.8    4.   0.9   1.3 0.004  1.51   0.71   6.18  12.3  4.9 0.0078 20 115   -22   7 136.0  189  -157    32   0.5 0.007369 999999.99 99999.99 99999.99     1.70     0.18     0.06 -1
2012  66 20 2436 51 52  60  37   5.3   5.1 -66.1 266.2  -0.1  -2.1  -4.7   0.6  -5.1   0.5   1.4   0.8   0.8   0.9  171106.   4.8  374.   0.9  -4.0 0.038   15116.   0.4    2.   0.3   0.7 0.005  1.29   1.91   2.13   7.7  4.6 0.0199 20 115   -20   7 136.0  110   -70    41   0.9 0.007369 999999.99 99999.99 99999.99     1.93     0.21     0.08 -1
2012  66 21 2436 51 52  59  35   3.8   3.2 -30.5 310.3   1.8  -2.1  -1.6  -0.9  -2.5   0.5   2.1   0.9   1.0   1.6  215388.   4.9  374.   1.1  -3.5 0.045   12099.   0.3    3.   0.3   0.5 0.006  1.35   0.94   4.85  10.9  4.8 0.0100 27 115   -20  12 136.0  354  -271    83   2.3 0.007369 999999.99 99999.99 99999.99     1.98     0.18     0.06 -1
2012  66 22 2436 51 52  59  36   3.5   2.0 -16.0 296.1   0.8  -1.7  -0.5  -1.2  -1.3   0.8   2.9   1.1   1.0   2.4  172681.   5.7  375.   0.8  -3.4 0.035   46416.   1.0    3.   0.6   1.5 0.007  1.53   0.49   5.83  12.8  5.2 0.0073 27 115   -18  12 136.0  210  -139    72   1.1 0.007369 999999.99 99999.99 99999.99     1.80     0.18     0.06 -1
2012  66 23 2436 51 52  59  37   5.4   5.2  49.8 316.0   2.4  -2.3   3.9  -4.0   2.0   0.8   1.5   0.8   0.8   1.0   89642.   8.5  365.  -1.3  -0.4 0.026   12267.   0.5    4.   0.6   0.7 0.003  2.09  -0.73   2.64   9.9  5.4 0.0123 27 115   -14  12 136.0   82   -26    56   0.0 0.007369 999999.99 99999.99 99999.99     1.57     0.16     0.06 -1
2012  67  0 2437 51 52  64  39   5.7   4.3  -8.9 252.2  -1.3  -4.1  -0.7  -3.1  -2.8   0.6   3.6   2.5   1.2   2.3   90602.   9.6  382.  -1.9  -2.7 0.023   10216.   0.5    7.   0.8   1.1 0.005  2.55   1.07   2.69  10.4  5.7 0.0110 37 106   -10  22 133.7  154   -70    84   1.1 0.007364 999999.99 99999.99 99999.99     1.63     0.16     0.06 -1
2012  67  1 2437 51 52  58  33   5.6   5.3 -23.4 247.6  -1.9  -4.5  -2.1  -2.8  -4.1   0.5   1.6   1.2   0.3   0.9   87215.   9.6  377.  -2.2  -3.0 0.022    9557.   0.4    6.   0.3   0.5 0.005  2.48   1.55   2.75  10.4  5.7 0.0109 37 106   -17  22 133.7  447  -241   206   3.2 0.007364 999999.99 99999.99 99999.99     2.11     0.18     0.07 -1
2012  67  2 2437 51 52  57  32   6.3   5.1   2.3 295.9   2.2  -4.6   0.2  -4.1  -2.1   1.5   4.0   2.8   1.4   2.5   73113.   7.3  363.  -3.7  -0.9 0.029   22250.   2.0   10.   1.7   2.0 0.008  1.79   0.76   1.54   7.8  5.1 0.0196 37 106   -21  22 133.7  374  -148   226   2.1 0.007364 999999.99 99999.99 99999.99     1.95     0.26     0.13 -1
2012  67  3 2437 51 52  61  38   7.9   7.5 -26.6 286.9   2.0  -6.4  -3.4  -4.2  -5.9   0.4   2.4   1.3   0.9   1.8   64183.   6.3  369.  -2.5   0.5 0.026   18864.   0.8   11.   1.2   2.3 0.006  1.58   2.18   0.81   5.9  4.5 0.0346 47 106   -20  39 133.7  208   -61   147   0.6 0.007364 999999.99 99999.99 99999.99     3.62     0.99     0.59 -1
2012  67  4 2437 51 52  68  41  12.0  11.8 -29.1 284.6   2.6 -10.0  -5.7  -6.8  -9.3   4.1   4.7   1.4   2.6   3.7   63709.   9.5  392.  -4.9   1.9 0.024   15835.   3.2   32.   1.6   0.8 0.004  2.67   3.65   0.53   5.0  4.2 0.0469 47 106   -19  39 133.7  397  -293   104   2.0 0.007364 999999.99 99999.99 99999.99     7.03     4.25     2.66 -1
2012  67  5 2437 51 52  58  35  17.1  16.6 -46.2 284.2   2.8 -11.2 -12.0  -6.0 -15.3   0.8   3.6   1.2   2.4   2.4   74643.  13.6  427.  -6.7   2.4 0.030   14176.   2.3    5.   1.2   1.5 0.005  4.64   6.53   0.39   4.6  4.0 0.0561 47 106   -47  39 133.7  765  -635   130   5.1 0.007364 999999.99 99999.99 99999.99    12.83    11.17     6.33 -1
2012  67  6 2437 51 52  61  36  16.8  15.7 -39.1 293.7   4.9 -11.2  -9.9  -7.3 -13.0   0.5   5.5   1.6   2.9   4.4   90398.  18.9  421.  -6.3   2.8 0.048   29971.   2.3    7.   1.8   1.5 0.004  6.67   5.47   0.61   5.4  4.4 0.0401 60 106   -83  80 133.7  673  -582    92   5.2 0.007364 999999.99 99999.99 99999.99    23.06    18.41     9.23 -1
2012  67  7 2437 51 52  59  34  16.8  12.8 -19.5 294.5   5.0 -11.0  -4.3  -9.3  -7.3   0.7  10.7   3.6   4.1   9.2   97798.  22.4  420.  -5.2   3.7 0.050   15365.   1.5    6.   1.4   2.3 0.006  7.92   3.07   0.75   5.9  4.6 0.0340 60 106   -86  80 133.7  630  -462   168   3.5 0.007364 999999.99 99999.99 99999.99    32.52    22.88    10.62 -1
2012  67  8 2437 51 52  58  34  17.0  15.0 -46.5 298.1   4.9  -9.1 -10.9  -5.9 -12.9   1.0   8.0   3.4   3.6   6.4  110303.  19.4  412.  -5.0   3.5 0.045   18492.   3.3    5.   1.1   2.1 0.007  6.49   5.31   0.67   5.3  4.3 0.0418 60 106   -84  80 133.7  773  -657   116   6.0 0.007364 999999.99 99999.99 99999.99    54.22    37.82    16.43 -1
2012  67  9 2437 51 52  58  33  17.1  13.9 -56.8 278.3   1.1  -7.5 -11.6  -4.5 -13.1   0.9   9.9   6.1   6.9   3.7   86706.  24.2  413.  -4.9   4.4 0.033   18918.   5.8    6.   1.1   0.8 0.005  7.80   5.41   0.74   5.9  4.6 0.0337 57 106   -88  67 133.7  560  -480    81   4.9 0.007364 999999.99 99999.99 99999.99    72.18    50.08    21.62 -1
2012  67 10 2437 51 52  62  35  17.0  15.4 -27.7 130.0  -8.8  10.5  -7.2  11.9  -4.6   1.0   6.9   2.8   3.8   5.0  149447.  13.6  441.   0.1   1.8 0.067   28586.   1.5    9.   1.4   1.7 0.011  5.60   2.03   0.54   4.8  3.9 0.0520 57 106   -82  67 133.7  612  -409   203   7.8 0.007364 999999.99 99999.99 99999.99   172.07   106.39    47.09 -1
2012  67 11 2437 51 52  62  39  15.6  14.6 -10.7 119.9  -7.2  12.5  -2.7  12.8   0.2   1.1   5.4   1.8   1.9   4.7  217393.  11.6  465.   1.7  -2.8 0.056   24797.   1.5    8.   0.6   1.2 0.017  5.13  -0.09   0.69   5.1  4.0 0.0462 57 106   -79  67 133.7  519  -287   232   6.8 0.007364 999999.99 99999.99 99999.99   295.57   173.76    74.48 -1
2012  67 12 2437 51 52  62  36  14.1  12.8  -2.2 128.1  -7.9  10.1  -0.5   9.9   2.0   1.4   5.4   2.3   2.3   4.2  295248.  10.8  492.   2.8  -3.5 0.089   56616.   1.8   15.   1.6   2.3 0.017  5.92  -0.98   0.96   5.7  4.2 0.0362 53 106   -66  56 133.7  352  -191   161   4.6 0.007364 999999.99 99999.99 99999.99   597.48   299.92   114.83 -1
2012  67 13 2437 51 52  64  34  16.4  14.3 -32.7 118.9  -5.8  10.5  -7.7  12.2  -4.7   1.1   7.1   3.7   3.0   5.2  336215.  14.2  526.  -0.9  -2.0 0.077   38050.   1.0   17.   1.0   2.3 0.018  8.58   2.47   1.02   6.0  4.4 0.0326 53 106   -62  56 133.7  430  -226   205   4.4 0.007364 999999.99 99999.99 99999.99   804.60   368.25   129.45 -1
2012  67 14 2437 51 52  60  36  16.7  14.5 -48.4 140.7  -7.5   6.1 -10.9   9.0  -8.6   1.2   7.8   3.7   5.0   4.7  261015.  12.4  519.   0.3  -1.2 0.086   37526.   1.3   11.   1.9   1.6 0.017  7.50   4.46   0.72   5.5  4.3 0.0397 53 106   -72  56 133.7  988  -658   330   5.8 0.007364 999999.99 99999.99 99999.99  1035.55   429.82   138.49 -1
2012  67 15 2437 51 52  62  38  13.6  12.4 -28.8 122.8  -5.9   9.1  -6.0  10.6  -2.7   2.1   5.7   1.8   4.1   3.5  324543.  12.6  546.  -0.4  -1.2 0.067   53150.   1.0   13.   1.9   1.0 0.011  7.95   1.47   1.28   7.1  4.9 0.0234 53 106   -85  56 133.7 1318  -931   387   7.2 0.007364 999999.99 99999.99 99999.99  1389.36   559.40   169.32 -1
2012  67 16 2437 51 52  61  38  10.5   9.7 -17.8 122.7  -5.0   7.7  -3.0   8.3   0.0   1.1   3.9   1.7   2.5   2.5  357011.  13.2  568.   1.2   0.1 0.055   23694.   0.6    5.   0.7   0.9 0.006  8.68  -0.00   2.42   9.8  5.6 0.0123 53 106   -84  56 133.7  789  -450   339   4.5 0.007364 999999.99 99999.99 99999.99  1531.50   531.75   151.21 -1
2012  67 17 2437 51 52  59  35   9.5   8.8  -3.0  98.5  -1.3   8.7  -0.5   8.1   3.1   1.0   3.4   3.1   1.1   1.1  287812.  11.2  567.  -0.3   1.8 0.053   35095.   1.2    4.   0.5   0.7 0.007  7.29  -1.76   2.15  10.0  5.9 0.0119 53 106   -71  56 133.7  368  -166   201   2.0 0.007364 999999.99 99999.99 99999.99  1439.00   481.61   135.73 -1
2012  67 18 2437 51 52  62  37   8.2   7.0 -17.7  21.9   6.1   2.5  -2.1   3.2  -0.8   0.9   4.2   1.3   3.9   1.1  267457.   9.4  587.   0.2   1.8 0.053   27301.   0.5   10.   1.1   0.6 0.005  6.56   0.47   2.30  11.0  6.3 0.0099 47 106   -61  39 133.7  280  -125   155   1.3 0.007364 999999.99 99999.99 99999.99  1434.93   449.68   121.98 -1
2012  67 19 2437 51 52  58  36   6.0   3.5 -24.4  19.4   3.0   1.1  -1.4   1.6  -0.7   1.3   5.0   3.2   3.7   1.1  261866.   9.7  573.   0.1   1.3 0.054   13788.   0.5   12.   1.1   0.4 0.004  6.47   0.40   4.37  14.9  6.8 0.0054 47 106   -66  39 133.7  503  -260   243   3.2 0.007364 999999.99 99999.99 99999.99  1527.68   450.50   119.77 -1
2012  67 20 2437 51 52  59  37   6.0   3.1 -46.9  38.8   1.7   1.3  -2.3   2.3  -1.3   1.2   5.0   2.1   4.0   2.2  249222.   9.5  563.  -1.0   1.7 0.055   20855.   0.8    6.   1.0   0.7 0.007  6.14   0.73   4.15  14.5  6.8 0.0057 47 106   -68  39 133.7  624  -401   223   3.3 0.007364 999999.99 99999.99 99999.99  1523.32   432.10   112.81 -1
2012  67 21 2437 51 52  61  35   9.3   5.8  -9.0 181.7  -5.7  -0.2  -0.9   0.3  -0.9   1.3   7.2   4.5   4.7   3.0  218108.   6.7  544.  -1.0   2.1 0.060   23867.   0.9   15.   1.0   1.2 0.012  4.11   0.49   1.12   7.6  5.4 0.0208 40 106   -63  27 133.7  573  -395   179   3.2 0.007364 999999.99 99999.99 99999.99  1387.85   403.34   106.66 -1
2012  67 22 2437 51 52  59  36  10.0   8.2 -40.4  74.6   1.7   6.0  -5.3   7.9  -1.2   0.8   5.5   2.7   4.3   2.0  205926.   8.0  569.  -2.6   3.0 0.052   22708.   0.6    7.   1.4   1.0 0.005  5.23   0.68   1.11   8.0  5.7 0.0184 40 106   -57  27 133.7  420  -247   173   3.0 0.007364 999999.99 99999.99 99999.99  1504.03   425.63   108.42 -1
2012  67 23 2437 51 52  56  33  10.5   9.4  15.0 130.5  -5.9   6.9   2.4   4.5   5.7   0.3   4.5   1.9   2.0   3.5  198785.   7.1  528.  -3.0  -2.6 0.048   11584.   0.8   15.   1.4   3.0 0.007  3.94  -3.01   0.88   6.7  5.1 0.0265 40 106   -55  27 133.7  361  -225   136   2.0 0.007364 999999.99 99999.99 99999.99  1542.71   408.14   103.65 -1
2012  68  0 2437 51 52  61  36   9.8   9.3  36.1 153.1  -6.7   3.4   5.5   0.0   6.5   0.6   2.9   0.6   2.6   1.1  178647.   5.8  516.  -1.5  -6.4 0.050   12143.   0.3    6.   1.7   0.8 0.005  3.09  -3.35   0.77   6.3  4.9 0.0296 20  97   -48   7 137.5  241  -144    97  -1.5 0.007324 999999.99 99999.99 99999.99  1426.34   383.02    99.60 -1
2012  68  1 2437 51 52  58  33   8.4   7.8  36.7 165.2  -6.1   1.6   4.7  -1.0   4.9   0.4   2.9   1.0   2.4   1.4  135664.   7.7  534.  -0.5  -5.6 0.035    7486.   0.5    7.   1.3   0.8 0.002  4.18  -2.62   1.20   8.8  6.2 0.0153 20  97   -42   7 137.5  111   -58    53  -1.8 0.007324 999999.99 99999.99 99999.99  1493.18   396.93   101.62 -1
2012  68  2 2437 51 52  61  34   7.5   6.7  33.6 172.8  -5.6   0.7   3.7  -1.2   3.6   0.2   3.1   1.1   2.7   1.1  128074.   7.2  531.   0.1  -5.8 0.035    8954.   0.4    7.   1.7   0.7 0.003  3.86  -1.91   1.37   9.5  6.4 0.0132 20  97   -37   7 137.5   85   -34    51  -1.5 0.007324 999999.99 99999.99 99999.99  1512.42   413.80   104.30 -1
2012  68  3 2437 51 52  60  36   7.5   6.8  38.7 143.3  -4.3   3.2   4.3   0.9   5.3   0.1   2.7   0.9   2.1   1.5  112363.   6.9  539.  -1.1  -5.5 0.035   10353.   0.4    6.   1.3   0.9 0.002  3.82  -2.86   1.23   9.4  6.6 0.0134 10  97   -36   4 137.5   71   -25    46  -1.6 0.007324 999999.99 99999.99 99999.99  1466.68   416.67   103.97 -1
2012  68  4 2437 51 52  61  36   7.6   6.9  51.2 156.0  -4.0   1.8   5.4  -0.6   5.7   0.1   2.9   1.0   2.2   1.6  102356.   6.7  538.  -0.3  -6.3 0.034    8879.   0.3    6.   1.2   0.8 0.002  3.68  -3.07   1.11   9.2  6.5 0.0142 10  97   -38   4 137.5   73   -18    54  -1.0 0.007324 999999.99 99999.99 99999.99  1527.58   422.01   101.47 -1
2012  68  5 2437 51 52  60  37   7.5   7.1  59.9 154.0  -3.2   1.6   6.1  -0.8   6.3   0.1   2.4   2.0   1.2   0.8   96889.   6.6  541.   0.1  -6.2 0.038    5673.   0.3   10.   0.7   0.4 0.003  3.72  -3.41   1.10   9.3  6.6 0.0139 10  97   -37   4 137.5   56   -13    44  -0.7 0.007324 999999.99 99999.99 99999.99  1493.25   405.97    97.72 -1
2012  68  6 2437 51 52  59  35   7.6   7.1  62.4 180.6  -3.3   0.0   6.3  -2.1   5.9   0.1   2.5   1.7   1.6   0.9   90575.   6.3  536.   1.2  -6.0 0.040    8302.   0.5    8.   0.8   0.4 0.005  3.51  -3.16   0.99   8.9  6.5 0.0152 17  97   -35   6 137.5   61   -13    48  -0.6 0.007324 999999.99 99999.99 99999.99  1550.13   403.50    94.46 -1
2012  68  7 2437 51 52  57  35   6.9   6.6  24.5 158.8  -5.6   2.2   2.7   1.3   3.2   0.5   1.8   0.7   1.2   1.2   93104.   5.4  515.   0.4  -6.7 0.037    8401.   0.5    7.   0.8   0.5 0.002  2.75  -1.65   1.04   8.7  6.3 0.0158 17  97   -35   6 137.5   84   -16    68  -0.6 0.007324 999999.99 99999.99 99999.99  1703.08   434.51    99.62 -1
2012  68  8 2437 51 52  59  37   6.4   6.0  29.6 155.0  -4.7   2.2   3.0   1.3   3.5   0.2   2.1   0.9   1.6   1.0   94702.   5.0  504.  -0.1  -7.0 0.035   10670.   0.3    4.   0.7   0.6 0.003  2.42  -1.76   1.13   8.8  6.3 0.0153 17  97   -35   6 137.5   96   -34    62   1.5 0.007324 999999.99 99999.99 99999.99  2251.50   508.26   105.72 -1
2012  68  9 2437 51 52  58  35   6.5   6.4  28.6 163.0  -5.4   1.6   3.1   0.8   3.4   0.3   1.2   0.7   0.7   0.8   90343.   5.5  492.  -0.2  -7.1 0.034   11292.   0.5    5.   0.9   0.6 0.005  2.53  -1.67   1.18   8.9  6.2 0.0151 50  97   -33  48 137.5  109   -47    62   2.3 0.007324 999999.99 99999.99 99999.99  2514.07   516.87   102.74 -1
2012  68 10 2437 51 52  64  38   7.8   7.5  41.7 166.2  -5.5   1.3   5.0   0.1   5.2   0.8   1.8   0.7   1.0   1.4   87414.   6.6  504.  -2.4  -7.4 0.028   15878.   0.8   10.   0.9   0.8 0.004  3.11  -2.62   0.97   8.3  6.1 0.0173 50  97   -27  48 137.5  122   -75    47   2.2 0.007324 999999.99 99999.99 99999.99  2942.67   535.62   100.81 -1
2012  68 11 2437 51 52  73  33  18.3  16.4  69.6 217.0  -4.6  -3.4  15.3  -6.8  14.1   7.0   9.8   4.9   5.2   6.7  241847.  12.6  695. -10.3  -9.3 0.032  232077.   4.9  118.   4.1   1.7 0.010 11.46  -9.80   0.58   6.7  5.5 0.0262 50  97    22  48 137.5  280  -105   176   6.6 0.007324 999999.99 99999.99 99999.99  4559.95   632.84   108.07 -1
2012  68 12 2437 51 52  58  26  16.7   9.6  78.2 353.5   1.9  -0.2   9.4  -2.5   9.1   5.3  13.9   9.2   6.1   8.4  589126.  13.8  705.  -8.9  -6.2 0.046  195786.   2.1   20.   1.4   2.4 0.009 13.56  -6.42   1.48   7.8  5.2 0.0193 47  97    15  39 137.5  292  -107   184   6.0 0.007324 999999.99 99999.99 99999.99  4001.04   643.56   114.27 -1
2012  68 13 2437 51 52  59  32  13.2   6.7  18.5 241.9  -3.0  -5.6   2.1  -6.0   0.5   3.1  11.1   8.2   4.3   6.1  585978.  16.0  680.  -7.8  -5.7 0.036  183126.   3.1   25.   0.9   1.0 0.006 14.13  -0.34   2.73  10.3  5.6 0.0112 47  97     0  39 137.5  398  -167   231   4.4 0.007324 999999.99 99999.99 99999.99  3433.70   611.29   111.33 -1
2012  68 14 2437 51 52  62  34  10.2   7.6 -24.2 154.2  -6.2   3.0  -3.1   3.8  -2.1   2.6   6.8   3.4   4.8   3.3  608358.  11.8  654.  -7.3  -5.6 0.047  203600.   3.2   14.   1.0   1.0 0.013 10.01   1.37   3.48  11.0  5.5 0.0098 47  97   -16  39 137.5  565  -258   307   4.8 0.007324 999999.99 99999.99 99999.99  3022.53   553.67   102.13 -1
2012  68 15 2437 51 52  60  14   8.3   1.9  16.8  59.4   0.9   1.6   0.6   1.3   1.1   3.4   8.5   3.8   6.5   4.1  603206.   8.1  682.  -7.1  -8.4 9.999  351281.   1.2    8.   1.0   1.0 9.999  7.54  -0.75   3.58  11.7  5.8 0.0087 47  97   -33  39 137.5  996  -449   547   4.3 0.007324 999999.99 99999.99 99999.99  2629.35   521.27    98.22 -1
2012  68 16 2437 51 52  60  30  10.1   3.8 -36.6 116.8  -1.4   2.8  -2.3   3.5  -1.1   2.9   9.6   5.7   6.4   4.4  581725.   6.4  709.  -9.5  -6.5 0.061  162528.   1.1   16.   0.9   1.1 0.012  6.68   0.78   1.85   8.9  5.5 0.0151 47  97   -40  39 137.5  828  -401   427   2.0 0.007324 999999.99 99999.99 99999.99  2353.11   471.90    89.79 -1
2012  68 17 2437 51 52  58  30   7.8   3.9   4.0 231.8  -2.4  -3.1   0.3  -2.9  -1.0   2.1   6.9   5.2   2.4   3.9  595017.   6.9  684.  -8.0  -6.5 0.081  113730.   0.8   13.   1.2   0.6 0.006  7.14   0.68   3.41  11.5  5.8 0.0090 47  97   -44  39 137.5  723  -389   334   1.3 0.007324 999999.99 99999.99 99999.99  2070.51   422.48    81.75 -1
2012  68 18 2437 51 52  59  33  10.2   8.1   3.7  95.2  -0.7   8.0   0.5   6.9   4.0   5.1   7.8   4.7   5.8   2.4  432319.   6.7  675.  -6.8  -5.9 0.065  120011.   1.0   11.   2.3   0.9 0.015  6.42  -2.70   1.50   8.6  5.6 0.0162 40  97   -37  27 137.5  527  -219   308   1.3 0.007324 999999.99 99999.99 99999.99  1769.70   386.30    77.46 -1
2012  68 19 2437 51 52  58  32   8.7   3.1  10.7  90.0   0.0   3.1   0.6   2.4   2.0   4.1   8.9   5.6   3.4   5.9  389565.  10.3  649.  -7.8  -4.8 0.059   85276.   2.2   14.   1.2   1.8 0.018  8.95  -1.30   2.93  12.0  6.4 0.0083 40  97   -28  27 137.5  531  -296   235   1.5 0.007324 999999.99 99999.99 99999.99  1766.63   384.77    75.98 -1
2012  68 20 2437 51 52  60  38  21.5  17.5  58.6  49.8   5.9   7.0  15.0  -1.6  16.5   2.0  12.5   2.8  11.8   2.7  259813.   9.6  615.  -4.2  -2.1 0.036   89172.   2.6   17.   2.8   2.5 0.014  6.94 -10.15   0.34   4.4  3.9 0.0606 40  97   -35  27 137.5  310  -116   193  -3.7 0.007324 999999.99 99999.99 99999.99  1535.76   358.50    71.64 -1
2012  68 21 2437 51 52  62  18  21.4  20.3  34.4 295.0   7.1 -15.2  11.5 -19.0   1.7   2.3   6.8   3.2   2.3   5.6  412841.   5.7  643.  -2.2  -5.1 0.040  182805.   2.7   10.   2.7   1.6 0.022  4.57  -1.09   0.28   3.6  3.2 0.0925 40  97   -46  27 137.5  502  -285   216   4.1 0.007324 999999.99 99999.99 99999.99  1637.04   429.87    87.05 -1
2012  68 22 2437 51 52  57   5  23.1  23.0  36.5 305.9  10.8 -15.0  13.7 -20.0   3.4   0.8   2.2   0.7   1.2   1.7 1253251.   1.1  651.  -0.2  -0.8 0.038  527902.   0.2   14.   2.6   1.5 0.000  0.90  -2.21   0.12   1.5  1.4 0.5446 40  97   -53  27 137.5  558  -304   254   3.8 0.007324 999999.99 99999.99 99999.99  1746.59   478.80    98.82 -1
2012  68 23 2437 51 52  62  16  21.5  21.2  34.1 307.0  10.6 -14.0  11.9 -18.2   2.5   0.8   3.7   0.7   2.7   2.5 1481962.   1.1  655.   0.0  -3.1 0.044  322762.   0.2   13.   2.2   3.9 0.007  0.93  -1.64   0.16   1.6  1.5 0.4660 40  97   -47  27 137.5  474  -152   322   0.5 0.007324 999999.99 99999.99 99999.99  1302.97   380.96    82.38 -1
2012  69  0 2437 51 52  57   3  22.3  22.1  41.7 319.9  12.6 -10.7  14.7 -16.9   6.8   1.1   2.9   1.5   1.5   2.0 1818664.   0.8  664.  -3.3  -7.3 9.999  726312.   0.2   19.   2.1   3.1 9.999  0.71  -4.52   0.13   1.3  1.3 0.6708 47 110   -45  39 143.5  340   -24   315  -0.7 0.007371 999999.99 99999.99 99999.99  1307.17   377.04    78.69 -1
2012  69  1 2437 51 52  61  38  10.8   5.8  58.1 302.1   1.6  -2.6   4.9  -4.7   2.9   1.7   9.0   2.3   7.0   5.3  606034.   7.1  678.   3.3   1.1 0.099   70175.   0.9   13.   1.4   2.0 0.014  7.61  -1.97   1.86   8.4  5.2 0.0170 47 110   -27  39 143.5  305   -65   240   3.0 0.007371 999999.99 99999.99 99999.99  1130.75   308.35    63.31 -1
2012  69  2 2437 51 52  60  37  12.8   6.9 -70.2 232.6  -1.4  -1.9  -6.5   1.5  -6.6   1.9  10.7   5.1   6.5   6.9  410734.   6.7  676.  -0.1  -0.9 0.060  198857.   1.0   21.   2.1   2.0 0.027  6.34   4.46   0.92   6.8  5.1 0.0255 47 110   -35  39 143.5  602  -231   370   4.6 0.007371 999999.99 99999.99 99999.99   935.76   244.20    49.35 -1
2012  69  3 2437 51 52  57  33  15.5  14.2 -73.1 215.2  -3.4  -2.4 -13.6   4.0 -13.2   2.0   6.5   3.7   4.4   2.9  231279.   4.6  689.   2.7   0.8 0.074   81804.   2.2   18.   1.5   0.9 0.057  4.73   9.09   0.29   4.8  4.3 0.0523 63 110   -57  94 143.5 1109  -635   475  13.3 0.007371 999999.99 99999.99 99999.99   673.93   178.83    36.47 -1
2012  69  4 2437 51 52  61  36  16.5  15.3 -68.1 256.4  -1.3  -5.6 -14.2   0.8 -15.2   3.3   6.9   3.4   2.0   5.7  180853.   2.8  684.   2.2  -0.3 0.074  194444.   1.9   14.   1.6   2.4 0.015  2.84  10.40   0.13   3.5  3.3 0.0989 63 110   -83  94 143.5 1138 -1072    66  10.8 0.007371 999999.99 99999.99 99999.99   474.46   136.40    29.25 -1
2012  69  5 2437 51 52  62  31  17.0  16.8 -69.1 235.0  -3.4  -4.9 -15.7   1.3 -16.4   1.4   2.8   1.9   1.4   1.4   56319.   2.0  713.   3.6  -2.7 0.093   58658.   1.0   19.   1.8   1.6 0.030  2.33  11.69   0.05   3.0  2.9 0.1352 63 110   -81  94 143.5  333  -173   160   0.9 0.007371 999999.99 99999.99 99999.99   536.08   147.82    30.94 -1
2012  69  6 2437 51 52  59  31  17.6  16.9 -72.0 202.9  -4.8  -2.0 -16.1   3.4 -15.9   0.4   4.7   2.6   3.7   1.4   31512.   2.4  717.   5.6  -3.1 0.097   45948.   0.7   11.   1.4   1.1 0.054  2.86  11.40   0.05   3.2  3.1 0.1194 80 110   -92 207 143.5 1222 -1159    63  11.5 0.007371 999999.99 99999.99 99999.99   334.36   102.69    22.80 -1
2012  69  7 2437 51 52  60  19  16.3  16.2 -50.7 158.8  -9.6   3.7 -12.5   7.2 -10.9   0.2   1.6   1.0   1.1   0.7  100658.   2.9  729.   7.6  -1.6 0.097  342740.   0.8   12.   0.9   1.5 0.022  3.57   7.95   0.10   3.8  3.6 0.0820 80 110  -128 207 143.5 1151 -1230   -79  12.6 0.007371 999999.99 99999.99 99999.99   284.13    93.51    20.92 -1
2012  69  8 2437 51 52  59  11  16.0  15.9 -49.8 156.7  -9.4   4.0 -12.1   7.1 -10.6   0.3   1.7   0.8   1.2   0.8   12203.   3.3  712.   6.9  -1.1 0.091    2728.   0.7    9.   0.4   0.3 0.018  3.81   7.55   0.08   4.0  3.9 0.0728 80 110  -145 207 143.5 1109  -997   112   9.5 0.007371 999999.99 99999.99 99999.99   296.33    91.36    20.21 -1
2012  69  9 2437 51 52  58  11  14.0  13.4 -31.3 142.5  -9.1   7.0  -7.0   8.5  -5.1   0.6   3.9   0.4   1.8   3.5   94508.   4.0  695.   5.5  -3.3 0.072  174459.   2.3    3.   1.2   1.5 0.023  4.16   3.54   0.19   5.0  4.6 0.0483 73 110  -123 154 143.5 1785 -1611   173  15.4 0.007371 999999.99 99999.99 99999.99   296.93    95.75    20.74 -1
2012  69 10 2437 51 52  61  17  13.7  13.6 -32.1 139.1  -8.7   7.5  -7.2   9.0  -5.3   2.2   2.7   0.8   1.7   2.0  267487.   3.1  690.   2.3  -5.4 0.122  782641.   1.9   13.   2.5   1.1 0.051  3.67   3.66   0.27   4.4  4.0 0.0605 73 110  -125 154 143.5 1009  -903   106  10.4 0.007371 999999.99 99999.99 99999.99   319.21    94.92    20.02 -1
2012  69 11 2437 51 52  59  33  17.3  17.1 -51.4 136.2  -7.7   7.4 -13.3  10.3 -11.2   1.9   3.1   0.9   1.2   2.7   43766.   3.7  699.  -0.9  -3.8 0.141   10548.   1.1   13.   0.8   1.3 0.017  4.72   7.83   0.09   3.9  3.7 0.0788 73 110  -114 154 143.5 1092  -857   235   9.2 0.007371 999999.99 99999.99 99999.99   329.68    94.78    19.80 -1
2012  69 12 2437 51 52  56  27  11.2   9.5 -40.7 132.4  -4.9   5.3  -6.2   6.7  -4.7   1.6   5.7   2.5   2.7   4.4  158876.   2.3  741.  -0.7  -3.5 0.175  136582.   0.4   25.   2.2   2.3 0.039  3.59   3.48   0.22   5.0  4.6 0.0473 67 110  -125 111 143.5 1389 -1050   339  10.4 0.007371 999999.99 99999.99 99999.99   294.60    90.19    18.79 -1
2012  69 13 2437 51 52  56  31  10.7  10.1 -45.2 143.5  -5.7   4.2  -7.1   5.9  -5.7   1.0   3.7   1.9   2.5   2.0  112943.   3.1  722.   1.9  -0.2 0.182   81446.   0.6   24.   2.3   1.2 0.024  4.66   4.12   0.27   5.9  5.3 0.0337 67 110  -132 111 143.5 1071  -804   267   5.9 0.007371 999999.99 99999.99 99999.99   300.80    87.66    17.98 -1
2012  69 14 2437 51 52  59  13  10.5  10.1 -46.1 160.7  -6.6   2.3  -7.3   4.4  -6.3   0.4   2.7   0.9   2.0   1.6   52741.   4.7  691.   1.5  -1.0 0.188    5573.   0.6    3.   1.0   0.4 0.014  6.57   4.35   0.32   7.1  6.3 0.0234 67 110  -124 111 143.5  867  -571   296   6.0 0.007371 999999.99 99999.99 99999.99   303.03    87.86    17.71 -1
2012  69 15 2437 51 52  59  27   9.9   9.8 -21.1 141.7  -7.2   5.7  -3.5   6.5  -1.4   0.2   1.3   0.4   0.9   0.8   96571.   2.4  662.   2.6  -0.7 0.146  103576.   0.6    6.   0.8   0.5 0.038  2.78   0.93   0.23   5.2  4.7 0.0443 57 110  -130  67 143.5  861  -557   304   5.1 0.007371 999999.99 99999.99 99999.99   304.91    86.05    17.23 -1
2012  69 16 2437 51 52  59  26   9.2   9.0 -10.8 130.3  -5.7   6.8  -1.7   6.9   0.9   0.4   1.5   0.8   0.7   1.0   60062.   2.0  656.   0.3  -3.2 0.153    8883.   0.3    9.   0.9   1.1 0.021  2.32  -0.59   0.19   5.0  4.7 0.0468 57 110  -113  67 143.5  695  -484   211   3.7 0.007371 999999.99 99999.99 99999.99   243.05    72.06    14.95 -1
2012  69 17 2437 51 52  57  14   8.0   7.7  -1.9 144.5  -6.2   4.5  -0.3   4.2   1.6   0.3   2.0   0.6   1.5   1.2   71353.   1.9  632.   2.1  -4.3 0.148   91772.   0.4    9.   1.3   1.2 0.035  2.02  -1.01   0.25   5.4  4.9 0.0401 57 110  -105  67 143.5  200  -122    77   0.7 0.007371 999999.99 99999.99 99999.99   211.97    66.81    13.97 -1
2012  69 18 2437 51 52  59  18   6.9   6.6  -8.1 148.0  -5.6   3.5  -0.9   3.5   0.8   0.3   1.8   0.6   1.1   1.3   70824.   1.8  625.   2.2  -3.2 0.143  112066.   0.3    5.   0.9   1.6 0.031  1.85  -0.50   0.31   6.1  5.4 0.0322 30 110   -98  15 143.5  140   -94    47   1.0 0.007371 999999.99 99999.99 99999.99   205.21    65.17    13.62 -1
2012  69 19 2437 51 52  59  11   6.3   6.0 -10.0 135.8  -4.2   4.1  -1.0   4.1   1.1   0.1   2.1   0.4   0.6   2.0 1132171.   0.7  609.   1.3  -1.1 0.140 2166891.   0.3   13.   1.9   2.6 0.042  0.68  -0.67   0.92   4.0  3.0 0.0727 30 110   -98  15 143.5  102   -58    44   0.7 0.007371 999999.99 99999.99 99999.99   193.76    62.12    13.18 -1
2012  69 20 2437 51 52  58  26   5.9   5.8 -11.2 131.4  -3.8   4.3  -1.1   4.3   1.3   0.3   0.9   0.4   0.4   0.7  262538.   0.7  606.   1.5  -1.6 0.131  833225.   0.1    5.   0.9   1.3 0.035  0.65  -0.79   0.33   4.3  3.8 0.0644 30 110   -99  15 143.5  186  -124    62   1.2 0.007371 999999.99 99999.99 99999.99   170.85    55.46    12.33 -1
2012  69 21 2437 51 52  58  20   7.5   7.4  -7.8 130.9  -4.8   5.5  -1.0   5.2   2.1   0.2   1.2   0.3   0.5   1.0  287783.   0.9  590.   0.6  -5.7 0.140 1093696.   0.2   14.   0.8   1.9 0.021  0.82  -1.24   0.28   3.7  3.4 0.0854 23 110   -95   9 143.5  127   -70    57   0.1 0.007371 999999.99 99999.99 99999.99   155.77    52.57    11.56 -1
2012  69 22 2437 51 52  60   7   6.8   6.8 -21.3 129.3  -4.0   4.9  -2.5   5.5   0.5   0.2   0.7   0.5   0.2   0.4   26356.   0.8  576.   0.3  -2.4 0.138    5408.   0.2    6.   1.0   1.4 0.021  0.69  -0.29   0.11   3.8  3.6 0.0829 23 110   -90   9 143.5   76   -46    30   1.2 0.007371 999999.99 99999.99 99999.99   143.58    48.07    11.05 -1
2012  69 23 2437 51 52  60  16   6.5   6.3 -29.7 125.3  -3.2   4.5  -3.1   5.5  -0.2   0.1   1.4   0.3   0.8   1.1  755494.   0.9  577.   1.2  -1.0 0.123 1881042.   0.1    9.   1.6   1.3 0.032  0.75   0.12   0.78   4.2  3.3 0.0671 23 110   -82   9 143.5  147  -100    47   1.1 0.007371 999999.99 99999.99 99999.99   133.00    43.70     9.85 -1
2012  70  0 2437 51 52  61  14   6.6   6.5 -48.4 121.3  -2.2   3.7  -4.9   5.7  -2.2   0.3   1.1   0.7   0.5   0.7  791052.   1.1  599.   0.8   0.5 0.112 1737615.   0.4   18.   1.0   1.8 0.036  0.95   1.32   0.97   4.8  3.5 0.0525 47 104   -78  39 146.9  487  -381   106   2.6 0.007356 999999.99 99999.99 99999.99   151.62    46.07     9.62 -1
2012  70  1 2437 51 52  60  10   6.9   6.7 -50.4 114.0  -1.7   3.9  -5.2   6.0  -2.5   0.2   1.6   0.7   1.1   0.9   21450.   1.6  611.   0.4  -0.0 0.130    4084.   0.2   15.   1.4   1.5 0.017  1.52   1.53   0.21   5.6  5.2 0.0379 47 104   -80  39 146.9  820  -631   190   6.9 0.007356 999999.99 99999.99 99999.99   155.65    44.85     8.94 -1
2012  70  2 2437 51 52  57   8   6.7   6.6 -44.4 111.0  -1.7   4.4  -4.6   6.1  -1.9   0.1   1.1   0.7   0.6   0.5   23168.   1.1  594.   1.0   0.1 0.154    2077.   0.1   10.   1.0   1.0 0.017  1.05   1.13   0.15   4.6  4.4 0.0550 47 104   -81  39 146.9  621  -433   188   5.1 0.007356 999999.99 99999.99 99999.99   149.79    43.85     8.45 -1
2012  70  3 2437 51 52  59  12   6.9   6.8 -49.1 137.0  -3.2   3.0  -5.1   5.0  -3.2   0.2   1.3   0.6   1.0   0.6   24697.   0.8  558.   2.8   1.0 0.134    5019.   0.1   17.   1.9   0.9 0.036  0.64   1.79   0.11   3.6  3.5 0.0909 47 104   -79  39 146.9  671  -517   154   3.2 0.007356 999999.99 99999.99 99999.99   166.78    45.06     8.27 -1
2012  70  4 2437 51 52  58  21   6.4   5.7 -55.7 174.6  -3.2   0.3  -4.7   2.2  -4.2   0.3   2.9   1.2   2.3   1.3   55738.   1.2  559.   5.0  -1.0 0.131   65772.   0.3   19.   2.5   3.6 0.040  0.95   2.35   0.22   4.8  4.4 0.0520 47 104   -70  39 146.9  900  -656   244   7.6 0.007356 999999.99 99999.99 99999.99   141.63    40.20     7.57 -1
2012  70  5 2437 51 52  59  21   6.0   5.6 -29.8 170.1  -4.8   0.8  -2.8   1.8  -2.3   0.1   2.2   0.6   1.5   1.5   19049.   1.3  537.   4.5  -1.5 0.147    6075.   0.2    6.   1.6   1.1 0.020  0.99   1.24   0.22   5.1  4.7 0.0457 47 104   -79  39 146.9  728  -573   155   5.2 0.007356 999999.99 99999.99 99999.99   158.52    42.92     7.77 -1
2012  70  6 2437 51 52  60  34   5.6   5.5 -27.4 145.9  -4.0   2.7  -2.5   3.4  -1.5   0.3   1.0   0.4   0.6   0.7   14634.   1.3  528.   2.0  -2.3 0.123    1834.   0.2    3.   0.9   0.6 0.011  0.90   0.79   0.25   5.4  4.9 0.0412 33 104   -80  18 146.9  494  -325   169   3.5 0.007356 999999.99 99999.99 99999.99   164.27    41.90     7.35 -1
2012  70  7 2437 51 52  60  36   4.8   4.7 -30.1 143.0  -3.2   2.4  -2.4   3.0  -1.6   0.1   1.2   0.4   0.8   0.7   44998.   0.6  535.   2.4  -1.7 0.146   11454.   0.1   10.   1.4   1.5 0.011  0.45   0.86   0.19   4.3  4.0 0.0638 33 104   -73  18 146.9  416  -302   114   3.3 0.007356 999999.99 99999.99 99999.99   149.70    38.76     6.76 -1
2012  70  8 2437 51 52  59  31   4.3   4.1 -34.9 162.2  -3.2   1.0  -2.3   1.6  -2.0   0.2   1.3   0.4   1.1   0.7   41596.   0.8  534.   3.8  -1.2 0.155   35662.   0.2    9.   1.7   0.9 0.037  0.62   1.07   0.31   5.6  4.9 0.0386 33 104   -69  18 146.9  438  -289   150   3.3 0.007356 999999.99 99999.99 99999.99   123.94    34.72     6.27 -1
2012  70  9 2437 51 52  60  36   4.0   3.9 -15.6 168.3  -3.7   0.8  -1.1   1.0  -0.9   0.2   0.8   0.2   0.6   0.6   24876.   0.7  516.   3.6  -2.0 0.148    4514.   0.0    3.   0.8   1.0 0.025  0.50   0.46   0.28   5.4  4.8 0.0408 27 104   -74  12 146.9  482  -293   189   4.2 0.007356 999999.99 99999.99 99999.99   141.57    36.52     6.26 -1
2012  70 10 2437 51 52  59  35   3.8   3.7 -40.0 151.9  -2.5   1.3  -2.3   1.8  -1.9   0.1   1.0   0.5   0.8   0.3   21708.   0.7  523.   2.3  -0.4 0.151    5434.   0.1    7.   1.0   0.5 0.019  0.51   0.99   0.30   5.8  5.1 0.0359 27 104   -73  12 146.9  477  -269   208   4.5 0.007356 999999.99 99999.99 99999.99   145.54    35.47     5.92 -1
2012  70 11 2437 51 52  58  32   3.9   3.8 -34.8 150.4  -2.7   1.5  -2.2   2.0  -1.8   0.1   0.8   0.5   0.6   0.3   21521.   0.7  512.   2.3  -0.2 0.152    4053.   0.1    2.   0.7   0.7 0.016  0.49   0.92   0.29   5.5  4.9 0.0394 27 104   -67  12 146.9  464  -335   128   4.0 0.007356 999999.99 99999.99 99999.99   116.61    31.40     5.46 -1
2012  70 12 2437 51 52  60  37   3.9   3.9 -43.1 128.2  -1.7   2.2  -2.6   2.8  -2.0   0.0   0.5   0.2   0.4   0.3   59881.   0.6  520.   2.4  -1.6 0.082  154498.   0.1   10.   1.7   1.6 0.045  0.36   1.04   0.31   5.2  4.6 0.0446 20 104   -69   7 146.9  344  -229   115   3.2 0.007356 999999.99 99999.99 99999.99   122.78    31.82     5.20 -1
2012  70 13 2437 51 52  60  36   3.8   3.8 -48.2 129.9  -1.6   2.0  -2.9   2.7  -2.3   0.0   0.3   0.2   0.1   0.2   17705.   1.0  525.   4.7  -2.7 0.031    4086.   0.1    2.   0.4   0.5 0.009  0.52   1.21   0.42   6.9  5.9 0.0249 20 104   -68   7 146.9  415  -343    72   3.2 0.007356 999999.99 99999.99 99999.99   125.20    30.64     4.99 -1
2012  70 14 2437 51 52  60  36   3.8   3.8 -50.2 137.6  -1.8   1.6  -2.9   2.4  -2.3   0.0   0.2   0.2   0.2   0.1   10665.   1.0  519.   4.5  -2.5 0.025    2898.   0.1    2.   0.3   0.2 0.005  0.49   1.19   0.40   6.8  5.9 0.0255 20 104   -69   7 146.9  412  -304   108   3.3 0.007356 999999.99 99999.99 99999.99   117.65    28.40     4.03 -1
2012  70 15 2437 51 52  58  36   3.8   3.7 -48.4 131.5  -1.6   1.9  -2.8   2.7  -2.0   0.0   0.4   0.2   0.3   0.1   15189.   0.9  511.   2.6  -1.1 0.048    5425.   0.1    4.   1.2   0.9 0.017  0.47   1.02   0.37   6.4  5.5 0.0292 30 104   -65  15 146.9  346  -241   105   3.1 0.007356 999999.99 99999.99 99999.99   107.26    27.14     3.96 -1
2012  70 16 2437 51 52  57  33   3.9   3.8 -45.4 137.5  -2.0   1.8  -2.7   2.7  -1.8   0.1   0.3   0.2   0.2   0.1    9876.   1.8  503.   0.8  -0.3 0.045    2165.   0.7    8.   0.3   0.8 0.004  0.90   0.91   0.68   8.7  6.9 0.0159 30 104   -61  15 146.9  436  -318   118   3.0 0.007356 999999.99 99999.99 99999.99   116.72    28.12     3.71 -1
2012  70 17 2437 51 52  60  35   4.2   4.2 -47.8 133.5  -1.9   2.0  -3.1   3.1  -2.0   0.2   0.5   0.2   0.3   0.3    7018.   2.9  485.   0.4   1.4 0.056    1190.   0.6    3.   0.5   0.4 0.009  1.39   0.97   0.93   9.8  7.3 0.0123 30 104   -60  15 146.9  480  -356   124   2.6 0.007356 999999.99 99999.99 99999.99   119.50    27.51     3.46 -1
2012  70 18 2437 51 52  59  34   4.2   4.2 -45.3 130.7  -1.9   2.2  -3.0   3.3  -1.7   0.2   0.5   0.4   0.3   0.2    6664.   3.1  481.   0.5   1.6 0.052    1279.   0.3    4.   0.6   0.4 0.009  1.45   0.82   0.99  10.1  7.4 0.0117 33 104   -55  18 146.9  400  -288   112   2.7 0.007356 999999.99 99999.99 99999.99   115.75    26.17     3.22 -1
2012  70 19 2437 51 52  59  37   3.7   3.7 -43.4 134.3  -1.9   1.9  -2.6   2.9  -1.4   0.1   0.4   0.1   0.3   0.1    5994.   2.9  471.   1.3   2.3 0.042     793.   0.3    2.   0.4   0.2 0.006  1.25   0.66   1.18  10.8  7.6 0.0101 33 104   -56  18 146.9  315  -224    91   3.1 0.007356 999999.99 99999.99 99999.99   111.23    24.91     2.95 -1
2012  70 20 2437 51 52  60  36   3.7   3.7 -41.3 135.8  -2.0   1.9  -2.4   2.9  -1.1   0.2   0.6   0.2   0.3   0.5    6549.   2.9  472.   1.8   2.8 0.043     938.   0.3    2.   0.6   0.4 0.004  1.26   0.52   1.19  10.9  7.6 0.0101 33 104   -60  18 146.9  200  -148    52   2.2 0.007356 999999.99 99999.99 99999.99   108.17    24.55     2.84 -1
2012  70 21 2437 51 52  59  35   4.7   4.6 -37.4 134.7  -2.6   2.6  -2.8   3.7  -1.0   0.3   0.7   0.4   0.4   0.4    7507.   3.5  469.   0.4   1.9 0.041    1191.   0.3    4.   0.6   0.5 0.004  1.50   0.47   0.90   9.3  7.0 0.0137 13 104   -61   5 146.9  207  -151    57   2.7 0.007356 999999.99 99999.99 99999.99   108.30    24.12     2.75 -1
2012  70 22 2437 51 52  60  37   4.4   4.4 -31.5 134.7  -2.6   2.6  -2.3   3.4  -0.5   0.1   0.5   0.4   0.3   0.2    7154.   3.6  462.   0.1   1.8 0.037    1042.   0.4    2.   0.6   0.2 0.004  1.47   0.23   1.05  10.0  7.2 0.0120 13 104   -62   5 146.9  188  -136    53   2.4 0.007356 999999.99 99999.99 99999.99   100.43    22.72     2.49 -1
2012  70 23 2437 51 52  61  36   4.1   4.0 -37.7 131.0  -2.1   2.4  -2.4   3.3  -0.7   0.2   0.9   0.4   0.6   0.6   33827.   2.2  464.   1.6   1.6 0.050   39642.   0.8    6.   1.5   1.1 0.029  0.95   0.32   0.88   8.4  6.3 0.0169 13 104   -64   5 146.9  119   -81    38   1.2 0.007356 999999.99 99999.99 99999.99    88.54    19.82     2.20 -1
2012  71  0 2437 51 52  57  35   3.7   3.7 -21.8 123.5  -1.9   2.9  -1.4   3.2   0.4   0.1   0.4   0.2   0.1   0.3   36965.   2.2  456.   0.3   0.9 0.056   25462.   0.8    4.   0.7   0.3 0.023  0.94  -0.18   1.11   9.1  6.5 0.0142 20 116   -64   7 129.5   89   -48    41   0.5 0.007334 999999.99 99999.99 99999.99    79.24    17.81     2.07 -1
2012  71  1 2437 51 52  59  35   3.5   3.3 -15.7 140.9  -2.5   2.0  -0.9   2.2   0.3   0.1   0.8   0.3   0.4   0.7   12816.   3.4  442.   0.4   0.8 0.039    6256.   0.5    3.   0.5   0.8 0.007  1.28  -0.13   1.63  11.6  7.5 0.0088 20 116   -62   7 129.5  100   -49    51   0.3 0.007334 999999.99 99999.99 99999.99    74.27    16.61     1.90 -1
2012  71  2 2437 51 52  59  36   3.5   3.4 -26.4 146.9  -2.5   1.7  -1.5   2.2  -0.5   0.2   0.7   0.3   0.6   0.2   10952.   2.9  437.   1.0   1.0 0.045    4026.   0.6    3.   0.5   0.3 0.006  1.09   0.22   1.37  10.6  7.2 0.0105 20 116   -59   7 129.5  104   -54    50   0.2 0.007334 999999.99 99999.99 99999.99 99999.99 99999.99 99999.99  0
2012  71  3 2437 51 52  60  35   3.8   3.8 -32.3 149.8  -2.8   1.6  -2.0   2.3  -1.1   0.1   0.7   0.3   0.5   0.3   15502.   1.8  439.   1.5   0.7 0.055    9175.   0.4    5.   0.5   0.5 0.013  0.71   0.48   0.75   7.7  6.0 0.0198 17 116   -57   6 129.5  152   -92    59   0.1 0.007334 999999.99 99999.99 99999.99    70.40    15.56     1.74 -1
2012  71  4 2437 51 52  60  34   3.8   3.8 -31.7 159.0  -3.0   1.2  -2.0   1.9  -1.3   0.1   0.4   0.2   0.4   0.2    8953.   1.9  430.   1.9   1.4 0.050    2825.   0.2    2.   0.4   0.3 0.004  0.70   0.56   0.75   7.8  6.1 0.0196 17 116   -53   6 129.5  239  -161    78   0.6 0.007334 999999.99 99999.99 99999.99    62.33    13.53     1.47 -1
2012  71  5 2437 51 52  60  37   3.9   3.9 -38.9 157.7  -2.8   1.1  -2.4   1.9  -1.8   0.1   0.6   0.5   0.4   0.2    9878.   1.9  428.   1.8   1.9 0.044    1572.   0.2    3.   0.4   0.3 0.004  0.68   0.77   0.72   7.6  5.9 0.0208 17 116   -47   6 129.5  223  -131    92   1.6 0.007334 999999.99 99999.99 99999.99    55.34    12.17     1.32 -1
2012  71  6 2437 51 52  59  36   3.6   3.6 -47.0 150.4  -2.1   1.2  -2.6   2.0  -2.1   0.1   0.4   0.3   0.2   0.2    9200.   2.6  428.   1.8   2.9 0.040    2289.   0.3    4.   0.3   0.3 0.003  0.92   0.90   1.15   9.6  6.8 0.0129 10 116   -47   4 129.5  246  -112   134   1.8 0.007334 999999.99 99999.99 99999.99    62.02    13.34     1.40 -1
2012  71  7 2437 51 52  58  35   3.7   3.7 -44.0 163.2  -2.5   0.8  -2.6   1.5  -2.2   0.0   0.4   0.2   0.3   0.2   10805.   2.2  424.   2.3   2.7 0.039    2672.   0.3    2.   0.5   0.5 0.003  0.76   0.93   0.93   8.5  6.3 0.0165 10 116   -50   4 129.5  231  -124   107   1.8 0.007334 999999.99 99999.99 99999.99    69.48    13.98     1.32 -1
2012  71  8 2437 51 52  60  36   3.6   3.4 -33.8 187.0  -2.8  -0.3  -1.9   0.2  -1.9   0.1   1.0   0.4   0.8   0.4   22688.   1.4  429.   3.4   1.7 0.061   10342.   0.3    5.   0.9   0.8 0.014  0.54   0.82   0.68   7.0  5.6 0.0239 10 116   -50   4 129.5  179  -132    47   0.8 0.007334 999999.99 99999.99 99999.99    68.78    13.31     1.19 -1
2012  71  9 2437 51 52  63  38   3.7   3.5 -25.9 179.4  -3.2   0.0  -1.5   0.4  -1.5   0.1   0.9   0.2   0.8   0.3   32316.   1.4  429.   2.8   1.7 0.066   11817.   0.2    6.   1.3   0.9 0.017  0.54   0.64   0.68   6.9  5.4 0.0253 17 116   -46   6 129.5  188  -147    41   1.2 0.007334 999999.99 99999.99 99999.99    67.75    12.92     1.18 -1
2012  71 10 2437 51 52  59  33   3.8   3.7 -26.1 170.9  -3.3   0.5  -1.6   0.9  -1.4   0.2   0.5   0.2   0.4   0.2   39440.   1.3  430.   1.4   2.0 0.064   18149.   0.2    7.   1.0   0.9 0.029  0.50   0.60   0.63   6.5  5.2 0.0286 17 116   -39   6 129.5  366  -279    87   2.4 0.007334 999999.99 99999.99 99999.99    57.60    11.13     0.99 -1
2012  71 11 2437 51 52  58  36   3.9   3.7 -34.4 139.3  -2.3   2.0  -2.1   2.4  -1.6   0.1   1.2   0.7   1.0   0.2   36265.   2.7  433.   0.2   2.2 0.061    8634.   0.6    6.   0.9   0.7 0.014  1.05   0.69   1.22   9.1  6.4 0.0143 17 116   -37   6 129.5  273  -192    82   3.2 0.007334 999999.99 99999.99 99999.99    58.30    11.29     0.96 -1
2012  71 12 2437 51 52  61  36   4.1   4.0 -25.9 108.5  -1.1   3.4  -1.7   3.7  -0.8   0.2   0.8   0.6   0.4   0.4   24029.   3.8  422.   0.0   2.8 0.056    5007.   0.4    4.   0.6   0.5 0.010  1.38   0.34   1.43  10.0  6.7 0.0118 23 116   -36   9 129.5  198  -129    69   1.8 0.007334 999999.99 99999.99 99999.99    60.54    11.16     0.92 -1
2012  71 13 2437 51 52  62  36   5.0   4.8  -5.8  75.2   1.2   4.6  -0.5   4.6   0.7   1.3   2.0   1.2   1.0   1.2   72836.   7.1  433.   0.3  -2.2 0.068   50835.   3.3    9.   1.0   4.4 0.016  2.83  -0.30   2.38  11.5  6.6 0.0089 23 116   -21   9 129.5  365  -262   103   2.4 0.007334 999999.99 99999.99 99999.99    54.35    10.14     0.76 -1
2012  71 14 2437 51 52  59  36   7.2   6.9  -6.2  73.8   1.9   6.6  -0.7   6.5   1.3   1.3   2.0   1.2   1.2   1.0   80177.   9.4  440.   0.4  -7.1 0.089   25541.   1.2    5.   0.7   0.8 0.009  4.12  -0.57   1.57   9.4  6.1 0.0136 23 116   -18   9 129.5  168   -84    84   1.4 0.007334 999999.99 99999.99 99999.99    50.90    10.06     0.80 -1
2012  71 15 2437 51 52  59  35   7.7   7.4 -10.5  74.4   1.9   7.0  -1.3   7.0   1.1   0.5   2.2   1.6   0.8   1.3   50399.   9.2  429.  -0.5  -6.6 0.079    8975.   0.8    6.   0.5   0.7 0.009  3.72  -0.47   1.15   8.4  6.0 0.0167 27 116   -17  12 129.5  106   -64    42   1.2 0.007334 999999.99 99999.99 99999.99    54.10     9.90     0.73 -1
2012  71 16 2437 51 52  59  34   7.3   6.7  -2.4  54.1   4.0   5.5  -0.3   5.2   1.8   0.5   2.6   1.7   1.3   1.6   68548.  10.4  434.   1.1  -6.5 0.081   17096.   1.0    5.   1.3   0.5 0.009  4.33  -0.78   1.60   9.6  6.2 0.0129 27 116   -21  12 129.5  119   -94    25   0.7 0.007334 999999.99 99999.99 99999.99    53.49     8.89     0.61 -1
2012  71 17 2437 51 52  62  38   8.3   5.6 -10.6 203.6  -5.1  -2.2  -1.0  -1.6  -1.8   1.1   6.1   3.3   4.3   2.9  118355.   9.5  444.   2.3  -7.0 0.057   22721.   2.5   12.   2.0   1.7 0.018  3.84   0.80   1.42   8.2  5.5 0.0175 27 116   -22  12 129.5  314  -228    86   2.2 0.007334 999999.99 99999.99 99999.99    54.97     8.34     0.54 -1
2012  71 18 2437 51 52  60  35   6.8   5.7   7.4 259.2  -1.1  -5.5   0.7  -5.2  -1.9   0.7   3.6   2.2   1.4   2.5  132984.  11.8  461.   1.7  -6.5 0.061   14971.   0.8    4.   0.9   1.1 0.008  5.21   0.88   2.77  11.6  6.3 0.0088 30 116   -28  15 129.5  499  -350   149   2.8 0.007334 999999.99 99999.99 99999.99    53.36     7.89     0.45 -1
2012  71 19 2437 51 52  56  32   5.9   3.8  -7.7 239.5  -1.9  -3.2  -0.5  -2.6  -2.0   0.8   4.4   2.4   2.9   2.4  166733.  13.7  455.   2.8  -5.5 0.059   18508.   1.0    6.   1.5   0.8 0.007  5.85   0.91   4.83  14.3  6.3 0.0058 30 116   -34  15 129.5  573  -396   177   2.7 0.007334 999999.99 99999.99 99999.99    55.21     7.70     0.41 -1
2012  71 20 2437 51 52  60  36   5.8   4.2 -73.4 271.1   0.0  -1.2  -4.0   1.0  -4.0   0.9   3.9   2.1   2.7   1.8  154186.  13.7  448.   3.5  -4.1 0.064   20423.   0.9    4.   0.7   0.7 0.005  5.77   1.79   4.79  14.3  6.3 0.0058 30 116   -44  15 129.5  579  -364   215   2.8 0.007334 999999.99 99999.99 99999.99    54.06     7.48     0.38 -1
2012  71 21 2437 51 52  58  34   7.3   6.4 -39.3  58.4   2.6   4.2  -4.0   5.7  -1.2   0.5   3.4   1.8   1.9   2.1  119722.  11.6  448.   2.1  -3.6 0.067   21611.   0.9    8.   1.3   1.1 0.006  4.93   0.54   2.25  10.5  6.1 0.0109 33 116   -42  18 129.5  541  -315   226   3.3 0.007334 999999.99 99999.99 99999.99    49.26     6.73     0.35 -1
2012  71 22 2437 51 52  56  34   6.8   6.3 -51.0  77.2   0.9   3.9  -4.9   5.9  -2.0   0.5   2.4   2.0   1.1   0.8  106832.  11.8  433.   2.4  -2.9 0.071   12776.   0.5   11.   0.8   0.5 0.007  4.74   0.87   2.50  10.9  6.2 0.0099 33 116   -44  18 129.5  299  -165   135   1.6 0.007334 999999.99 99999.99 99999.99    45.07     6.15     0.29 -1
2012  71 23 2437 51 52  60  37   4.1   3.7 -54.3 160.1  -2.0   0.7  -3.0   2.2  -2.1   1.4   2.2   0.8   1.1   1.8  121794.  11.0  417.   2.9  -3.4 0.070   10868.   0.5    2.   0.6   0.8 0.007  4.09   0.88   6.81  16.9  6.4 0.0042 33 116   -41  18 129.5  376  -259   117   2.2 0.007334 999999.99 99999.99 99999.99    42.96     5.98     0.29 -1
2012  72  0 2437 51 52  59  34   5.2   4.7 -21.4  56.7   2.4   3.7  -1.7   4.0   0.5   0.4   2.2   1.0   1.1   1.6  105216.   9.7  433.   0.8  -3.7 0.054   11046.   0.7    7.   0.7   1.1 0.004  3.69  -0.22   3.49  13.0  6.5 0.0071 30 116   -40  15 113.5  199  -129    70   1.4 0.007308 999999.99 99999.99 99999.99    38.93     5.54     0.28 -1
2012  72  1 2437 51 52  60  36   5.6   4.9 -46.1  71.1   1.1   3.2  -3.5   4.5  -1.4   0.4   2.7   0.7   1.4   2.1  108638.   8.7  424.   1.2  -3.6 0.053    9813.   0.7    3.   1.1   0.8 0.002  3.17   0.59   2.74  11.2  6.1 0.0095 30 116   -38  15 113.5  148   -75    73   0.9 0.007308 999999.99 99999.99 99999.99    39.02     5.30     0.27 -1
2012  72  2 2437 51 52  59  36   5.8   3.3 -32.2 131.9  -1.9   2.1  -1.8   2.7  -0.5   0.7   4.8   2.1   2.3   3.6  131448.  10.5  423.  -0.0  -3.9 0.057    7277.   0.5    4.   0.8   0.7 0.005  3.85   0.21   3.37  11.8  6.0 0.0085 30 116   -33  15 113.5  192   -89   102   0.5 0.007308 999999.99 99999.99 99999.99    39.35     5.19     0.26 -1
2012  72  3 2437 51 52  60  36   5.2   3.9  26.4 121.8  -1.8   2.9   1.7   1.8   2.8   1.2   3.5   0.7   1.4   3.2  129607.   9.4  429.  -0.3  -3.2 0.050   16726.   1.0    3.   0.8   1.1 0.006  3.47  -1.20   3.73  12.6  6.2 0.0074 17 116   -30   6 113.5  207  -149    58  -0.1 0.007308 999999.99 99999.99 99999.99    34.56     4.74     0.25 -1
2012  72  4 2437 51 52  55  31   7.0   5.6  22.3 131.1  -3.4   3.9   2.1   2.7   3.5   1.2   4.3   2.2   2.6   2.6  115113.   8.4  419.  -0.7  -3.3 0.061   20158.   0.8   10.   0.7   1.6 0.007  3.06  -1.47   1.74   8.7  5.5 0.0158 17 116   -29   6 113.5   98   -43    56  -0.1 0.007308 999999.99 99999.99 99999.99    32.45     4.47     0.25 -1
2012  72  5 2437 51 52  58  35   8.3   7.9  53.0 145.0  -3.9   2.7   6.3   0.1   6.9   0.3   2.5   1.4   1.7   1.2   79317.   6.5  414.  -1.7  -5.2 0.058   11156.   0.8   10.   1.3   0.7 0.008  2.29  -2.86   0.82   6.4  4.9 0.0294 17 116   -29   6 113.5  105   -64    41  -0.8 0.007308 999999.99 99999.99 99999.99    31.58     4.37     0.24 -1
2012  72  6 2437 51 52  61  37   7.8   7.3  28.2 131.1  -4.2   4.9   3.5   3.5   4.9   0.5   2.6   1.2   1.1   2.0   97523.   7.6  410.  -2.4  -3.9 0.069   20801.   1.3    7.   1.7   1.4 0.008  2.72  -2.01   1.17   7.2  5.1 0.0227 23 116   -25   9 113.5   78   -23    55  -0.4 0.007308 999999.99 99999.99 99999.99    28.37     3.74     0.22 -1
2012  72  7 2437 51 52  58  36   7.8   5.0 -26.7 136.4  -3.2   3.1  -2.2   3.6  -1.2   0.4   5.9   2.3   1.8   5.2   95298.   7.3  410.  -1.4  -3.7 0.077   20122.   0.8    6.   0.9   2.4 0.023  2.68   0.49   1.12   7.1  5.1 0.0236 23 116   -25   9 113.5   41    -6    35   0.1 0.007308 999999.99 99999.99 99999.99    28.13     3.75     0.22 -1
2012  72  8 2437 51 52  55  31   7.8   7.4 -36.4  99.6  -1.0   5.9  -4.4   6.9  -2.7   0.5   2.5   1.2   1.3   1.8  102401.   7.8  404.  -0.2  -1.4 0.068   12904.   0.6    3.   0.5   0.4 0.008  2.70   1.09   1.23   7.2  5.0 0.0227 23 116   -27   9 113.5  150   -71    79   2.4 0.007308 999999.99 99999.99 99999.99    36.37     4.36     0.24 -1
2012  72  9 2437 51 52  79  44  14.5  11.3  12.1 148.5  -9.4   5.8   2.4   5.0   3.8   7.7  11.5   5.3   3.6   9.6  190988.  14.9  452.  -3.8  -4.8 0.103  132295.   7.4   60.   3.9   3.9 0.022  7.18  -1.72   0.94   6.0  4.5 0.0329 63 116    -7  94 113.5  960  -695   265   9.1 0.007308 999999.99 99999.99 99999.99    40.46     4.88     0.25 -1
2012  72 10 2437 51 52  51  25  23.6  13.2 -56.1 155.2  -6.7   3.1 -11.0   5.6 -10.0   2.8  19.6  11.6   8.5  13.3  270767.  35.2  516.  -3.7  -6.8 0.084  162050.   9.0   18.   1.1   2.9 0.023 20.91   5.16   1.05   6.5  4.7 0.0283 63 116    -4  94 113.5  602  -389   213   6.3 0.007308 999999.99 99999.99 99999.99    32.45     3.32     0.20 -1
2012  72 11 2437 51 52  56  28  16.5  14.5 -56.2 161.4  -7.6   2.6 -12.1   5.4 -11.1   2.8   8.0   4.0   4.6   5.2  238227.  25.3  500.  -2.7  -5.9 0.087   41889.   2.0   14.   1.1   1.1 0.016 14.24   5.55   1.42   7.6  5.1 0.0205 63 116   -16  94 113.5 1023  -740   283   8.7 0.007308 999999.99 99999.99 99999.99    30.87     2.77     0.18 -1
2012  72 12 2437 51 52  54  29  10.4   9.8 -24.2 181.6  -8.9  -0.2  -4.0   0.8  -3.9   2.5   4.1   2.4   2.5   2.2  224548.  24.5  469.  -1.2  -6.4 0.102   48123.   1.8   15.   0.5   0.5 0.028 12.67   1.83   3.33  11.2  5.7 0.0095 60 116   -43  80 113.5 1080  -838   242   8.4 0.007308 999999.99 99999.99 99999.99    27.21     2.43     0.17 -1
2012  72 13 2437 51 52  61  36   6.8   4.8  10.9 154.5  -4.2   2.0   0.9   1.7   1.4   1.2   4.8   2.8   2.3   3.1  204665.  17.5  467.  -1.0  -8.1 0.101   29689.   2.1    9.   0.8   0.8 0.016  8.95  -0.65   5.24  14.4  6.1 0.0058 60 116   -42  80 113.5  226   -92   134   1.4 0.007308 999999.99 99999.99 99999.99    23.60     2.15     0.16 -1
2012  72 14 2437 51 52  62  37   6.6   5.3  -2.9  97.2  -0.7   5.2  -0.3   5.1   1.3   2.2   4.3   2.5   2.7   2.3  164039.  15.7  481.  -0.5  -7.2 0.079   47388.   1.9   13.   0.6   1.0 0.009  7.98  -0.63   4.38  14.4  6.6 0.0057 60 116   -33  80 113.5  123   -53    70   1.8 0.007308 999999.99 99999.99 99999.99    22.36     2.03     0.15 -1
2012  72 15 2437 51 52  61  28   8.1   5.8  52.1 197.3  -3.4  -1.1   4.6  -2.6   4.0   2.9   6.2   2.0   5.4   2.4  244505.  11.8  489.   0.8 -10.1 0.096   66109.   2.5    4.   0.6   0.8 0.009  6.52  -1.96   2.79  10.4  5.6 0.0111 37 116   -45  22 113.5   82   -48    34   0.4 0.007308 999999.99 99999.99 99999.99    19.83     1.76     0.14 -1
2012  72 16 2437 51 52  65   9  13.9  10.9  -2.1 288.5   3.5 -10.3  -0.4  -9.4  -4.2   2.4   8.9   2.9   7.5   3.8  779767.   2.1  522.   6.6  -8.2 9.999  203595.   0.5   33.   3.0   4.6 9.999  1.14   2.19   0.41   2.7  2.3 0.1606 37 116   -64  22 113.5  256  -189    67   4.7 0.007308 999999.99 99999.99 99999.99    17.32     1.23     0.12 -1
2012  72 17 2437 51 52  70  20   6.5   2.5  -3.4 105.5  -0.7   2.4  -0.1   2.2   0.9   1.9   6.0   2.7   3.8   3.7 1208776.   2.8  665.  14.3   2.6 0.053  259508.   0.7   72.   3.5   4.1 0.040  2.51  -0.60   3.69   8.6  4.2 0.0162 37 116   -63  22 113.5  409  -318    91   1.4 0.007308 999999.99 99999.99 99999.99    15.44     1.08     0.11 -1
2012  72 18 2437 51 52  56  28   9.1   8.0  -5.5  66.3   3.2   7.3  -0.8   6.9   2.6   0.8   4.2   3.0   1.3   2.7  792867.   3.1  723.   9.4   6.6 9.999  112401.   0.3    8.   1.0   1.3 9.999  3.24  -1.88   1.43   7.0  4.7 0.0243 33 116   -54  18 113.5  196  -129    67   0.8 0.007308 999999.99 99999.99 99999.99    10.55     0.76     0.10 -1
2012  72 19 2437 51 52  59   5  10.7   9.9 -24.8  25.9   8.1   3.9  -4.1   5.4  -1.7   0.4   4.1   1.2   3.4   2.0  563615.   2.9  730.   6.4   6.8 9.999   22501.   0.0    2.   0.2   0.7 9.999  3.09   1.24   0.73   5.8  4.5 0.0352 33 116   -52  18 113.5  196  -119    77   1.3 0.007308 999999.99 99999.99 99999.99     8.59     0.59     0.10 -1
2012  72 20 2437 51 51  58  30   9.7   9.4 -21.0 354.9   8.7  -0.8  -3.4   1.1  -3.3   0.4   2.5   0.6   1.4   2.0  473444.   2.2  699.   4.4   8.3 9.999  348744.   0.6    8.   2.6   2.3 9.999  2.15   2.31   0.59   5.3  4.4 0.0416 33 116   -55  18 113.5  499  -347   152   3.3 0.007308 999999.99 99999.99 99999.99     8.22     0.40     0.08 -1
2012  72 21 2437 51 51  61  32   9.7   9.0 -17.3   7.3   8.5   1.1  -2.7   2.4  -1.7   0.4   3.6   0.6   3.2   1.6  400937.   1.7  683.   5.8  10.8 9.999  208861.   0.2   15.   3.7   2.2 9.999  1.59   1.16   0.40   4.6  4.0 0.0564 30 116   -51  15 113.5  347  -273    74   3.5 0.007308 999999.99 99999.99 99999.99     6.58     0.37     0.08 -1
2012  72 22 2437 51 52  61  37  10.6  10.6 -35.2  11.6   8.4   1.7  -6.1   4.7  -4.2   0.1   1.4   0.6   0.7   1.0  107491.   1.2  693.   1.5   8.6 0.010   42753.   0.2   12.   0.4   0.7 0.000  1.00   2.91   0.10   3.6  3.4 0.0928 30 116   -51  15 113.5  219  -164    56   2.3 0.007308 999999.99 99999.99 99999.99     6.49     0.36     0.08 -1
2012  72 23 2437 51 52  57  32  10.2  10.1 -26.1   0.8   9.0   0.1  -4.4   2.5  -3.6   0.1   1.5   0.3   1.3   0.8   57680.   1.5  717.   1.1   8.6 0.008   18392.   0.2    9.   0.7   0.7 0.001  1.33   2.58   0.11   4.3  4.1 0.0642 30 116   -50  15 113.5  290  -209    81   2.1 0.007308 999999.99 99999.99 99999.99     6.37     0.32     0.07 -1
2012  73  0 2437 51 52  60  35   9.7   9.4 -24.0 343.4   8.3  -2.5  -3.8  -0.1  -4.5   0.3   2.3   0.4   1.5   1.7  171678.   1.2  705.  -0.2   9.1 9.999   58290.   0.1   15.   1.1   1.4 9.999  1.19   3.17   0.16   4.0  3.7 0.0751 37  96   -49  22 139.0  652  -496   156   4.2 0.007306 999999.99 99999.99 99999.99     5.64     0.27     0.06 -1
2012  73  1 2437 51 52  61  37   7.9   7.8 -17.0 351.4   7.4  -1.1  -2.3   0.2  -2.5   0.4   1.1   0.6   0.6   0.7   76611.   0.9  702.   1.8   6.1 0.030   31481.   0.1    5.   0.6   0.9 0.000  0.83   1.75   0.12   4.2  4.0 0.0669 37  96   -51  22 139.0  201  -124    77   1.6 0.007306 999999.99 99999.99 99999.99     5.98     0.32     0.07 -1
2012  73  2 2437 51 52  59  37   7.4   7.3 -26.6 341.1   6.2  -2.1  -3.3  -0.2  -3.9   0.1   0.9   0.3   0.7   0.5   54471.   0.7  707.   1.1   3.7 9.999   21169.   0.1    6.   0.8   0.8 9.999  0.70   2.76   0.10   4.0  3.8 0.0745 37  96   -47  22 139.0   79   -23    55  -0.4 0.007306 999999.99 99999.99 99999.99     5.72     0.32     0.08 -1
2012  73  3 2437 51 52  59  34   7.2   7.1 -24.3 349.5   6.4  -1.2  -2.9   0.3  -3.1   0.2   1.3   0.3   1.1   0.7   47422.   0.6  695.   3.1   3.6 0.029   18508.   0.1    8.   1.4   0.8 0.000  0.54   2.15   0.08   3.7  3.6 0.0851 33  96   -45  18 139.0  257  -137   120   1.2 0.007306 999999.99 99999.99 99999.99     5.55     0.33     0.08 -1
2012  73  4 2437 51 52  59  35   6.9   6.7 -21.3 338.9   5.9  -2.3  -2.4  -1.1  -3.1   0.1   1.4   0.4   1.1   0.6   69143.   0.7  676.   3.9   3.0 0.030   18714.   0.1   12.   1.2   0.8 0.000  0.60   2.10   0.12   4.1  3.9 0.0708 33  96   -46  18 139.0  317  -218    99   1.8 0.007306 999999.99 99999.99 99999.99     5.73     0.33     0.08 -1
2012  73  5 2437 51 52  60  38   6.9   6.6 -18.4 348.7   6.2  -1.2  -2.1  -0.3  -2.4   0.1   1.6   0.3   1.1   1.2   60369.   0.5  666.   2.6   3.5 9.999   22173.   0.1    8.   1.6   1.1 9.999  0.44   1.60   0.08   3.4  3.3 0.1021 33  96   -48  18 139.0  340  -261    79   1.6 0.007306 999999.99 99999.99 99999.99     5.52     0.34     0.08 -1
2012  73  6 2437 51 52  60  33   6.5   6.3  -4.2 331.4   5.5  -3.0  -0.5  -2.7  -1.5   0.2   1.9   1.0   1.4   0.8   68799.   0.5  666.   0.7   5.2 9.999   40980.   0.1    9.   1.0   1.0 9.999  0.44   1.00   0.10   3.6  3.5 0.0906 13  96   -46   5 139.0  155  -102    52   0.4 0.007306 999999.99 99999.99 99999.99     5.02     0.31     0.07 -1
2012  73  7 2437 51 52  58  32   6.5   6.3  -2.3 308.9   4.0  -4.9  -0.3  -4.6  -1.7   0.0   1.4   1.0   0.7   0.7   77427.   0.5  662.   1.4   4.1 9.999   20764.   0.1   15.   1.3   1.1 9.999  0.44   1.13   0.10   3.6  3.5 0.0917 13  96   -44   5 139.0  179  -123    56   0.2 0.007306 999999.99 99999.99 99999.99     6.27     0.42     0.08 -1
2012  73  8 2437 51 52  57  31   6.3   6.2  -3.3 319.5   4.7  -4.0  -0.4  -3.7  -1.5   0.0   1.4   1.0   0.8   0.6   75644.   0.5  629.   3.9   4.6 9.999   15037.   0.0   20.   2.0   1.4 9.999  0.40   0.94   0.11   3.5  3.4 0.0955 13  96   -43   5 139.0  228  -168    60   0.7 0.007306 999999.99 99999.99 99999.99     6.46     0.45     0.08 -1
2012  73  9 2437 51 52  61  34   6.3   6.2   0.2 314.8   4.4  -4.4   0.0  -4.3  -1.1   0.0   1.0   0.4   0.3   0.8   58914.   0.4  632.   2.4   5.0 9.999   18398.   0.1    8.   0.6   1.4 9.999  0.32   0.70   0.08   3.2  3.1 0.1182 13  96   -42   5 139.0  185  -108    77   0.8 0.007306 999999.99 99999.99 99999.99     6.15     0.44     0.09 -1
2012  73 10 2437 51 52  58  32   6.3   6.1  -5.5 317.4   4.5  -4.1  -0.6  -3.8  -1.6   0.1   1.2   0.5   0.6   0.9   48048.   0.4  619.   2.8   3.7 9.999   19713.   0.0   11.   1.1   1.0 9.999  0.31   0.99   0.07   3.1  3.0 0.1232 13  96   -37   5 139.0  253  -159    94   1.0 0.007306 999999.99 99999.99 99999.99     5.12     0.34     0.08 -1
2012  73 11 2437 51 52  56  29   6.1   5.9  -5.4 306.3   3.5  -4.8  -0.6  -4.5  -1.7   0.1   1.3   0.7   0.5   1.0   47612.   0.4  623.   1.3   2.7 0.017   15986.   0.1   15.   0.6   1.4 0.000  0.28   1.06   0.08   3.2  3.1 0.1140 13  96   -38   5 139.0  232  -157    75   1.2 0.007306 999999.99 99999.99 99999.99     5.04     0.38     0.08 -1
2012  73 12 2437 51 52  59  36   5.8   5.8  -4.1 314.7   4.0  -4.1  -0.4  -3.9  -1.4   0.0   0.8   0.4   0.5   0.5   46633.   0.4  613.   1.3   3.1 9.999   13371.   0.1    8.   0.8   0.9 9.999  0.30   0.86   0.09   3.3  3.2 0.1065 20  96   -40   7 139.0  273  -169   104   1.8 0.007306 999999.99 99999.99 99999.99     5.55     0.46     0.09 -1
2012  73 13 2437 51 52  58  35   5.5   5.1  -9.9 333.7   4.5  -2.2  -0.9  -1.9  -1.5   0.2   1.9   0.8   1.5   0.8   69719.   0.5  593.   4.2   0.6 9.999   24466.   0.1   21.   3.5   2.2 9.999  0.35   0.89   0.14   3.8  3.6 0.0819 20  96   -37   7 139.0  241  -170    71   2.8 0.007306 999999.99 99999.99 99999.99     4.45     0.36     0.08 -1
2012  73 14 2437 51 52  62  38   5.3   5.1   4.6 335.1   4.6  -2.1   0.4  -2.1  -0.2   0.0   1.4   0.6   1.1   0.7   69280.   0.4  584.   4.3   3.1 0.016   21659.   0.1   12.   2.9   2.0 0.000  0.24   0.12   0.12   3.5  3.3 0.0980 20  96   -37   7 139.0  190   -93    97   2.1 0.007306 999999.99 99999.99 99999.99     4.45     0.36     0.07 -1
2012  73 15 2437 51 52  58  31   5.2   5.1  -2.8 324.3   4.1  -3.0  -0.2  -2.8  -1.2   0.0   1.2   0.5   0.7   0.8   63790.   0.4  586.   2.0   1.0 9.999   19401.   0.1   16.   2.2   2.5 9.999  0.27   0.70   0.12   3.6  3.4 0.0937 17  96   -36   6 139.0  130   -83    47   2.8 0.007306 999999.99 99999.99 99999.99     4.10     0.31     0.07 -1
2012  73 16 2437 51 52  58  35   5.2   5.0  -1.4 322.5   3.9  -3.0  -0.1  -2.7  -1.2   0.1   1.3   0.5   0.7   1.0   64480.   0.4  578.   1.4   1.5 9.999   16136.   0.1   14.   1.8   2.8 9.999  0.27   0.69   0.12   3.5  3.3 0.0963 17  96   -35   6 139.0  217  -179    38   2.8 0.007306 999999.99 99999.99 99999.99     4.33     0.39     0.09 -1
2012  73 17 2437 51 52  63  33   5.1   4.7   5.9 316.1   3.4  -3.2   0.5  -3.1  -0.9   0.1   1.8   1.0   1.1   1.0   76251.   0.5  575.   1.3   2.1 9.999   30154.   0.1   21.   2.7   2.6 9.999  0.33   0.52   0.16   4.0  3.7 0.0749 17  96   -32   6 139.0  107   -70    37   1.8 0.007306 999999.99 99999.99 99999.99     3.43     0.37     0.13 -1
2012  73 18 2437 51 52  56  29   5.1   4.6   4.0 305.2   2.6  -3.8   0.3  -3.5  -1.5   0.1   2.0   1.0   0.9   1.5   74571.   0.5  587.  -0.2   2.3 9.999   18048.   0.1   23.   2.0   3.5 9.999  0.34   0.88   0.16   4.1  3.8 0.0718 20  96   -29   7 139.0  173  -103    70   2.7 0.007306 999999.99 99999.99 99999.99    37.34    23.82     6.58 -1
2012  73 19 2437 51 52  57  26   5.1   4.9   5.9 313.4   3.3  -3.5   0.5  -3.3  -1.3   0.0   1.5   0.7   0.6   1.2   49289.   0.5  561.   0.6   2.9 0.022   24377.   0.1   18.   2.2   2.7 0.008  0.29   0.73   0.14   3.9  3.7 0.0786 20  96   -37   7 139.0  125   -86    39   1.4 0.007306 999999.99 99999.99 99999.99   194.76    53.67     8.71 -1
2012  73 20 2437 51 52  58  28   5.1   4.9  10.8 310.6   3.1  -3.6   0.9  -3.5  -1.1   0.0   1.2   0.5   0.4   1.0   38280.   0.5  556.  -0.3   3.7 0.023    9615.   0.1   15.   1.2   2.6 0.000  0.28   0.61   0.13   3.9  3.7 0.0801 20  96   -41   7 139.0  259  -198    62   2.2 0.007306 999999.99 99999.99 99999.99   272.93    38.17     5.98 -1
2012  73 21 2437 51 52  63  30   5.0   4.6   0.8 306.6   2.7  -3.7   0.1  -3.2  -1.9   0.1   1.7   0.9   0.6   1.3   58436.   0.5  559.  -0.6   2.3 9.999   22533.   0.1   22.   1.4   3.3 9.999  0.31   1.06   0.16   4.0  3.7 0.0761 17  96   -41   6 139.0  188  -122    67   2.2 0.007306 999999.99 99999.99 99999.99   220.65    28.92     4.84 -1
2012  73 22 2437 51 52  57  28   4.8   4.6  -6.8 295.0   1.9  -4.2  -0.6  -3.2  -2.8   0.0   1.2   0.7   0.3   0.9   62021.   0.6  566.  -1.9   0.8 9.999   14332.   0.1   23.   0.8   2.2 9.999  0.38   1.58   0.21   4.6  4.2 0.0570 17  96   -42   6 139.0  252  -160    92   2.0 0.007306 999999.99 99999.99 99999.99   196.04    24.23     3.77 -1
2012  73 23 2437 51 52  61  34   4.7   4.6   1.5 299.2   2.2  -4.0   0.1  -3.4  -2.1   0.0   1.0   0.6   0.3   0.6   60582.   0.6  553.  -2.0   2.7 9.999   24677.   0.1   14.   0.7   1.6 9.999  0.37   1.16   0.21   4.6  4.2 0.0573 17  96   -44   6 139.0  215   -96   119   1.7 0.007306 999999.99 99999.99 99999.99   185.84    21.26     3.13 -1
2012  74  0 2437 51 52  55  33   4.8   4.7 -14.6 317.9   3.4  -3.0  -1.2  -1.9  -2.6   0.0   0.9   0.4   0.6   0.6   54386.   0.6  527.  -0.2  -0.5 0.031   12158.   0.1    9.   1.3   1.4 0.000  0.31   1.37   0.20   4.3  3.9 0.0658 27  85   -43  12 117.5  292  -134   158   2.1 0.007235 999999.99 99999.99 99999.99   193.39    19.93     2.69 -1
2012  74  1 2437 51 52  62  37   4.8   4.6 -20.0 296.4   1.9  -3.9  -1.6  -2.5  -3.4   0.1   1.5   1.1   0.6   0.8   49249.   0.6  528.  -0.8  -0.9 0.025   15394.   0.1   14.   0.9   1.1 0.000  0.31   1.80   0.19   4.3  3.9 0.0655 27  85   -44  12 117.5  325  -175   150   2.0 0.007235 999999.99 99999.99 99999.99   162.36    16.35     2.16 -1
2012  74  2 2437 51 52  60  31   4.8   4.6  -9.0 288.9   1.5  -4.3  -0.7  -3.4  -2.7   0.1   1.4   0.8   0.4   1.0   71242.   0.6  533.  -1.8  -0.5 0.029   38769.   0.1   13.   0.6   1.7 0.002  0.32   1.44   0.22   4.3  3.9 0.0643 27  85   -40  12 117.5  324  -148   176   1.9 0.007235 999999.99 99999.99 99999.99   126.15    12.92     1.75 -1
2012  74  3 2437 51 52  61  28   4.8   4.3   1.1 295.8   1.9  -3.9   0.1  -3.5  -1.7   0.1   2.0   1.1   0.8   1.5   88269.   0.5  540.  -1.3   2.4 0.028   45471.   0.1   18.   1.5   2.7 0.003  0.27   0.92   0.20   4.0  3.7 0.0752 20  85   -40   7 117.5  217   -67   149   1.1 0.007235 999999.99 99999.99 99999.99    94.14    11.15     1.60 -1
2012  74  4 2437 51 52  63  31   4.8   4.7  19.4 272.3   0.2  -4.4   1.6  -4.7  -0.4   0.1   0.9   0.6   0.3   0.7   47956.   0.6  558.  -2.4   4.5 0.026   29254.   0.1   12.   0.6   1.1 0.001  0.34   0.22   0.19   4.5  4.2 0.0587 20  85   -36   7 117.5  189   -83   107   0.8 0.007235 999999.99 99999.99 99999.99    77.68     9.40     1.38 -1
2012  74  5 2437 51 52  57  28   4.8   4.7   5.2 252.9  -1.4  -4.5   0.4  -4.3  -1.3   0.1   0.9   0.8   0.2   0.4   17028.   0.6  570.  -2.3   3.0 0.018    9999.   0.1   14.   0.5   1.0 0.004  0.35   0.74   0.16   4.6  4.3 0.0562 20  85   -36   7 117.5  177   -34   143   0.4 0.007235 999999.99 99999.99 99999.99    94.46     8.74     1.23 -1
2012  74  6 2437 51 52  58  33   4.8   4.6   2.1 296.6   2.1  -4.1   0.2  -3.9  -1.2   0.1   1.3   1.1   0.4   0.5   27227.   0.5  517.  -3.0   2.8 0.025   10405.   0.1   15.   0.8   0.9 0.000  0.25   0.62   0.14   3.8  3.6 0.0820 10  85   -39   4 117.5  100   -15    84   0.0 0.007235 999999.99 99999.99 99999.99    85.97     7.92     1.13 -1
2012  74  7 2437 51 52  59  32   4.9   4.7  -0.3 296.2   2.1  -4.3   0.0  -4.1  -1.3   0.1   1.0   0.7   0.4   0.6   26100.   0.6  509.  -2.5   2.1 0.022    8181.   0.1   13.   1.1   1.8 0.004  0.28   0.66   0.16   4.0  3.8 0.0735 10  85   -37   4 117.5  106   -35    71  -0.0 0.007235 999999.99 99999.99 99999.99    66.97     6.71     1.02 -1
2012  74  8 2437 51 52  60  35   4.9   4.7   3.3 285.0   1.2  -4.6   0.3  -4.5  -0.9   0.1   1.0   0.5   0.2   0.8   45798.   0.7  524.  -3.6   1.6 0.022   62006.   0.1   11.   0.4   1.5 0.007  0.35   0.47   0.21   4.5  4.1 0.0594 10  85   -37   4 117.5  154   -96    59   0.6 0.007235 999999.99 99999.99 99999.99    62.21     6.08     0.94 -1
2012  74  9 2437 51 52  59  36   5.0   4.9  10.1 289.4   1.6  -4.5   0.9  -4.6  -0.2   0.1   0.8   0.5   0.2   0.6   20524.   1.0  516.  -3.1   2.5 0.012    9352.   0.2    8.   0.4   1.1 0.003  0.47   0.10   0.25   5.2  4.7 0.0447 10  85   -34   4 117.5  122   -59    63   0.7 0.007235 999999.99 99999.99 99999.99    68.37     6.29     0.88 -1
2012  74 10 2437 51 52  63  35   5.1   4.9  11.0 283.6   1.1  -4.7   0.9  -4.8  -0.2   0.1   1.2   0.9   0.2   0.8   19292.   1.0  523.  -3.4   3.1 0.014    5102.   0.2   15.   0.6   1.3 0.002  0.48   0.10   0.24   5.1  4.7 0.0452 10  85   -31   4 117.5  113   -41    72   0.7 0.007235 999999.99 99999.99 99999.99    59.71     5.38     0.76 -1
2012  74 11 2437 51 52  60  31   5.3   5.0  -2.9 268.0  -0.2  -5.0  -0.3  -4.8  -1.5   0.1   1.6   0.5   0.2   1.5   26968.   0.9  538.  -3.9   0.7 0.015   14001.   0.2    9.   0.6   1.5 0.003  0.46   0.81   0.21   4.8  4.4 0.0513 10  85   -28   4 117.5  315  -189   126   2.0 0.007235 999999.99 99999.99 99999.99    43.25     4.27     0.66 -1
2012  74 12 2437 51 52  60  36   5.0   4.6 -13.8 277.5   0.6  -4.4  -1.1  -4.0  -2.2   0.2   1.8   0.8   0.5   1.6   44035.   0.9  530.  -3.8   0.3 0.020   11579.   0.2    9.   0.6   2.7 0.004  0.46   1.17   0.26   5.0  4.5 0.0470 20  85   -32   7 117.5  419  -228   190   3.4 0.007235 999999.99 99999.99 99999.99    40.55     3.82     0.60 -1
2012  74 13 2437 51 52  60  34   5.0   4.7 -25.5 273.0   0.2  -4.3  -2.0  -3.6  -3.1   0.1   1.4   0.5   0.5   1.3   40701.   0.8  535.  -3.6  -0.4 0.026   10136.   0.1    8.   1.1   2.3 0.003  0.42   1.66   0.23   4.8  4.4 0.0519 20  85   -35   7 117.5  324  -194   130   3.5 0.007235 999999.99 99999.99 99999.99    36.01     3.48     0.52 -1
2012  74 14 2437 51 52  57  30   5.1   4.9  -5.2 271.1   0.1  -4.9  -0.4  -4.6  -1.9   0.1   1.1   0.4   0.2   1.0   48404.   0.9  531.  -4.2   1.8 0.027   15014.   0.1    7.   0.5   1.9 0.003  0.47   1.01   0.25   4.9  4.5 0.0488 20  85   -37   7 117.5  369  -266   103   3.7 0.007235 999999.99 99999.99 99999.99    36.30     3.09     0.50 -1
2012  74 15 2437 51 52  59  33   4.7   4.5  -8.5 281.0   0.8  -4.4  -0.7  -3.9  -2.1   0.2   1.2   0.4   0.3   1.1   58218.   0.9  512.  -4.0   0.9 0.027   18501.   0.1    7.   0.4   1.5 0.004  0.44   1.08   0.32   5.2  4.6 0.0445 30  85   -35  15 117.5  431  -319   113   3.6 0.007235 999999.99 99999.99 99999.99    32.80     2.64     0.44 -1
2012  74 16 2437 51 52  60  35   5.1   4.6  14.3 281.2   0.9  -4.4   1.1  -4.5  -0.6   0.1   2.0   0.7   0.8   1.7   55779.   1.0  509.  -3.3   3.0 0.024   16644.   0.1   11.   1.3   2.0 0.002  0.47   0.31   0.29   5.0  4.5 0.0478 30  85   -36  15 117.5  343  -285    58   3.2 0.007235 999999.99 99999.99 99999.99    35.54     2.64     0.45 -1
2012  74 17 2437 51 52  61  34   4.6   4.4 -12.5 283.5   1.0  -4.2  -1.0  -3.4  -2.7   0.2   1.1   0.4   0.2   1.1   73539.   0.7  510.  -4.9   0.2 0.029   67078.   0.2    8.   1.0   1.4 0.005  0.34   1.38   0.28   4.6  4.2 0.0553 30  85   -38  15 117.5  309  -241    69   2.8 0.007235 999999.99 99999.99 99999.99    32.69     2.41     0.45 -1
2012  74 18 2437 51 52  55  32   4.5   4.1  14.6 296.2   1.8  -3.6   1.0  -3.7  -0.7   0.1   1.7   1.3   0.9   0.8   87232.   0.7  503.  -4.0   2.7 0.035   30994.   0.1   23.   1.6   1.7 0.006  0.34   0.35   0.31   4.7  4.2 0.0544 20  85   -40   7 117.5  260  -192    68   2.3 0.007235 999999.99 99999.99 99999.99    28.49     2.27     0.37 -1
2012  74 19 2437 51 52  63  35   4.8   4.6   4.0 290.7   1.6  -4.3   0.3  -3.9  -1.8   0.2   1.3   0.9   0.4   0.8   42940.   0.8  497.  -5.3   1.5 0.026   24085.   0.1   12.   0.8   1.1 0.003  0.36   0.89   0.25   4.6  4.2 0.0555 20  85   -39   7 117.5  122   -79    43   2.5 0.007235 999999.99 99999.99 99999.99    27.37     2.05     0.37 -1
2012  74 20 2437 51 52  59  32   4.8   4.6  -3.2 284.5   1.1  -4.4  -0.3  -3.6  -2.5   0.1   1.3   0.6   0.2   1.2   36491.   0.9  505.  -5.4   1.1 0.022    6640.   0.1    8.   0.8   1.6 0.004  0.42   1.26   0.27   5.0  4.5 0.0478 20  85   -41   7 117.5  275  -178    97   2.5 0.007235 999999.99 99999.99 99999.99    26.56     1.92     0.34 -1
2012  74 21 2437 51 52  58  36   4.8   4.7  -5.8 301.6   2.4  -4.0  -0.5  -3.1  -2.6   0.1   0.7   0.3   0.3   0.5   23485.   0.8  487.  -6.2   0.2 0.025    7173.   0.2    7.   0.8   0.9 0.003  0.35   1.27   0.22   4.5  4.2 0.0578 23  85   -41   9 117.5  361  -241   120   3.0 0.007235 999999.99 99999.99 99999.99    17.12     1.34     0.28 -1
2012  74 22 2437 51 52  62  32   4.8   4.7   1.1 298.9   2.3  -4.1   0.1  -3.5  -2.1   0.2   0.9   0.6   0.3   0.6   23316.   0.9  492.  -6.8   1.4 0.023    8673.   0.1   12.   0.7   1.3 0.003  0.40   1.03   0.25   4.9  4.4 0.0503 23  85   -40   9 117.5  209  -136    73   1.8 0.007235 999999.99 99999.99 99999.99    16.44     1.31     0.22 -1
2012  74 23 2437 51 52  57  34   4.9   4.6   6.0 309.1   2.9  -3.5   0.5  -3.2  -1.5   0.2   1.7   0.8   0.9   1.2   30850.   0.9  491.  -4.7   2.4 0.032   16934.   0.1   16.   1.9   2.9 0.006  0.41   0.74   0.25   4.8  4.3 0.0526 23  85   -39   9 117.5  151   -69    82   1.2 0.007235 999999.99 99999.99 99999.99    19.05     1.39     0.21 -1
