DOYhoraDstDH
352  0.0  -11  -8.6
352  1.0  -12  -8.7
352  2.0   -9  -4.0
352  3.0   -7  -2.1
352  4.0   -6  -2.2
352  5.0   -6  -5.1
352  6.0   -5  -5.8
352  7.0   -3  -7.2
352  8.0   -4  -7.1
352  9.0   -3  -7.2
352 10.0   -2  -6.0
352 11.0   -3  -5.3
352 12.0   -4  -5.9
352 13.0   -3  -6.4
352 14.0   -4  -5.2
352 15.0   -3  -8.7
352 16.0    2  -7.9
352 17.0    1 -10.6
352 18.0   -2 -10.5
352 19.0   -4  -7.2
352 20.0   -4  -6.2
352 21.0   -5  -9.1
352 22.0   -8 -10.2
352 23.0   -5   0.3
353  0.0   -2   5.8
353  1.0   -4   2.8
353  2.0   -7  -2.8
353  3.0   -9  -5.3
353  4.0   -7  -4.8
353  5.0   -5  -5.7
353  6.0   -6  -4.9
353  7.0   -6  -5.1
353  8.0   -1  -4.8
353  9.0   -2  -6.3
353 10.0   -2  -5.3
353 11.0    1  -2.9
353 12.0    3  -5.2
353 13.0    5  -3.7
353 14.0    1  -6.5
353 15.0    0 -18.4
353 16.0   16   0.2
353 17.0   19   6.2
353 18.0   39  31.5
353 19.0   36  29.2
353 20.0   31  19.3
353 21.0   41  22.9
353 22.0   43  13.0
353 23.0   40  18.0
354  0.0   30  11.8
354  1.0   20   6.2
354  2.0   10  -1.6
354  3.0   20  11.4
354  4.0    6 -27.3
354  5.0  -16  -6.4
354  6.0  -28 -38.8
354  7.0  -47 -56.4
354  8.0  -61 -59.5
354  9.0  -71 -70.2
354 10.0  -70 -63.0
354 11.0  -65 -45.9
354 12.0  -48 -23.4
354 13.0  -60 -16.8
354 14.0  -74 -26.6
354 15.0  -86 -48.0
354 16.0  -84 -54.1
354 17.0 -108-111.2
354 18.0 -118-117.6
354 19.0 -109-141.9
354 20.0 -120-167.5
354 21.0 -133-183.7
354 22.0 -155-189.0
354 23.0 -151-166.8
355  0.0 -138-167.2
355  1.0 -148-173.7
355  2.0 -142-162.6
355  3.0 -132-154.1
355  4.0 -128-143.7
355  5.0 -116 -91.5
355  6.0 -109-110.9
355  7.0 -115-110.8
355  8.0 -119 -95.3
355  9.0 -117 -96.0
355 10.0 -108 -91.7
355 11.0  -92 -71.9
355 12.0  -88 -78.8
355 13.0  -78 -68.7
355 14.0  -73 -45.9
355 15.0  -73 -39.4
355 16.0  -66 -38.5
355 17.0  -59 -44.3
355 18.0  -53 -42.3
355 19.0  -53 -37.6
355 20.0  -53 -37.8
355 21.0  -38 -25.1
355 22.0  -32 -24.8
355 23.0  -25 -29.8
356  0.0  -26 -31.1
356  1.0  -32 -37.0
356  2.0  -36 -38.7
356  3.0  -35 -35.7
356  4.0  -32 -33.9
356  5.0  -36 -37.4
356  6.0  -34 -33.7
356  7.0  -36 -34.6
356  8.0  -34 -30.5
356  9.0  -32 -28.4
356 10.0  -29 -19.3
356 11.0  -34 -27.6
356 12.0  -40 -28.0
356 13.0  -38 -26.4
356 14.0  -34 -21.6
356 15.0  -30 -17.9
356 16.0  -27 -22.6
356 17.0  -25 -29.5
356 18.0  -24 -30.1
356 19.0  -30 -27.5
356 20.0  -33 -27.0
356 21.0  -30 -26.2
356 22.0  -30 -26.0
356 23.0  -28 -25.1
357  0.0  -27 -26.1
357  1.0  -28 -25.5
357  2.0  -25 -19.8
357  3.0  -21 -16.4
357  4.0  -22 -22.2
357  5.0  -20 -20.3
357  6.0  -19 -19.7
357  7.0  -20 -16.0
357  8.0  -16 -11.6
357  9.0  -17 -18.3
357 10.0  -15 -15.9
357 11.0  -14 -16.7
357 12.0   -9  -8.0
357 13.0  -10  -9.7
357 14.0  -20 -13.2
357 15.0  -21 -10.8
357 16.0  -16 -12.1
357 17.0  -16 -12.9
357 18.0  -17 -20.8
357 19.0  -18 -13.1
357 20.0  -21 -13.8
357 21.0  -15 -12.7
357 22.0  -13 -16.2
357 23.0   -7  -8.1
358  0.0   -9 -14.1
358  1.0  -11 -14.0
358  2.0  -10 -12.0
358  3.0  -12 -13.4
358  4.0  -14 -14.5
358  5.0  -15 -15.6
358  6.0  -12  -8.7
358  7.0  -11  -7.9
358  8.0  -11  -9.9
358  9.0   -8  -9.6
358 10.0   -4  -6.3
358 11.0   -6  -7.8
358 12.0   -8  -9.3
358 13.0    0   0.9
358 14.0   -4  -1.3
358 15.0   -5   1.5
358 16.0   -3   0.2
358 17.0   -3  -8.5
358 18.0   -4 -12.7
358 19.0   -8 -11.5
358 20.0   -4  -1.5
358 21.0   -3   0.3
358 22.0   -5  -1.0
358 23.0   -7  -3.9
359  0.0   -7  -3.1
359  1.0   -6  -2.1
359  2.0   -7  -4.3
359  3.0  -10  -7.3
359  4.0   -9  -8.4
359  5.0   -8  -7.0
359  6.0   -8  -5.8
359  7.0   -8  -3.5
359  8.0   -7  -1.6
359  9.0   -6  -4.4
359 10.0   -4  -3.4
359 11.0   -3  -3.9
359 12.0   -7  -1.0
359 13.0   -4   0.4
359 14.0   -1   3.4
359 15.0   -4   6.8
359 16.0   -4  -2.6
359 17.0    3   0.9
359 18.0    5   8.4
359 19.0    3  19.0
359 20.0   -1  15.6
359 21.0   -3   9.7
359 22.0   -1   6.3
359 23.0    2   9.1
360  0.0   -2   3.0
360  1.0   -2   4.5
360  2.0   -2   2.5
360  3.0   -3   1.3
360  4.0   -1   3.5
360  5.0    2   4.3
360  6.0    1   4.4
360  7.0   -3   1.1
360  8.0   -3   3.7
360  9.0   -2   0.2
360 10.0    1   3.0
360 11.0    1   2.8
360 12.0    1   2.0
360 13.0    1  -1.6
360 14.0   -8 -12.6
360 15.0  -11 -10.8
360 16.0   -7  -7.7
360 17.0   -2   1.7
360 18.0    0   1.0
360 19.0    1  -3.5
360 20.0   -1  -1.1
360 21.0   -5 -21.1
360 22.0   -7  -7.4
360 23.0   -8  -1.9
361  0.0  -10  -5.4
361  1.0   -6  -5.5
361  2.0   -8  -6.8
361  3.0  -10  -4.2
361  4.0   -7  -4.1
361  5.0   -8  -7.0
361  6.0  -15 -14.3
361  7.0  -21  -9.4
361  8.0  -22 -14.5
361  9.0  -25 -15.8
361 10.0  -17  -9.2
361 11.0  -19 -10.8
361 12.0  -14  -8.7
361 13.0  -11  -3.3
361 14.0   -2   1.8
361 15.0   -1   7.9
361 16.0    0   4.7
361 17.0   -1  -0.2
361 18.0    1  -6.7
361 19.0    5   0.4
361 20.0    9  16.3
361 21.0   10  18.0
361 22.0   10  15.4
361 23.0    9  13.6
