DOYhoraDstDH
134  0.0  -20 -17.4
134  1.0  -18 -13.0
134  2.0  -16 -12.2
134  3.0  -17  -9.8
134  4.0  -17  -7.5
134  5.0  -17  -7.7
134  6.0  -18  -9.1
134  7.0  -18 -12.4
134  8.0  -16  -9.3
134  9.0  -16  -9.4
134 10.0  -20 -15.6
134 11.0  -19 -17.6
134 12.0  -19 -17.7
134 13.0  -19 -14.4
134 14.0  -20 -15.2
134 15.0  -21 -14.6
134 16.0  -21 -12.6
134 17.0  -20 -12.8
134 18.0  -23 -17.1
134 19.0  -28 -22.5
134 20.0  -26   NaN
134 21.0  -19   NaN
134 22.0  -14 -16.8
134 23.0  -11 -19.4
135  0.0  -14 -18.1
135  1.0  -12  -9.7
135  2.0   11  16.7
135  3.0   52  58.7
135  4.0   42  40.2
135  5.0   37  29.4
135  6.0  -58  -7.4
135  7.0 -229-198.6
135  8.0 -247-206.6
135  9.0 -222-184.7
135 10.0 -184-157.0
135 11.0 -175-160.0
135 12.0 -162-142.9
135 13.0 -157-142.6
135 14.0 -146-138.6
135 15.0 -135-128.6
135 16.0 -118-103.2
135 17.0 -100 -82.1
135 18.0 -105 -82.5
135 19.0 -115 -88.8
135 20.0 -120 -99.4
135 21.0 -108-109.7
135 22.0  -94 -95.7
135 23.0 -102-105.8
136  0.0  -99 -99.5
136  1.0 -101   NaN
136  2.0  -99-104.7
136  3.0  -99-100.6
136  4.0  -97 -85.6
136  5.0  -91 -58.0
136  6.0  -97 -54.1
136  7.0  -87 -66.7
136  8.0  -87 -64.0
136  9.0  -88 -69.4
136 10.0  -86 -73.3
136 11.0  -88 -80.0
136 12.0  -85 -78.3
136 13.0  -83 -82.3
136 14.0  -81 -87.1
136 15.0  -82 -90.7
136 16.0  -78 -77.1
136 17.0  -74 -57.3
136 18.0  -70 -49.8
136 19.0  -71 -52.5
136 20.0  -74 -67.5
136 21.0  -77 -79.3
136 22.0  -76 -77.9
136 23.0  -71 -74.7
137  0.0  -66 -56.0
137  1.0  -65 -55.5
137  2.0  -67 -62.7
137  3.0  -68 -60.4
137  4.0  -74 -67.1
137  5.0  -80   NaN
137  6.0  -76 -43.2
137  7.0  -72 -46.6
137  8.0  -69 -45.0
137  9.0  -65 -52.5
137 10.0  -64 -54.6
137 11.0  -63 -50.0
137 12.0  -65 -46.2
137 13.0  -66 -47.5
137 14.0  -64 -46.2
137 15.0  -59 -44.9
137 16.0  -63 -58.9
137 17.0  -69 -70.4
137 18.0  -72 -72.9
137 19.0  -70 -66.1
137 20.0  -64 -65.0
137 21.0  -63 -56.1
137 22.0  -61 -59.0
137 23.0  -58 -56.3
138  0.0  -59 -52.0
138  1.0  -63 -53.1
138  2.0  -64 -54.8
138  3.0  -64 -51.5
138  4.0  -62 -46.7
138  5.0  -59 -42.7
138  6.0  -55 -29.0
138  7.0  -53 -25.6
138  8.0  -53 -27.7
138  9.0  -49 -28.1
138 10.0  -49 -27.9
138 11.0  -49 -25.5
138 12.0  -50 -31.8
138 13.0  -49 -21.1
138 14.0  -48 -20.2
138 15.0  -46 -16.3
138 16.0  -49 -17.3
138 17.0  -48 -18.7
138 18.0  -49 -28.6
138 19.0  -49 -33.1
138 20.0  -49 -45.9
138 21.0  -45 -37.0
138 22.0  -41 -35.2
138 23.0  -39 -29.8
