DOYhoraDstDH
311  0.0    6   6.9
311  1.0    6   6.9
311  2.0    6   6.3
311  3.0    5   4.8
311  4.0    4   3.8
311  5.0    6   3.4
311  6.0    7   2.5
311  7.0    7   1.8
311  8.0    6  -0.6
311  9.0    6   0.3
311 10.0    6  -6.6
311 11.0    6  -5.0
311 12.0    7  -1.9
311 13.0    7  -8.6
311 14.0    5  -8.1
311 15.0    5  -7.2
311 16.0    4  -4.5
311 17.0    5  -3.3
311 18.0    6  -8.9
311 19.0    1 -10.7
311 20.0    2  -4.9
311 21.0    5   0.4
311 22.0    7   2.8
311 23.0   10   2.6
312  0.0   12   2.6
312  1.0    9   0.5
312  2.0    8  -1.3
312  3.0   19  11.2
312  4.0   14   0.8
312  5.0   16   1.1
312  6.0   17   1.5
312  7.0   16   3.8
312  8.0   17   4.9
312  9.0   16   5.8
312 10.0   25   6.3
312 11.0   50  36.3
312 12.0   55  46.8
312 13.0   44  31.9
312 14.0   43  37.0
312 15.0   30  16.1
312 16.0    8 -13.4
312 17.0  -15 -12.9
312 18.0   18  18.1
312 19.0   61  80.6
312 20.0   22  41.4
312 21.0  -74 -81.9
312 22.0  -77-113.1
312 23.0 -117-170.4
313  0.0 -179-279.8
313  1.0 -186-275.1
313  2.0 -224-302.3
313  3.0 -272-311.7
313  4.0 -342-398.5
313  5.0 -368-329.9
313  6.0 -374-359.2
313  7.0 -343-321.2
313  8.0 -320-196.8
313  9.0 -299-183.6
313 10.0 -234-137.9
313 11.0 -215-147.4
313 12.0 -181-148.4
313 13.0 -168-153.8
313 14.0 -160-154.8
313 15.0 -149-151.9
313 16.0 -145-145.0
313 17.0 -135-135.4
313 18.0 -128-135.8
313 19.0 -125-151.9
313 20.0 -125-146.4
313 21.0 -118-135.9
313 22.0 -122-132.2
313 23.0 -126-144.8
314  0.0 -127-138.5
314  1.0 -129-136.1
314  2.0 -129-136.9
314  3.0 -122-104.2
314  4.0 -125-125.7
314  5.0 -118 -93.7
314  6.0 -116 -91.1
314  7.0 -103 -78.2
314  8.0 -104 -78.2
314  9.0  -93 -68.3
314 10.0  -78 -35.4
314 11.0  -70 -62.6
314 12.0  -92 -72.8
314 13.0 -106 -93.6
314 14.0 -118-111.3
314 15.0 -138-101.8
314 16.0 -139-107.7
314 17.0 -129-130.7
314 18.0 -110-132.7
314 19.0 -106-142.6
314 20.0 -181-279.1
314 21.0 -214-251.1
314 22.0 -182-166.4
314 23.0 -173-167.6
315  0.0 -151-154.2
315  1.0 -135-139.8
315  2.0 -148-184.2
315  3.0 -155-197.1
315  4.0 -152-131.0
315  5.0 -197-175.7
315  6.0 -240-241.2
315  7.0 -259-177.5
315  8.0 -258-137.3
315  9.0 -258-129.5
315 10.0 -263-155.8
315 11.0 -232-123.2
315 12.0 -234-126.1
315 13.0 -206-170.9
315 14.0 -176-148.4
315 15.0 -171-177.3
315 16.0 -164-170.4
315 17.0 -135-170.3
315 18.0 -118-149.7
315 19.0 -122-135.6
315 20.0 -120-133.5
315 21.0 -118-133.1
315 22.0 -112-113.7
315 23.0 -109-113.1
316  0.0 -105-112.9
316  1.0  -97-100.3
316  2.0  -97-102.5
316  3.0  -97-101.3
316  4.0 -103-103.1
316  5.0 -106 -80.1
316  6.0 -103 -94.6
316  7.0  -99 -88.6
316  8.0  -90 -77.6
316  9.0  -80 -76.2
316 10.0  -85 -84.3
316 11.0  -82 -85.2
316 12.0  -76 -78.8
316 13.0  -77 -77.2
316 14.0  -81 -82.5
316 15.0  -75 -84.2
316 16.0  -73 -80.7
316 17.0  -58 -62.4
316 18.0  -52 -55.1
316 19.0  -61 -61.5
316 20.0  -59 -54.7
316 21.0  -44 -42.2
316 22.0  -40 -28.6
316 23.0  -46 -44.4
317  0.0  -60 -70.5
317  1.0  -64 -75.9
317  2.0  -68 -75.5
317  3.0  -82-104.8
317  4.0  -80-102.5
317  5.0  -73 -70.6
317  6.0  -62 -68.0
317  7.0  -51 -63.0
317  8.0  -62 -66.7
317  9.0  -83 -65.1
317 10.0  -92 -84.1
317 11.0  -87 -91.8
317 12.0  -80 -86.1
317 13.0  -74 -84.1
317 14.0  -63 -67.0
317 15.0  -61 -68.3
317 16.0  -71 -75.3
317 17.0  -71 -75.9
317 18.0  -69 -79.5
317 19.0  -78 -85.0
317 20.0  -81 -87.1
317 21.0  -80 -92.6
317 22.0  -71 -76.1
317 23.0  -67 -69.6
318  0.0  -64 -67.0
318  1.0  -64 -67.0
318  2.0  -64 -64.6
318  3.0  -64 -69.4
318  4.0  -61 -65.1
318  5.0  -59 -64.9
318  6.0  -59 -58.9
318  7.0  -58 -51.4
318  8.0  -60 -60.7
318  9.0  -58 -62.7
318 10.0  -55 -63.7
318 11.0  -51 -61.7
318 12.0  -51 -56.4
318 13.0  -49 -59.0
318 14.0  -48 -54.9
318 15.0  -48 -59.4
318 16.0  -51 -66.1
318 17.0  -50 -58.2
318 18.0  -48 -52.1
318 19.0  -48 -48.0
318 20.0  -51 -46.8
318 21.0  -52 -47.7
318 22.0  -49 -42.8
318 23.0  -44 -43.6
319  0.0  -48 -51.4
319  1.0  -58 -68.7
319  2.0  -58 -61.8
319  3.0  -58 -61.7
319  4.0  -56 -63.1
319  5.0  -53 -60.3
319  6.0  -52 -57.3
319  7.0  -57 -56.5
319  8.0  -57 -52.8
319  9.0  -54 -51.0
319 10.0  -54 -57.0
319 11.0  -53 -53.2
319 12.0  -52 -52.8
319 13.0  -51 -57.3
319 14.0  -48 -62.1
319 15.0  -45 -63.3
319 16.0  -44 -55.1
319 17.0  -41 -49.6
319 18.0  -43 -50.5
319 19.0  -44 -49.5
319 20.0  -44 -47.6
319 21.0  -42 -42.5
319 22.0  -41 -38.8
319 23.0  -40 -35.1
