27486.5859
27487.2305
27487.6113
27487.7305
27487.8613
27488.0410
27488.5312
27489.2227
27489.4023
27489.7031
27489.9824
27490.3613
27490.3340
27490.5117
27490.5332
27490.6152
27490.4746
27490.1230
27489.7852
27489.6055
27489.2656
27489.4473
27489.2871
27489.2363
27488.8672
27488.7871
27488.8691
27488.6680
27488.4883
27488.4590
27488.5977
27488.4492
27488.5391
27488.7793
27488.8867
27489.1875
27489.1582
27489.4277
27489.4277
27489.4883
27489.4883
27489.7363
27489.9980
27489.9668
27489.9668
27490.3574
27490.4473
27490.3477
27490.6953
27490.5859
27490.5957
27490.9258
27490.4980
27490.9258
27491.0566
27491.2168
27491.3066
27491.2266
27491.2578
27491.5059
27491.6270
27491.4961
27491.7188
27491.9180
27492.1973
27492.3086
27492.4570
27492.7578
27493.2070
27493.1465
27493.0566
27493.2773
27493.3164
27493.7266
27493.7070
27493.7266
27493.7168
27493.7969
27493.8066
27494.0664
27493.8652
27493.9551
27493.8164
27493.9551
27493.9961
27494.2461
27494.0879
27493.9961
27493.9766
27494.0879
27494.0879
27494.0273
27493.9961
27493.9180
27493.8184
27493.7383
27493.5996
27493.9082
27493.5684
27493.4492
27493.3906
27493.5996
27493.5000
27493.5801
27493.7715
27493.7012
27493.7910
27494.0293
27493.9395
27494.2988
27494.0605
27494.3086
27494.4980
27494.3984
27494.4980
27494.6680
27494.5996
27494.5898
27494.6309
27494.3418
27494.5293
27494.7793
27494.8789
27495.0586
27494.9199
27494.9883
27495.1016
27495.1016
27495.5605
27495.7285
27495.8281
27496.0977
27496.2559
27496.3555
27496.3652
27496.6348
27496.5762
27496.6562
27496.5566
27496.4668
27496.6758
27496.6191
27496.5879
27496.5977
27496.6191
27496.4395
27496.7969
27496.7969
27497.0977
27497.1660
27497.0664
27497.2656
27497.3555
27497.5469
27497.6777
27497.9355
27497.8457
27498.0566
27498.0352
27498.1250
27498.3242
27498.3457
27498.6250
27498.8047
27499.0840
27499.2305
27499.2520
27499.5312
27499.4414
27499.5098
27499.7793
27499.7793
27499.8691
27499.8691
27499.7695
27499.9473
27500.0566
27500.0254
27500.2168
27500.0469
27500.2266
27500.2168
27500.1367
27500.0156
27500.0469
27500.1250
27500.2734
27500.2051
27500.2949
27500.1855
27500.1055
27500.0371
27499.7695
27499.7695
27500.0371
27499.7793
27499.8379
27499.9570
27499.7910
27499.7910
27500.0469
27500.1250
27500.1250
27500.3047
27500.2363
27500.4043
27500.2168
27500.3047
27500.0566
27499.9785
27500.2363
27500.0684
27500.2578
27500.3359
27500.4941
27500.4355
27500.5039
27500.6836
27500.2480
27500.3691
27500.2363
27500.3359
27500.2695
27500.2793
27500.3359
27500.3691
27500.4258
27500.6250
27500.6953
27500.7148
27500.7148
27500.6035
27500.7051
27500.6836
27500.6934
27500.5820
27500.9609
27501.0176
27501.4961
27501.4746
27501.7656
27501.5977
27501.7871
27501.7871
27501.7754
27501.9746
27501.7871
27501.9746
27501.6973
27501.7969
27501.7656
27501.5059
27501.5176
27501.4961
27501.6191
27501.5391
27501.4824
27501.3262
27501.5254
27501.4004
27501.3535
27501.4648
27501.2383
27501.4727
27501.3828
27501.4570
27501.4668
27501.7012
27501.7129
27501.9902
27502.0117
27501.9785
27502.0332
27502.0000
27501.8691
27501.9570
27501.9473
27501.9141
27501.9355
27502.0059
27501.9941
27502.0195
27502.0195
27502.0859
27501.9336
27501.9121
27502.0215
27501.9453
27501.9883
27501.6660
27501.6211
27501.3340
27501.1113
27501.3887
27501.2891
27501.3789
27501.3789
27501.5352
27501.5137
27501.2461
27501.2363
27501.0352
27501.1914
27501.1816
27501.0898
27501.2148
27501.1602
27501.2598
27501.2598
27501.5586
27501.4688
27501.6699
27501.8477
27501.5684
27501.6484
27501.6484
27501.5352
27501.5469
27501.8047
27501.7051
27501.7930
27501.8594
27501.8496
27501.6504
27501.6270
27501.4160
27501.6719
27501.3828
27501.3613
27501.3828
27501.4512
27501.3926
27501.5840
27501.4258
27501.4590
27501.3691
27501.4922
27501.4922
27501.5820
27501.5234
27501.5234
27501.4688
27501.2910
27501.2910
27501.3789
27501.2793
27501.1914
27501.0781
27501.0000
27501.1562
27501.2012
27501.2012
27501.1582
27501.1680
27501.1367
27501.0449
27501.0234
27500.9238
27500.8906
27500.9570
27500.8574
27500.9453
27500.9238
27501.0039
27500.9023
27501.0703
27501.0586
27501.1465
27501.2246
27501.3242
27501.3125
27501.3926
27501.5801
27501.5801
27501.5801
27501.5918
27501.6797
27501.6016
27501.6133
27501.5469
27501.5234
27501.4355
27501.4238
27501.3125
27501.3125
27501.1230
27501.0234
27501.0117
27500.9785
27500.9785
27500.9902
27500.8789
27500.7012
27500.7012
27500.6895
27500.6777
27500.8457
27500.6660
27500.6445
27500.5215
27500.5996
27500.5117
27500.5996
27500.6758
27500.6328
27500.6992
27500.7773
27500.7773
27500.6875
27500.6094
27500.7109
27500.7207
27500.8203
27500.7871
27500.7539
27500.8086
27500.9512
27501.2305
27501.3184
27501.2285
27501.2402
27501.3516
27501.4277
27501.6074
27501.7832
27501.6055
27501.6172
27501.6387
27501.5391
27501.6387
27501.2832
27501.4824
27501.4160
27501.5273
27501.6172
27501.7051
27501.7168
27501.6504
27501.3945
27501.2285
27501.4277
27501.6953
27501.7168
27501.4609
27501.3613
27501.2500
27501.2500
27501.4043
27501.6699
27501.7480
27501.9902
27502.2344
27502.4121
27502.4102
27502.3223
27502.1680
27502.0684
27502.0234
27501.9668
27501.8770
27501.7012
27501.7461
27501.4648
27501.3574
27501.2461
27501.2109
27501.0449
27501.2227
27501.3105
27501.3105
27501.2109
27501.1758
27501.3633
27501.3633
27501.3633
27501.5078
27501.6523
27501.6523
27501.6289
27501.7520
27501.9512
27502.1523
27502.2637
27502.5527
27502.5859
27502.6426
27503.0742
27503.4102
27503.4551
27503.7559
27503.9766
27504.0000
27504.0000
27503.9336
27503.8125
27503.8223
27504.1113
27504.1211
27504.2207
27504.2207
27504.2891
27504.4102
27504.3340
27504.3867
27504.4219
27504.4336
27504.5547
27504.6543
27504.9434
27505.3105
27505.2422
27505.3672
27505.3770
27505.2344
27504.9805
27504.8145
27504.6484
27504.5840
27504.6836
27504.5938
27504.4160
27504.4043
27504.4160
27504.3281
27504.6172
27504.9824
27505.0605
27505.2363
27505.3359
27505.3594
27505.3809
27505.4043
27505.4395
27505.4609
27505.6621
27505.7500
27505.6738
27505.7734
27505.7734
27505.6973
27505.7734
27505.7734
27505.7852
27505.7852
27505.8613
27505.8848
27505.8086
27505.8320
27505.7656
27505.7891
27505.8770
27505.8652
27505.6875
27505.6113
27505.5469
27505.4590
27505.6113
27505.8770
27505.9883
27506.1641
27506.1641
27506.2188
27506.1074
27506.0957
27506.4375
27506.6152
27506.7031
27506.6035
27506.6914
27506.7676
27506.9453
27506.8672
27506.7148
27506.7383
27506.7852
27506.7305
27506.7773
27506.6992
27506.6992
27506.6348
27506.6582
27506.4824
27506.5586
27506.2930
27506.1055
27506.0059
27506.0059
27506.0176
27506.1055
27506.3711
27506.3945
27506.6582
27506.6699
27506.7344
27506.6465
27506.9004
27506.8242
27506.9121
27506.9004
27506.8770
27506.7109
27506.8125
27506.8887
27506.9883
27506.9648
27506.9004
27506.8477
27506.4941
27506.5469
27506.3164
27506.2812
27506.3711
27506.2812
27506.2930
27505.8945
27506.2930
27506.4062
27506.1582
27506.3711
27506.5703
27506.7402
27506.4180
27506.8594
27506.7461
27506.9355
27507.1113
27507.3047
27507.5586
27507.4062
27507.7344
27507.6953
27507.5762
27507.7227
27507.2656
27507.3398
27507.0938
27507.0820
27507.2695
27507.1855
27507.4473
27507.1875
27507.4648
27507.5234
27507.7305
27508.0469
27508.4863
27508.9062
27508.6836
27508.6348
27509.0996
27509.1836
27509.2949
27509.1523
27509.3633
27508.9980
27508.9629
27508.7988
27509.0410
27509.1289
27509.1406
27509.1172
27509.1035
27508.9629
27508.6992
27508.6699
27508.7051
27508.5762
27508.5879
27508.5352
27508.5703
27508.6582
27508.5078
27508.5586
27508.8242
27508.8008
27508.6875
27508.7422
27508.7656
27508.7891
27508.7285
27508.7656
27508.7285
27508.3887
27508.4414
27508.4160
27508.5156
27508.3281
27507.8770
27508.1152
27508.1387
27508.0527
27508.0527
27507.7656
27507.6523
27507.4004
27507.6523
27507.5879
27507.5000
27507.2461
27507.0840
27507.4238
27507.1992
27507.1992
27507.1875
27507.2891
27507.0996
27507.2773
27507.0234
27507.1113
27506.7715
27506.7832
27506.9121
27506.9355
27506.7598
27506.9238
27506.7598
27506.9238
27506.8242
27506.6719
27506.9355
27506.5605
27507.0645
27506.6113
27507.0645
27507.2520
27507.6035
27507.6504
27507.4277
27507.5273
27507.7285
27507.9785
27507.9199
27507.8320
27508.0840
27508.0840
27508.0469
27508.1602
27508.4590
27508.5234
27508.5605
27508.5469
27508.4941
27508.4570
27508.5840
27508.6582
27508.4180
27508.3066
27508.5840
27508.6582
27508.7832
27508.8184
27508.8555
27508.7676
27508.9941
27508.9297
27508.6426
27509.1699
27509.0703
27509.3340
27509.6855
27509.2207
27509.5215
27509.5723
27509.7598
27509.7715
27510.1992
27510.1875
27510.0000
27510.2500
27510.2500
27510.4277
27510.1504
27510.4902
27510.2129
27510.2383
27510.1016
27510.5273
27510.2656
27510.5781
27510.4043
27510.3398
27510.3672
27510.1152
27510.4297
27510.3164
27510.1152
27510.4414
27510.4668
27510.7812
27510.6172
27510.6074
27510.4805
27510.6797
27510.5801
27510.4160
27510.5684
27510.5938
27510.5684
27510.2793
27510.3906
27510.4395
27510.4785
27510.4785
27510.5020
27510.2520
27510.3262
27510.2402
27510.0391
27510.0508
27510.5742
27510.5898
27510.5859
27510.4258
27509.5898
27509.6523
27509.9023
27510.1777
27509.9141
27509.7012
27509.9648
27509.8652
27509.7520
27509.8633
27509.8398
27510.0527
27509.6016
27509.4004
27509.8379
27509.6016
27509.5762
27509.7637
27509.4883
27509.5879
27509.4629
27509.2617
27509.1738
27508.9863
27508.6484
27508.6367
27508.7109
27508.5234
27508.4336
27508.6484
27508.6094
27508.6094
27508.3340
27508.2598
27508.3086
27508.1094
27508.0469
27507.8457
27507.9844
27507.6465
27508.0586
27507.7832
27507.9590
27508.0469
27507.7324
27507.9590
27507.7578
27507.7578
27507.7578
27507.8086
27507.5195
27507.6562
27507.5566
27507.7188
27507.4570
27507.4453
27507.4199
27507.6934
27507.6934
27507.5176
27507.7695
27507.5430
27507.8438
27507.7168
27507.9297
27507.6172
27507.7676
27507.9551
27507.9668
27507.7910
27508.0156
27507.8535
27508.1152
27507.8652
27508.4023
27508.1387
27508.4023
27508.2637
27508.7012
27508.5391
27508.7891
27508.5254
27508.7148
27508.6992
27508.7754
27508.8125
27508.9375
27509.0742
27509.3125
27509.3496
27509.3750
27509.2598
27509.4121
27509.4746
27509.5977
27509.5352
27509.5859
27509.4473
27509.3594
27509.3594
27509.2598
27509.0723
27508.9980
27509.2344
27508.9844
27508.8086
27508.8457
27508.9844
27508.4961
27508.4961
27508.5977
27508.2598
27508.3594
27508.2852
27508.1348
27508.0352
27508.1719
27508.0586
27508.1973
27508.2090
27507.9609
27508.0117
27507.9844
27507.5859
27507.7734
27507.9863
27508.0605
27508.0605
27508.0352
27507.9863
27508.0098
27508.2988
27508.1230
27508.1230
27508.3730
27508.2227
27508.8105
27508.4609
27508.6367
27508.7871
27508.8008
27508.5508
27508.8125
27509.0625
27509.2266
27509.3027
27509.5645
27509.3906
27509.3906
27509.6660
27509.6055
27509.6914
27509.4297
27509.6172
27509.4160
27509.4668
27509.7695
27509.9062
27510.1445
27509.9199
27509.8457
27509.9961
27510.0078
27510.1699
27510.1562
27509.6348
27510.1094
27510.3359
27510.2461
27510.0859
27510.0469
27510.1348
27510.2480
27509.9609
27510.0254
27510.1992
27510.0508
27510.0254
27510.0391
27510.2246
27510.0137
27510.1387
27509.9883
27509.8770
27509.8516
27509.9004
27509.7871
27509.9277
27509.7383
27510.0137
27509.8125
27510.3379
27510.1992
27509.9766
27510.3125
27510.2871
27510.2871
27510.2246
27510.2500
27510.2871
27510.4004
27510.6348
27511.0703
27510.7852
27511.1465
27511.1211
27511.2461
27511.4336
27511.5469
27511.8730
27512.0723
27512.5332
27512.4082
27512.5703
27512.8086
27512.8438
27512.9180
27513.0547
27513.2637
27513.2500
27513.2363
27513.3496
27513.5215
27513.7852
27513.7227
27513.8223
27513.9102
27513.8711
27513.7969
27513.7227
27513.6855
27513.6973
27513.5957
27513.0957
27513.3164
27513.2520
27513.0898
27513.2988
27513.2734
27513.1738
27513.0566
27512.8965
27513.0039
27512.8926
27512.9043
27512.9395
27513.0527
27513.0762
27513.1484
27512.8867
27513.2051
27513.1406
27513.1797
27513.3281
27513.2402
27513.2520
27513.6230
27513.3750
27513.2617
27513.3887
27513.7363
27513.8867
27513.8516
27513.6387
27513.8164
27513.8516
27513.7637
27514.0371
27514.3730
27514.5859
27514.4121
27514.5059
27514.6426
27514.4922
27514.5059
27514.7402
27514.7676
27514.9141
27514.8008
27514.8750
27514.9082
27514.4004
27514.3477
27514.6602
27514.4648
27514.1133
27514.1992
27514.0371
27514.1113
27514.2852
27514.3242
27514.3105
27514.3320
27514.1582
27513.9316
27514.3789
27514.5137
27514.3750
27514.3223
27514.1680
27514.2812
27513.9941
27514.0020
27513.9102
27514.1172
27513.9648
27514.0391
27513.7715
27513.9336
27514.0195
27513.9199
27513.9395
27514.2012
27514.2734
27514.3379
27514.4121
27514.6992
27514.3711
27514.4434
27514.7773
27514.2578
27514.5684
27514.2168
27514.2168
27514.0410
27514.0273
27514.0410
27514.0137
27513.8789
27513.9395
27513.7520
27513.8516
27513.7637
27513.6914
27513.8242
27513.7031
27513.7637
27513.4492
27513.7090
27513.7344
27513.6797
27514.0312
27514.0586
27513.9316
27513.7969
27513.8965
27513.9961
27513.7676
27513.6816
27513.5820
27513.5879
27513.4492
27513.6426
27513.1562
27513.1289
27512.9062
27512.7344
27512.3652
27512.3301
27512.0840
27512.0898
27511.6895
27511.9238
27511.3496
27511.4355
27511.4492
27511.4160
27511.4277
27511.1543
27511.1523
27510.9316
27511.1191
27510.7246
27510.7520
27510.3906
27510.5234
27510.4961
27510.4824
27509.9883
27510.1543
27509.8945
27509.9941
27509.9551
27509.8672
27510.3145
27510.1797
27510.3008
27510.4121
27510.0938
27509.9180
27510.1992
27509.8652
27509.9512
27510.1172
27509.7715
27509.9023
27509.6445
27509.6504
27509.5957
27509.3418
27509.1152
27509.1738
27508.8926
27509.2402
27508.9668
27509.0996
27509.0176
27509.1914
27509.1504
27509.0625
27508.8770
27508.8496
27508.7012
27508.7148
27508.4473
27508.3750
27508.0742
27508.2539
27508.2266
27507.8145
27508.0996
27507.9453
27508.5039
27507.9316
27508.1367
27507.7637
27506.8887
27507.1816
27507.2578
27507.1680
27507.1133
27507.9238
27506.6250
27506.6660
27506.1504
27506.3691
27505.8906
27505.8496
27506.1758
27505.3691
27505.8105
27505.6562
27505.8105
27505.9551
27505.4219
27505.6133
27505.1992
27505.1133
27505.0723
27505.1230
27505.3418
27505.3730
27505.1172
27505.1914
27505.2363
27505.2676
27505.0684
27505.0410
27505.0273
27504.9590
27504.9707
27504.9844
27505.0430
27504.9746
27504.8340
27504.7520
27504.6230
27504.7500
27504.6348
27504.7207
27504.6055
27504.7656
27504.4062
27504.6641
27504.3086
27504.6543
27504.5645
27504.2930
27504.4336
27504.6602
27504.4727
27504.3281
27504.2852
27504.1719
27503.6934
27503.7930
27503.8340
27503.2988
27503.6719
27503.4004
27503.6836
27503.1484
27503.6211
27503.1602
27503.4180
27503.0742
27503.0996
27502.9668
27502.7090
27502.8789
27502.5059
27502.9648
27502.7207
27502.7051
27503.2090
27503.0449
27503.1035
27503.3887
27503.2891
27503.5605
27503.4004
27503.4277
27503.4961
27503.3105
27503.5781
27503.3438
27503.4590
27503.5586
27503.4570
27503.3555
27503.6875
27503.4785
27503.4043
27503.4355
27503.3359
27503.3613
27503.2832
27503.4844
27503.1172
27503.4570
27503.5391
27503.7402
27503.6211
27503.7812
27503.8652
27503.6055
27503.4609
27503.7930
27504.2227
27503.6602
27503.9453
27504.2305
27504.3457
27504.6172
27504.8184
27505.2617
27505.3750
27505.3301
27505.7598
27505.6719
27505.5000
27505.4727
27505.9043
27505.4297
27505.7168
27505.7578
27505.9727
27505.7578
27505.7832
27505.9141
27505.8965
27505.8105
27505.8379
27505.7227
27505.8945
27505.8945
27506.2402
27506.4512
27506.0938
27506.5098
27505.9785
27506.3379
27506.4219
27506.6953
27506.7500
27506.7070
27506.5352
27506.7617
27506.4746
27506.6875
27506.1855
27505.9727
27505.9277
27506.0410
27505.6816
27506.0254
27505.8789
27505.9531
27505.9258
27506.2676
27506.0820
27506.0234
27505.8535
27505.9922
27506.3359
27505.8613
27506.3477
27506.2070
27506.2754
27506.0488
27506.1055
27505.9648
27506.0918
27505.9766
27506.2617
27506.2168
27506.2891
27506.1016
27506.3887
27506.4453
27506.3711
27506.8008
27506.5156
27506.9297
27506.6562
27506.8730
27506.8730
27506.8867
27507.3164
27507.1426
27507.5586
27507.2441
27507.5020
27507.7441
27507.5430
27507.7715
27507.7285
