27468.3574
27468.5703
27468.7402
27468.8652
27468.8242
27468.6523
27468.7402
27468.5410
27468.8125
27468.8555
27469.1367
27468.6250
27469.2227
27469.0508
27469.0508
27468.9395
27469.1816
27469.2363
27469.2930
27469.3223
27469.5352
27469.1680
27469.2402
27469.3105
27469.5234
27469.6914
27469.7754
27469.8340
27470.0879
27469.9336
27470.2305
27470.4844
27470.6543
27470.8262
27470.8691
27470.6270
27470.5508
27470.8359
27470.7090
27470.9902
27470.7480
27470.9062
27471.1309
27471.0312
27470.9062
27471.3047
27471.1641
27471.2617
27471.1035
27471.1211
27471.3359
27471.5781
27472.0195
27471.9785
27472.2207
27472.5625
27472.5215
27472.6973
27472.7969
27472.4531
27472.7539
27472.7266
27472.4844
27472.5254
27472.5801
27472.3789
27472.3926
27472.4062
27472.2461
27472.3047
27472.3301
27472.2891
27472.4883
27472.3477
27472.6055
27472.3633
27472.4883
27472.7090
27472.9316
27472.7734
27472.5488
27472.4316
27472.4766
27472.7051
27472.7930
27472.6816
27472.5527
27472.6523
27472.7988
27472.8242
27473.0234
27473.0938
27473.0488
27472.9375
27472.8945
27472.7129
27472.5117
27472.5996
27472.4004
27472.3535
27472.3887
27472.3594
27472.3477
27472.5879
27472.5410
27472.4883
27472.4004
27472.2715
27472.0410
27472.0801
27471.8672
27472.0801
27471.7500
27471.7969
27471.5977
27471.6855
27471.5430
27471.5020
27471.4609
27471.1191
27471.3203
27471.1660
27471.0371
27470.8242
27470.5117
27470.5996
27470.3887
27469.8047
27469.8770
27469.6641
27469.4102
27469.2871
27469.1875
27469.0742
27469.7695
27469.1230
27469.2344
27469.0762
27469.0879
27469.1172
27469.2305
27469.4121
27469.3535
27469.2422
27469.5430
27469.1719
27469.1426
27469.1309
27468.9609
27468.8613
27468.6191
27468.5195
27468.5723
27468.2188
27468.3203
27467.9668
27467.9375
27467.6562
27467.8262
27467.8262
27467.9141
27467.9023
27467.8320
27467.7031
27467.6191
27467.5488
27467.2969
27467.3965
27467.0859
27467.0977
27466.8848
27466.9688
27466.8281
27466.6387
27466.5410
27466.2227
27466.5234
27466.1992
27466.2695
27466.2871
27466.3457
27466.2344
27466.2520
27466.0117
27466.0410
27466.1406
27466.1113
27466.0996
27465.9434
27466.2539
27466.0430
27466.2012
27466.2422
27465.9082
27466.1484
27465.8965
27465.9668
27465.9258
27465.8555
27465.7559
27465.5078
27465.7500
27465.4980
27465.4512
27465.5273
27465.3809
27465.2695
27465.2871
27464.9395
27465.0000
27464.6582
27464.7832
27464.7578
27464.7715
27464.5605
27464.8301
27464.6191
27464.9609
27464.6777
27464.7891
27464.6895
27464.5898
27464.6914
27464.5918
27464.5391
27464.4688
27464.5098
27464.4980
27464.0703
27464.2695
27464.3398
27464.2402
27463.9590
27464.0703
27463.9297
27464.0293
27464.1309
27463.6367
27463.8789
27463.5137
27463.5957
27463.4434
27463.1621
27463.2910
27462.7090
27462.9629
27462.3281
27462.5996
27462.1777
27462.4883
27462.1484
27461.4023
27461.7559
27461.6133
27462.2891
27461.8262
27462.3613
27463.1973
27463.0137
27462.9141
27463.0137
27462.8750
27463.1562
27462.9746
27463.4277
27463.3867
27463.3984
27463.4570
27463.5293
27463.5586
27463.3184
27463.7129
27463.5410
27463.0195
27463.3008
27462.8789
27462.8066
27463.2031
27463.1211
27463.0898
27463.4727
27463.8965
27464.1387
27464.4785
27464.3965
27464.5684
27464.4277
27464.6094
27463.8750
27464.2988
27464.2988
27463.9473
27463.6250
27463.6641
27463.2539
27463.2129
27463.2539
27462.9746
27462.7637
27462.8730
27462.6035
27462.5859
27462.4766
27462.3164
27462.2051
27462.0664
27461.6543
27461.5430
27461.3730
27461.2324
27461.5039
27461.3340
27461.2324
27461.1523
27460.8105
27460.9414
27460.7305
27460.3789
27460.3203
27460.1680
27459.8750
27459.5645
27459.4238
27459.0723
27458.8320
27458.6914
27458.4004
27458.7812
27458.4121
27458.4121
27458.3125
27458.5234
27458.7656
27459.1582
27459.1172
27459.2988
27459.7520
27459.9336
27460.1348
27460.3164
27460.1055
27460.1758
27459.9668
27460.0957
27460.0254
27459.7441
27459.8848
27459.9141
27459.6328
27459.7344
27459.4844
27459.4844
27459.4551
27459.3848
27459.4551
27459.4551
27459.4551
27459.5254
27459.6660
27459.9785
27460.1914
27460.1621
27460.3711
27460.3848
27460.4668
27460.4668
27460.8184
27460.9590
27460.9297
27461.2109
27461.2109
27461.4238
27461.7754
27461.7051
27461.8457
27461.5645
27461.5645
27461.3145
27461.2031
27461.1348
27460.9629
27461.1055
27461.0352
27460.9336
27460.8340
27460.8359
27460.7363
27460.9062
27460.7656
27461.0488
27461.0879
27461.3301
27461.2285
27461.5820
27461.6523
27461.7930
27462.0742
27462.0449
27462.1855
27462.1270
27462.2988
27462.6504
27462.7910
27463.2129
27463.4629
27463.6348
27463.7363
27463.9453
27464.1270
27464.3672
27464.2578
27464.3672
27464.4688
27464.5000
27464.5000
27464.5996
27464.4883
27464.6992
27464.7695
27464.9004
27464.7891
27465.0312
27464.9590
27465.0605
27465.0312
27465.1426
27465.1426
27465.0723
27465.0430
27465.1836
27465.1426
27465.2227
27465.2832
27465.2539
27465.2754
27464.9258
27465.0566
27464.9551
27465.0566
27464.9570
27465.1367
27465.3789
27465.4785
27465.5781
27465.6074
27465.5391
27465.6387
27465.4688
27465.5391
27465.6094
27465.6094
27465.5703
27465.7402
27465.8105
27465.5703
27465.6113
27465.4707
27465.0801
27465.1797
27465.9727
27466.3926
27466.6035
27466.7852
27466.8652
27466.9473
27466.9258
27466.5859
27466.2344
27466.1348
27465.8359
27465.5664
27465.3555
27465.3652
27465.0547
27465.0859
27464.9863
27465.0156
27465.1152
27465.1465
27465.1953
27465.3262
27465.4277
27465.5566
27465.5859
27465.5566
27465.5977
27465.8086
27465.8086
27465.7793
27465.8496
27465.8203
27465.8906
27466.0410
27465.9414
27466.2617
27466.4727
27466.6426
27466.8145
27466.8848
27466.8848
27467.0957
27466.9551
27467.2656
27467.3047
27467.2754
27467.2070
27467.6562
27467.6172
27467.8281
27467.8574
27468.0273
27468.2266
27468.2578
27468.4883
27468.2070
27468.2383
27468.2090
27468.4883
27468.5586
27468.5684
27468.7109
27469.0312
27469.4512
27469.6602
27469.5215
27469.8730
27469.8730
27470.0527
27469.9941
27469.7832
27469.6133
27469.6133
27469.4434
27469.4141
27469.3047
27469.2344
27469.1230
27469.0527
27468.9844
27468.8848
27468.7129
27468.7148
27468.6152
27468.5059
27468.8145
27468.8848
27469.0547
27469.3965
27469.5352
27469.4961
27469.8066
27469.8359
27469.8770
27469.7363
27469.8770
27470.0156
27470.0586
27470.2676
27469.8574
27470.0371
27470.0078
27470.5273
27470.4785
27471.0488
27471.2578
27471.5000
27471.9785
27472.3887
27472.9805
27473.6387
27474.1992
27474.0312
27473.7109
27472.9199
27472.7793
27472.8184
27473.1992
27473.2305
27473.0508
27473.2500
27473.3613
27473.1113
27472.9395
27472.8008
27472.7305
27472.5898
27472.6211
27472.6504
27472.6816
27472.7402
27472.8125
27472.8320
27472.7617
27472.7715
27472.8730
27473.0117
27473.0527
27472.8926
27473.0312
27472.9629
27473.1133
27473.1738
27473.1738
27473.0430
27473.0430
27472.9727
27473.0430
27473.0430
27472.8438
27472.8125
27473.0625
27473.3535
27473.0723
27473.3828
27473.7031
27473.8125
27473.7324
27473.8223
27474.0410
27473.9727
27474.3027
27474.4414
27474.4512
27474.5820
27474.6406
27474.7305
27474.6621
27474.7402
27474.6719
27474.8320
27474.8008
27474.8125
27474.9512
27475.0703
27475.2305
27475.5703
27475.3809
27475.7109
27475.5312
27475.4395
27475.4102
27475.3516
27475.4004
27475.2520
27475.0723
27475.1113
27474.8926
27474.9512
27475.0625
27474.9727
27475.1426
27475.1113
27475.2520
27475.3516
27475.4609
27475.2227
27475.1914
27475.0820
27475.0508
27474.9434
27475.2520
27475.1133
27475.0332
27475.0625
27475.0234
27475.0137
27475.1250
27475.3320
27475.1445
27475.1836
27475.0840
27475.1445
27475.1934
27475.1836
27475.1250
27475.2637
27475.3340
27475.2246
27475.3438
27475.6133
27475.8320
27475.8711
27475.9102
27476.0215
27476.0215
27475.9512
27476.1895
27476.1113
27476.0508
27475.9102
27475.8027
27475.6621
27475.5312
27475.7031
27475.5020
27475.4023
27475.4707
27475.2617
27475.1230
27475.0234
27474.9824
27474.9434
27474.9531
27474.8438
27475.1641
27475.1641
27475.3145
27475.2656
27475.3828
27475.5527
27475.5527
27475.5918
27475.4414
27475.4121
27475.3418
27475.1113
27475.1035
27475.1035
27475.1328
27475.2930
27475.2930
27475.2734
27475.6133
27475.1738
27475.3750
27475.1660
27475.3047
27475.1348
27474.9668
27475.0449
27474.7949
27474.6660
27474.7559
27474.7168
27474.8555
27474.8555
27474.9961
27474.8652
27474.8750
27474.6660
27474.5566
27474.5273
27474.2559
27474.2871
27474.1777
27474.1992
27474.4297
27474.4902
27474.5195
27474.5020
27474.6816
27474.7891
27474.6504
27474.6504
27474.5820
27474.6211
27474.5215
27474.5293
27474.6602
27474.6895
27474.6602
27474.8301
27474.7695
27474.8496
27474.9395
27474.8008
27474.6992
27474.8691
27474.8711
27474.7402
27474.9395
27475.4785
27474.9922
27475.1309
27475.1426
27474.9336
27475.0449
27474.8340
27475.0742
27475.4219
27475.2520
27475.7715
27475.8711
27476.1797
27476.2188
27476.6680
27476.7363
27476.9082
27476.6367
27476.8164
27476.9863
27477.2129
27477.2422
27477.2129
27477.8398
27477.6602
27477.6094
27477.6484
27477.6387
27477.5391
27477.3184
27477.6582
27478.3047
27478.6230
27478.6230
27478.7539
27479.4492
27479.9961
27480.1855
27480.2148
27480.4941
27480.4941
27480.1934
27480.3926
27480.5020
27480.5117
27480.7598
27481.0371
27480.9668
27481.2852
27481.3848
27481.4629
27481.5938
27481.5410
27481.6113
27481.7109
27481.6406
27481.5410
27481.6797
27481.9590
27481.8809
27481.7500
27481.8008
27481.4316
27481.3242
27481.3242
27481.3242
27481.4922
27481.7715
27481.7012
27481.8398
27482.0684
27481.9395
27482.0996
27482.1699
27482.2617
27482.2012
27482.3691
27482.1133
27482.3828
27482.2344
27482.8906
27482.8223
27482.9375
27482.8301
27483.1562
27483.3242
27483.4863
27483.8535
27484.0625
27484.2617
27484.3242
27484.1074
27483.9980
27483.9980
27484.3281
27484.3594
27484.4883
27484.5879
27484.5977
27484.8359
27485.0762
27485.1055
27485.2051
27485.1367
27485.3438
27485.0449
27485.2363
27485.2656
27485.3438
27485.2734
27485.3496
27485.7227
27485.6445
27485.7227
27485.9297
27485.7617
27486.1230
27486.2344
27486.4824
27486.3828
27486.4141
27486.2520
27486.4824
27486.4824
27486.5137
27486.6523
27486.5352
27486.3184
27486.6172
27486.5098
27486.1719
27486.3789
27486.0918
27486.3008
27486.3711
27486.2090
27486.2871
27486.4961
27486.4883
27486.3242
27486.3652
27486.2246
27486.0645
27486.0254
27486.1250
27486.0176
27485.9082
27486.2871
27486.1777
27486.3691
27486.2305
27486.1133
27486.0137
27486.1055
27485.9883
27486.1895
27485.9805
27486.0020
27485.9336
27485.9238
27486.1016
27486.0938
27486.1016
27485.8555
27486.0859
27485.8164
27485.7383
27486.0566
27486.0156
27486.0566
27486.4023
27486.1562
27486.4023
27486.5020
27486.7402
27486.7715
27486.8789
27486.9727
27487.3574
27487.3965
27487.9043
27488.1816
27488.5508
27488.7285
27488.8066
27489.1973
27489.3438
27489.2441
27489.4531
27489.6133
27489.5059
27489.4746
27489.6270
27489.7676
27489.7051
27489.7363
27489.7051
27489.5508
27489.6504
27489.6426
27489.5723
27489.6348
27489.9199
27489.8711
27490.0117
27490.1035
27490.3027
27490.3633
27490.1953
27490.4336
27490.4258
27490.7949
27491.0645
27491.1641
27491.4336
27492.2285
27492.1191
27491.7188
27492.2637
27492.1328
27492.3027
27492.3555
27492.4180
27492.4395
27492.4102
27492.6094
27493.1250
27493.2480
27494.0488
27493.1016
27493.8164
27494.1562
27494.3320
27494.4238
27494.4551
27494.3945
27494.7324
27495.5020
27494.9785
27494.8008
27495.1855
27495.2871
27495.3086
27495.4102
27495.5547
27495.7871
27496.1953
27496.1562
27496.3945
27496.3867
27496.6953
27496.9316
27497.0938
27497.2715
27497.5723
27497.4707
27497.3398
27497.7324
27497.6016
27497.6777
27498.0723
27498.5000
27498.4473
27499.0234
27499.2246
27499.0625
27499.2637
27499.4316
27499.9004
27500.1309
27500.1309
27500.5703
27500.3145
27500.7637
27500.7539
27500.9688
27501.1777
27501.1777
27501.4688
27501.4082
27501.7070
27502.0156
27501.4609
27502.1914
27501.9473
27501.9375
27501.9473
27502.2461
27501.8379
27501.8926
27501.9922
27502.0156
27501.9082
27502.0449
27501.5000
27501.7676
27501.8672
27501.6074
27501.7676
27502.0762
27501.7441
27501.8457
27502.1309
27501.9902
27502.0996
27502.2754
27502.2070
27502.1367
27502.4453
27502.5449
27502.6816
27502.9199
27502.5742
27502.6816
27502.7129
27502.4668
27502.4746
27502.1426
27501.8281
27501.8594
27501.4512
27501.5977
27501.3828
27501.7910
27501.6504
27501.7598
27501.4512
27501.6582
27501.3965
27501.6426
27501.3652
27501.1660
27501.1348
27500.8281
27500.6660
27500.6348
27500.6426
27500.5430
27500.3184
27499.9023
27499.6484
27499.4121
27499.1973
27499.0566
27499.0273
27498.6348
27498.5195
27498.5117
27498.2734
27498.1895
27498.2891
27498.3828
27498.6836
27498.7754
27498.8066
27498.5605
27498.2520
27498.2227
27497.8145
27497.5527
27497.2383
27497.2695
27496.9863
27496.7773
27496.8770
27496.6016
27496.3027
27496.4336
27496.2031
27496.0391
27496.0020
27496.0078
27495.7715
27495.6953
27495.4492
27495.3730
27495.2422
27495.4043
27495.2285
27495.1504
27494.6816
27494.8750
27495.0215
27494.5684
27494.7070
27494.7383
27494.4922
27494.2930
27493.9160
27493.8164
27493.6777
27493.6777
27493.6172
27493.1035
27492.6270
27492.3574
27492.0254
27491.4062
27491.0742
27490.7676
27490.4980
27490.0449
27489.6016
27489.1875
27488.8555
27488.8555
27488.7266
27488.5488
27488.3809
27487.9121
27487.7188
27487.8809
27487.9180
27487.7129
27487.8496
27487.4375
27487.4004
27487.3848
27487.1484
27486.8398
27486.8105
27486.8418
27486.6035
27486.6641
27486.4961
27486.3145
27486.3262
27486.1133
27486.0742
27485.8691
27485.7695
27485.5996
27485.0566
27485.0488
27484.6426
27484.4414
27484.3809
27484.3438
27483.9668
27483.5547
27483.2773
27483.1406
27483.1113
27482.7266
27483.0098
27483.0410
27482.5352
27482.4668
27482.0215
27481.8457
27481.7461
27481.3633
27481.5078
27481.3340
27481.2715
27481.1582
27481.1270
27481.2578
27481.4355
27481.0898
27480.9844
27480.8770
27480.7910
27480.6777
27480.2090
27480.1797
27480.1113
27479.7656
27479.7363
27479.8672
27479.8984
27479.7383
27479.4766
27479.4082
27479.0020
27478.6582
27478.5273
27478.1836
27477.9844
27477.7773
27477.7773
27477.7793
27477.8848
27477.8164
27477.7539
27477.6113
27477.2422
27477.0645
27477.1445
27477.4121
27477.4805
27477.4512
27477.2832
27477.1680
27477.1074
27477.1152
27476.6777
27476.5703
27476.2715
27476.0273
27475.9648
27475.8984
27475.6074
27475.6328
27475.4961
27475.4590
27475.1973
27474.8906
27475.0469
27475.0703
27474.6953
27474.8457
27474.6641
27474.4648
27474.3418
27473.8789
27473.5996
27473.3750
27473.0020
27472.5332
27472.5508
27472.4453
27472.1836
27472.1660
27471.9980
27471.9355
27471.9121
27471.5859
27471.2500
27471.0488
27471.3262
27471.4395
27471.1328
27471.0645
27470.8086
27470.6348
27470.8789
27470.6465
27470.5547
27470.1543
27469.9492
27469.7734
27469.3418
27468.9492
27468.5449
27468.1387
27467.9570
27467.8262
27467.7598
27467.6523
27467.6777
27467.6152
27467.4688
27467.0977
27467.1172
27466.8105
27466.6426
27466.5664
27466.8125
27467.3184
27467.3945
27467.5625
27467.8750
27467.8145
27467.8828
27468.0215
27467.5898
27467.4219
27467.3398
27467.0020
27466.7402
27466.3828
27465.9297
27465.5176
27465.3848
27465.2559
27465.3555
27465.0566
27465.1250
27464.8867
27465.6387
27466.2637
27467.6699
27468.1582
27468.6465
27468.8828
27469.3652
27469.2266
27469.2324
27468.9023
27467.9844
27467.3984
27466.6992
27465.6855
27465.2109
27464.4492
27463.7754
27463.5996
27463.2637
27462.6582
27462.7324
27462.5918
27462.3633
27462.4961
27462.2344
27462.5039
27462.5664
27462.2910
27462.5156
27462.2422
27462.5742
27462.4688
27462.5430
27462.5938
27462.7578
27462.7637
27462.8691
27462.7754
27462.9316
27462.8379
27462.6328
27462.6211
27462.6777
27462.3965
27462.7539
27463.0664
27462.6172
27462.2871
27462.2930
27462.0391
27461.7441
27461.5078
27461.7812
27461.1270
27461.0273
27460.9219
27460.7852
27460.3340
27460.3848
27460.8418
27460.7285
27460.5957
27460.5430
27460.4492
27460.3867
27460.1074
27460.0508
27460.0820
27459.9121
27459.6523
27459.7148
27459.3770
27459.3926
27459.3516
27459.3516
27459.5586
27459.8398
27459.9648
27460.0410
27460.1152
27459.9590
27459.8418
27459.7344
27459.5332
27459.2402
27459.4766
27459.6113
27459.0801
27459.0859
