27512.4297
27512.2051
27512.1875
27512.3828
27512.3867
27512.6582
27512.5645
27512.7852
27512.9570
27512.8184
27512.7285
27512.4492
27512.4336
27512.4883
27512.4941
27512.5547
27512.3984
27512.5215
27512.5215
27512.5039
27512.3262
27512.4883
27512.4492
27512.7559
27512.7539
27513.0234
27513.2383
27512.8770
27513.0371
27512.9902
27513.1758
27513.0508
27513.2148
27513.1289
27513.1738
27513.3965
27513.5820
27513.7422
27513.9727
27514.3574
27514.2344
27514.4570
27514.4102
27514.4180
27514.3945
27514.4336
27514.3477
27514.4102
27514.3320
27514.2871
27514.4629
27514.3242
27514.4082
27514.5996
27514.6152
27514.7383
27514.9375
27515.1367
27515.3223
27515.7227
27515.7598
27516.1582
27516.2832
27516.3594
27516.4980
27516.5352
27516.5117
27516.7500
27516.7500
27516.7402
27516.9023
27516.7930
27517.0156
27517.2461
27517.1680
27517.2988
27517.4590
27517.5742
27517.6348
27517.8730
27517.8496
27518.1641
27518.3945
27518.4941
27518.9805
27518.9785
27519.3789
27519.3398
27519.4473
27519.8105
27519.7480
27519.6719
27519.8320
27519.6602
27519.6973
27519.7207
27519.7734
27519.2637
27519.2793
27518.9590
27518.6855
27518.3379
27517.9668
27517.8555
27517.6562
27517.4062
27517.3828
27517.1816
27517.0938
27516.9570
27516.8652
27516.9258
27516.9883
27516.9238
27516.9004
27516.9473
27517.1699
27517.2227
27517.1309
27517.2930
27517.6777
27517.7246
27517.7383
27517.9863
27518.0469
27518.1094
27518.2832
27518.1465
27518.6309
27518.5547
27518.6172
27518.9258
27518.9258
27519.1641
27518.9629
27519.0371
27519.0137
27518.9746
27518.9258
27519.2109
27519.3730
27519.1094
27518.9473
27519.4941
27519.4570
27519.4941
27519.4688
27519.4688
27519.5684
27519.4668
27519.3984
27519.5859
27519.5781
27519.6289
27519.7031
27519.4277
27519.7129
27519.7383
27519.8145
27520.0996
27520.0234
27520.1348
27520.1973
27520.2480
27519.9219
27519.9590
27519.9590
27519.9453
27520.0703
27519.8320
27519.9434
27519.9551
27520.0293
27520.0918
27520.1289
27520.2539
27520.3281
27520.5137
27520.3887
27520.2871
27520.2383
27519.9863
27519.9727
27520.3223
27520.1348
27519.9590
27520.3828
27520.1191
27520.3438
27520.0938
27520.1309
27520.3301
27520.4023
27519.8301
27519.6152
27520.1152
27520.0645
27520.0000
27520.2246
27520.2891
27520.4102
27520.4102
27520.4102
27520.2480
27520.4961
27520.5078
27520.4922
27520.4805
27520.3301
27520.4902
27520.6641
27520.3770
27520.4141
27520.5117
27520.4121
27520.5234
27520.6582
27520.6328
27520.4941
27520.8555
27520.7559
27520.8926
27520.9902
27521.1016
27521.0488
27521.1270
27520.9727
27520.9473
27520.8945
27520.9297
27520.6934
27520.7402
27520.8027
27520.7285
27520.6895
27520.7891
27520.7363
27520.7715
27520.7969
27520.7695
27520.8691
27521.4844
27520.9160
27521.1777
27521.1289
27521.5957
27521.4941
27521.6465
27521.5703
27521.4805
27521.7207
27522.0469
27521.9355
27521.6074
27521.8340
27521.7852
27521.6055
27521.7578
27521.9824
27521.8926
27521.9551
27522.1562
27522.3906
27522.3379
27522.3008
27522.1836
27521.9844
27521.7441
27521.7188
27521.5176
27521.3164
27521.5898
27521.4785
27521.2773
27521.2031
27521.1914
27521.2930
27521.2910
27521.5527
27521.4883
27521.4883
27521.5508
27521.4395
27521.5488
27521.5391
27521.5371
27521.5645
27521.5371
27521.1738
27521.0723
27521.0176
27520.8633
27520.9082
27520.7812
27520.7910
27520.7090
27520.8086
27520.8711
27520.9062
27520.9688
27521.1270
27521.3047
27521.3125
27521.2656
27521.4375
27521.4375
27521.4629
27521.4355
27521.5625
27521.5605
27521.4863
27521.3945
27521.4492
27521.4746
27521.5742
27521.4727
27521.2812
27521.2715
27521.1621
27521.2793
27521.0957
27521.1777
27521.2305
27521.2676
27521.0918
27521.0547
27521.0547
27521.0098
27520.8340
27521.3438
27521.1348
27521.5234
27522.0508
27521.7051
27522.0879
27522.8770
27522.3047
27522.6133
27522.8750
27523.0312
27522.7305
27522.6289
27523.1758
27522.8203
27522.8477
27522.7207
27522.7109
27522.3906
27522.3906
27522.4375
27522.4727
27522.3633
27522.6465
27522.5176
27522.6660
27522.4648
27522.3359
27522.2461
27522.1523
27522.2168
27521.0742
27521.6211
27521.9336
27522.0117
27521.6113
27521.4551
27521.3926
27521.4902
27521.3906
27521.3535
27521.3613
27521.3965
27521.3320
27521.2676
27521.3320
27521.1230
27521.2227
27520.9941
27520.8027
27520.7734
27520.6738
27520.9082
27521.3359
27521.0781
27521.2793
27521.5703
27521.5410
27521.4121
27521.3125
27521.3770
27521.2109
27521.0820
27521.1465
27521.4023
27521.2441
27521.3457
27521.5723
27521.5781
27521.8711
27521.9062
27521.9707
27521.8770
27522.0039
27522.0684
27522.0039
27521.9395
27521.9023
27521.7090
27521.7715
27521.8379
27521.8359
27521.7637
27521.7637
27521.6621
27521.7559
27521.6836
27521.5762
27521.5410
27521.4043
27521.5312
27521.5820
27521.6230
27521.5664
27521.5508
27521.6875
27521.3008
27521.4648
27521.7227
27521.8145
27521.3926
27521.3926
27521.2324
27521.1504
27521.1426
27521.2109
27520.9434
27521.2012
27521.1016
27521.1582
27520.9297
27521.0508
27520.7168
27520.7949
27520.7793
27521.1133
27521.2441
27521.5371
27521.5293
27522.2402
27522.2695
27522.0098
27522.1738
27522.1094
27521.8867
27521.9863
27522.0566
27521.9980
27522.0977
27522.1973
27522.3906
27522.5254
27522.4609
27522.5898
27522.3945
27522.3945
27522.4297
27522.3926
27522.2344
27522.0742
27521.6855
27521.5508
27521.4160
27521.4160
27521.3789
27521.3789
27521.3730
27521.5020
27521.5645
27521.7891
27521.9844
27520.9473
27521.9531
27521.9824
27522.1113
27521.9824
27521.7871
27521.9199
27522.2754
27522.4395
27522.1152
27522.1152
27522.0840
27522.2129
27522.1484
27522.1484
27522.0820
27522.3125
27522.2754
27522.3770
27522.3418
27522.2754
27522.2754
27522.2754
27522.2734
27522.2090
27522.2734
27522.3750
27522.3398
27522.3047
27522.3379
27522.4668
27522.2715
27522.1719
27522.2422
27522.1055
27522.6113
27522.3711
27522.4648
27522.6348
27522.7305
27522.8340
27522.8301
27523.3594
27523.0898
27523.3281
27523.3594
27523.3574
27523.4277
27523.2656
27523.2695
27522.9746
27523.1738
27523.0820
27523.0176
27523.0859
27523.0859
27523.2188
27523.3496
27523.4492
27523.5176
27523.8438
27524.0391
27524.1055
27524.1035
27524.0703
27523.9688
27523.9980
27523.9980
27524.0938
27524.0586
27524.0273
27524.0625
27524.0977
27524.1660
27524.2051
27524.2070
27524.1094
27524.2129
27524.3516
27524.5547
27524.6914
27524.7910
27524.8926
27525.0215
27524.9199
27524.9824
27525.1445
27525.1738
27525.1367
27525.0684
27525.0352
27525.0332
27525.1016
27525.1973
27525.1660
27525.2695
27525.2969
27525.5352
27525.4609
27525.5000
27525.5293
27525.5957
27525.6621
27525.6621
27525.7305
27525.6953
27525.6309
27525.5957
27525.6641
27525.8281
27525.6934
27525.6621
27525.6934
27525.8262
27525.7871
27525.9238
27525.9160
27526.0195
27525.9492
27526.0840
27525.9180
27525.8867
27525.9180
27525.9199
27526.1250
27526.1152
27526.3887
27526.2168
27526.4570
27526.4551
27526.4551
27526.4863
27526.6543
27526.5879
27526.5547
27526.4531
27526.5234
27526.3535
27526.3535
27526.3867
27526.4531
27526.5508
27526.4824
27526.4492
27526.6816
27526.6172
27526.5156
27526.5859
27526.2168
27526.2207
27526.2539
27526.4199
27526.4199
27526.4199
27526.3535
27526.3867
27526.5508
27526.6523
27526.5488
27526.6836
27526.9492
27526.8457
27527.0449
27527.4102
27527.5059
27527.5059
27527.5039
27527.4688
27527.4707
27526.9082
27526.4453
27525.8496
27525.5176
27525.4199
27525.4199
27525.2852
27525.5195
27525.5508
27525.5469
27525.6797
27525.6445
27525.7754
27525.7754
27525.7402
27525.7734
27525.7363
27525.9043
27526.1348
27526.3652
27526.6309
27526.7285
27526.6602
27526.9590
27526.8906
27527.0566
27527.1211
27527.2539
27527.3203
27527.3516
27527.5176
27527.7168
27527.5508
27527.4492
27527.3496
27527.1484
27527.0488
27526.9160
27526.8145
27527.0156
27527.1465
27527.4785
27527.4121
27527.7129
27527.8223
27527.7773
27527.6113
27527.6777
27527.5117
27527.4766
27527.3438
27527.4766
27527.3750
27527.4082
27527.3066
27527.3086
27527.0059
27526.8398
27526.5059
27526.5059
27526.2383
27526.3711
27526.3027
27525.9707
27525.9688
27525.5352
27525.4688
27525.2344
27524.9355
27525.0996
27525.0996
27525.1094
27525.2656
27525.2656
27525.2637
27525.2637
27525.2637
27525.2969
27525.4629
27525.4941
27525.5605
27525.3945
27525.4922
27525.4922
27525.5254
27525.2910
27525.3906
27525.5898
27525.3242
27525.3887
27525.4648
27525.4883
27525.3203
27525.4531
27525.3867
27525.4199
27525.4199
27525.4512
27525.5176
27525.0176
27524.9824
27524.7500
27524.9160
27524.8828
27524.5820
27524.8145
27524.7812
27524.7480
27525.0820
27525.1133
27525.2480
27525.0801
27525.0781
27524.8574
27524.6426
27524.5098
27524.6758
27524.5430
27524.4062
27524.5410
27524.5391
27524.3379
27524.5039
27524.4746
27524.3047
27524.1367
27524.0664
27523.9688
27523.8672
27524.0332
27524.1680
27524.1016
27523.6973
27523.5625
27523.5957
27523.4941
27523.4941
27523.4258
27523.4590
27523.2539
27523.5527
27523.2852
27523.0488
27523.3496
27523.1465
27523.0469
27523.2500
27522.9785
27523.0137
27523.1758
27522.9082
27522.8066
27523.0371
27522.9688
27523.5059
27522.8633
27522.5840
27523.0645
27523.9707
27522.9922
27523.4961
27523.4590
27523.3242
27523.4922
27523.2891
27523.3086
27523.4531
27523.4180
27523.3848
27523.5820
27523.5781
27523.6445
27523.5078
27523.6035
27523.6680
27523.5703
27523.6992
27523.6973
27523.6250
27523.4531
27523.5176
27523.2441
27523.4785
27523.3691
27523.4707
27523.3984
27523.5000
27523.3965
27523.6660
27523.9297
27523.3652
27523.5918
27523.9258
27524.0957
27524.2266
27524.1855
27524.2246
27524.4551
27524.6895
27524.6543
27524.7227
27524.7871
27524.5820
27524.7148
27524.1055
27524.1055
27524.1035
27524.1992
27524.3340
27524.5352
27525.1055
27525.2363
27525.4707
27525.4668
27526.1074
27525.3906
27525.5859
27526.1621
27526.6621
27526.1855
27525.9766
27526.6504
27527.0137
27527.1133
27527.1465
27527.5781
27528.1797
27528.1777
27528.3418
27528.5723
27528.1602
27528.4238
27528.4863
27528.6816
27528.8809
27529.0430
27529.5801
27529.1016
27529.3672
27529.1621
27529.5234
27529.4473
27529.6816
27529.6426
27529.8066
27529.8008
27529.9316
27530.3164
27530.3242
27530.2168
27530.3203
27530.7637
27531.5430
27531.7422
27531.7734
27531.8809
27532.0332
27532.0352
27532.0977
27532.1289
27532.3633
27532.2949
27532.5605
27532.5645
27532.4531
27532.4961
27532.8555
27532.8223
27532.7246
27532.9512
27532.6816
27532.9473
27532.7520
27533.0859
27532.9844
27533.1875
27533.1855
27533.1953
27533.2578
27533.3652
27533.4648
27533.7031
27533.5352
27533.4336
27533.5410
27533.6777
27533.6816
27533.7168
27533.7891
27533.8203
27534.0293
27533.9961
27533.7695
27533.8984
27533.6035
27533.7754
27533.6797
27533.6152
27533.6211
27533.6621
27533.8027
27533.6074
27533.8438
27533.6484
27533.7891
27533.8691
27533.7676
27533.7402
27533.6191
27533.5879
27533.7559
27533.3457
27532.6738
27532.8535
27532.9219
27533.1465
27533.7812
27533.2305
27533.0312
27533.2930
27533.2266
27533.3340
27533.5820
27533.8770
27534.1934
27534.8164
27534.2930
27534.0879
27534.3242
27534.0234
27534.5605
27534.5293
27535.9023
27536.2012
27536.4082
27536.3398
27535.5137
27535.2012
27534.9688
27535.3379
27535.6504
27535.5566
27536.5508
27536.8555
27536.7617
27536.7559
27536.6836
27536.8926
27536.5176
27536.0664
27536.1738
27535.8223
27536.1211
27536.1895
27536.0898
27536.3281
27536.4219
27536.5273
27536.3906
27536.3398
27536.5371
27536.7910
27537.2598
27537.8789
27537.5352
27537.7422
27537.5039
27537.4102
27537.4727
27537.4414
27537.4336
27537.2793
27537.1797
27537.0488
27536.8242
27536.8848
27536.6172
27536.5547
27536.3848
27536.1855
27536.3223
27535.9473
27536.1543
27536.0859
27536.1172
27536.1094
27535.9551
27535.9238
27535.8535
27535.7852
27535.6543
27535.6230
27535.3848
27535.5918
27535.5605
27535.4551
27535.3848
27535.4863
27535.6543
27535.4551
27535.5312
27535.5000
27535.2910
27535.4316
27535.3926
27535.4082
27535.3770
27535.2539
27535.3613
27535.4004
27535.4863
27535.5234
27535.5234
27535.4629
27535.2949
27535.2031
27535.1348
27534.9336
27535.2422
27535.1035
27535.3105
27535.3281
27535.3555
27535.3652
27535.3516
27535.2598
27535.1602
27535.0527
27535.1211
27535.4004
27535.0918
27535.0391
27534.9219
27534.8008
27534.5312
27534.4922
27534.2324
27534.0938
27533.9551
27534.2246
27534.1250
27534.0059
27533.9590
27533.8652
27533.9570
27533.7969
27533.9258
27533.8359
27534.1270
27533.7168
27533.7480
27533.7793
27533.6797
27533.5918
27533.7637
27533.3633
27533.3535
27532.9141
27533.0547
27532.5352
27532.5371
27532.7051
27532.7441
27532.3574
27532.3262
27532.1973
27532.1797
27532.2188
27532.5098
27532.0703
27532.0703
27531.8301
27532.0605
27531.9824
27532.0117
27531.7227
27532.0020
27531.9922
27531.6328
27531.9922
27531.2754
27531.7637
27531.7832
27530.5977
27530.8652
27533.5723
27533.8750
27531.8945
27530.6953
27532.4434
27532.3438
27532.8320
27533.1465
27533.2598
27532.9922
27532.2422
27532.4609
27531.9824
27533.0820
27532.9980
27531.9707
27532.2109
27532.0391
27531.9785
27531.8496
27531.7051
27531.7344
27531.6914
27531.6055
27531.6934
27531.5879
27531.4375
27531.3164
27531.4062
27531.1855
27531.3652
27531.2832
27531.1348
27531.0039
27530.9531
27531.1445
27530.8438
27530.7637
27530.5938
27530.6934
27530.8926
27530.6113
27530.8125
27530.8711
27530.8086
27530.9785
27530.9258
27531.0566
27531.0664
27530.8145
27530.7559
27530.7031
27530.6445
27530.2734
27530.3320
27530.5898
27530.1777
27530.2969
27530.3555
27530.5625
27530.5723
27530.5918
27530.5684
27530.6797
27530.4980
27530.5371
27530.4844
27530.2754
27530.0762
27529.8379
27529.8086
27529.7266
27529.5488
27529.4355
27529.2246
27529.5117
27529.2109
27529.3516
27529.0684
27528.8691
27528.8555
27529.2148
27528.8438
27528.7539
27528.5254
27528.4004
27528.3574
27528.1289
27528.0566
27527.9668
27527.9727
27527.7539
27527.7656
27527.4824
27527.6289
27527.4980
27527.1152
27526.9160
27526.7422
27526.7129
27526.6406
27526.5703
27526.4121
27526.1094
27526.0273
27526.2773
27526.1895
27525.8418
27525.6172
27525.5293
27525.8398
27526.0527
27526.3750
27525.8086
27525.8379
27525.6660
27525.9609
27526.0195
27525.5332
27525.2520
27525.2500
27524.9785
27524.9062
27524.6055
27524.6133
27524.3594
27524.7402
27524.2871
27524.2695
27523.8262
27523.8086
27523.7383
27523.5664
27523.5078
27523.5488
27523.4180
27523.6875
27523.6992
27523.5586
27523.3574
27523.2266
27522.9004
27522.8008
27522.5586
27522.3730
27522.1855
27521.8262
27522.0391
27521.9395
27521.9512
27521.7773
27521.6172
27521.7031
27521.8730
27521.8438
27521.7988
27521.4727
27521.1582
27520.7871
27520.7148
27520.5293
27520.4297
27520.4297
27520.3691
27520.4121
27520.5801
27520.4648
27520.8477
27520.6172
27520.6738
27520.4570
27520.4434
27520.2695
27519.8281
27519.5410
27519.5957
27519.3828
27519.3828
27519.3828
27519.5391
27519.4082
27519.3242
27519.2949
27519.1797
27518.9492
27518.9785
27518.7480
27518.7480
27518.7051
27518.7188
27518.4609
27518.8320
27518.8320
27518.7734
27518.7891
27518.7891
27518.6016
27518.4863
27518.4863
27518.4863
27518.4570
27518.3574
27518.2148
27518.0996
27518.0430
27517.8418
27517.8984
27517.6973
27517.7559
27517.5547
27517.4688
27517.4102
27517.2402
27517.4668
27517.2539
27517.4375
27517.3242
27517.3379
27517.5527
27517.4785
27517.4785
27517.5234
27517.4785
27517.5508
27517.1191
27517.5488
27517.2207
27517.0918
27517.1348
27517.4648
27517.2637
27517.6230
27517.2793
27517.7090
27517.5215
27517.3926
27517.4512
27517.6660
27517.4941
27517.5801
27517.8965
27518.0391
27518.2969
27518.5137
27518.4707
27518.7559
27518.6836
27518.2266
27518.4844
27518.2109
27518.1113
27518.3809
27518.2949
27518.1777
27517.8789
27518.1660
27518.3105
27518.4648
27518.6973
27518.4941
27518.4531
27518.4648
27518.4805
27518.5078
27518.3926
27518.3809
27518.2227
27518.1328
27518.5332
27518.2012
27518.3906
27518.2168
27518.4453
27518.4766
27518.3613
27518.3203
27518.5469
27518.4766
27518.9922
27518.7578
27518.7637
27518.7305
27518.8633
27519.0625
27518.8906
27519.1367
27518.8066
27519.0801
27519.1953
27519.0801
27519.1074
27519.1074
27519.1074
27519.0508
27519.3789
27519.2676
27519.3945
27519.2949
27519.4668
27519.4395
27519.6660
27519.6660
27519.5391
27519.3672
27519.3672
27519.4551
