27467.8691
27468.0625
27468.2383
27468.3906
27468.3398
27468.1641
27468.2383
27468.0391
27468.3145
27468.3672
27468.6680
27468.1406
27468.7715
27468.5938
27468.5957
27468.4688
27468.7207
27468.7988
27468.8477
27468.8711
27469.0996
27468.6934
27468.7715
27468.8457
27469.0723
27469.2773
27469.3809
27469.4297
27469.7051
27469.5293
27469.8574
27470.1367
27470.3105
27470.4863
27470.5391
27470.2871
27470.2402
27470.5430
27470.3887
27470.7207
27470.4688
27470.6172
27470.8711
27470.7715
27470.6191
27471.0332
27470.8828
27470.9961
27470.8477
27470.8457
27471.0430
27471.2949
27471.7461
27471.6953
27471.9453
27472.2969
27472.2461
27472.3945
27472.4941
27472.1426
27472.4434
27472.4180
27472.1680
27472.2188
27472.2969
27472.0957
27472.1211
27472.1504
27472.0000
27472.0488
27472.1035
27472.0527
27472.2520
27472.1016
27472.3496
27472.0977
27472.2520
27472.4805
27472.7031
27472.5547
27472.3008
27472.2031
27472.2266
27472.4492
27472.5234
27472.3984
27472.2734
27472.3750
27472.4961
27472.5488
27472.7500
27472.8242
27472.8027
27472.6758
27472.6250
27472.4238
27472.2227
27472.2969
27472.0977
27472.0742
27472.0723
27472.0469
27472.0215
27472.2715
27472.2480
27472.1719
27472.0977
27471.9746
27471.7480
27471.8281
27471.6016
27471.8281
27471.5039
27471.5273
27471.3281
27471.4004
27471.2500
27471.1992
27471.1484
27470.7988
27470.9980
27470.8223
27470.6973
27470.4707
27470.1445
27470.2188
27469.9941
27469.3906
27469.4668
27469.2402
27468.9648
27468.8125
27468.7129
27468.5859
27469.3145
27468.6113
27468.7363
27468.5879
27468.6133
27468.6387
27468.7656
27468.9648
27468.9160
27468.7910
27469.0918
27468.7168
27468.6914
27468.6641
27468.4902
27468.3906
27468.1406
27468.0410
27468.1172
27467.7402
27467.8418
27467.4648
27467.4414
27467.1387
27467.3145
27467.3145
27467.3887
27467.3633
27467.2871
27467.1641
27467.0625
27466.9863
27466.7109
27466.8105
27466.4863
27466.5117
27466.2852
27466.3887
27466.2363
27466.0625
27465.9629
27465.6641
27465.9648
27465.6133
27465.6875
27465.6875
27465.7363
27465.6113
27465.6094
27465.3613
27465.3848
27465.4844
27465.4609
27465.4355
27465.2871
27465.6113
27465.3867
27465.5371
27465.5859
27465.2090
27465.4609
27465.1855
27465.2598
27465.2109
27465.1348
27465.0332
27464.8105
27465.0625
27464.7871
27464.7617
27464.8125
27464.6875
27464.5625
27464.5605
27464.2383
27464.2891
27463.9375
27464.0898
27464.0371
27464.0645
27463.8379
27464.1152
27463.8887
27464.2402
27463.9395
27464.0645
27463.9648
27463.8652
27463.9648
27463.8652
27463.7910
27463.7148
27463.7656
27463.7402
27463.3164
27463.5156
27463.5918
27463.4922
27463.1914
27463.3184
27463.1660
27463.2656
27463.3672
27462.8398
27463.0918
27462.6914
27462.7910
27462.6152
27462.3164
27462.4414
27461.8398
27462.1172
27461.4395
27461.7148
27461.2656
27461.5918
27461.2402
27460.4395
27460.8164
27460.6641
27461.3926
27460.8906
27461.4668
27462.3457
27462.1445
27462.0449
27462.1445
27461.9961
27462.2949
27462.0957
27462.5723
27462.5215
27462.5469
27462.5977
27462.6719
27462.6973
27462.4492
27462.8750
27462.6992
27462.1484
27462.4492
27462.0000
27461.9238
27462.3516
27462.2500
27462.2246
27462.6270
27463.0781
27463.3281
27463.6797
27463.5781
27463.7539
27463.6035
27463.8047
27463.0293
27463.4805
27463.4805
27463.1055
27462.7539
27462.8047
27462.3789
27462.3301
27462.3809
27462.0820
27461.8555
27461.9805
27461.7070
27461.7070
27461.5820
27461.4316
27461.3086
27461.1582
27460.7344
27460.6074
27460.4336
27460.2832
27460.5586
27460.3848
27460.2832
27460.1855
27459.8340
27459.9590
27459.7363
27459.3613
27459.3105
27459.1348
27458.8105
27458.4844
27458.3359
27457.9609
27457.7109
27457.5625
27457.2363
27457.6367
27457.2617
27457.2637
27457.1641
27457.3887
27457.6387
27458.0645
27458.0156
27458.2168
27458.6914
27458.8926
27459.0918
27459.2930
27459.0684
27459.1426
27458.9199
27459.0449
27458.9707
27458.6699
27458.8203
27458.8457
27458.5449
27458.6465
27458.3711
27458.3730
27458.3477
27458.2734
27458.3477
27458.3477
27458.3496
27458.4238
27458.5742
27458.9004
27459.1250
27459.1016
27459.3262
27459.3516
27459.4512
27459.4531
27459.8281
27459.9766
27459.9531
27460.2520
27460.2539
27460.4785
27460.8535
27460.7793
27460.9297
27460.6289
27460.6309
27460.3555
27460.2324
27460.1562
27459.9824
27460.1328
27460.0586
27459.9570
27459.8574
27459.8594
27459.7598
27459.9336
27459.7852
27460.0859
27460.1348
27460.3867
27460.2852
27460.6602
27460.7363
27460.8867
27461.1875
27461.1621
27461.3125
27461.2617
27461.4375
27461.8125
27461.9629
27462.4121
27462.6875
27462.8613
27462.9629
27463.1875
27463.3887
27463.6367
27463.5137
27463.6387
27463.7383
27463.7637
27463.7637
27463.8652
27463.7402
27463.9648
27464.0391
27464.1641
27464.0410
27464.2910
27464.2148
27464.3164
27464.2930
27464.4160
27464.4160
27464.3418
27464.3184
27464.4668
27464.4180
27464.5000
27464.5664
27464.5410
27464.5762
27464.2188
27464.3438
27464.2441
27464.3438
27464.2441
27464.4434
27464.6934
27464.7949
27464.8945
27464.9199
27464.8457
27464.9453
27464.7715
27464.8457
27464.9219
27464.9219
27464.8711
27465.0469
27465.1230
27464.8730
27464.9219
27464.7734
27464.3496
27464.4492
27465.2734
27465.7227
27465.9492
27466.1465
27466.2480
27466.3457
27466.2988
27465.9492
27465.5742
27465.4746
27465.1758
27464.9004
27464.6758
27464.7012
27464.3770
27464.4023
27464.3027
27464.3281
27464.4277
27464.4531
27464.4805
27464.6055
27464.7070
27464.8320
27464.8574
27464.8320
27464.8809
27465.1074
27465.1074
27465.0820
27465.1562
27465.1309
27465.2070
27465.3809
27465.2793
27465.6289
27465.8535
27466.0293
27466.2051
27466.2793
27466.2793
27466.5039
27466.3535
27466.6797
27466.7285
27466.7031
27466.6289
27467.1035
27467.0547
27467.2793
27467.3047
27467.4785
27467.6777
27467.7031
27467.9297
27467.6309
27467.6562
27467.6309
27467.9316
27468.0059
27468.0293
27468.1797
27468.5293
27468.9766
27469.2012
27469.0527
27469.4258
27469.4258
27469.6250
27469.5762
27469.3516
27469.1758
27469.1758
27469.0020
27468.9766
27468.8535
27468.7793
27468.6543
27468.5801
27468.5039
27468.4062
27468.2305
27468.2305
27468.1309
27468.0078
27468.3301
27468.4062
27468.5801
27468.9316
27469.0801
27469.0312
27469.3555
27469.3809
27469.4297
27469.2812
27469.4297
27469.5781
27469.6289
27469.8535
27469.4297
27469.6289
27469.6035
27470.1504
27470.0938
27470.6992
27470.9238
27471.1738
27471.6719
27472.0957
27472.7188
27473.4160
27474.0137
27473.8398
27473.4922
27472.6699
27472.5195
27472.5684
27472.9668
27472.9922
27472.7949
27472.9941
27473.1191
27472.8457
27472.6699
27472.5215
27472.4473
27472.2969
27472.3223
27472.3477
27472.3750
27472.4238
27472.5000
27472.5020
27472.4277
27472.4512
27472.5508
27472.7012
27472.7500
27472.5996
27472.7480
27472.6738
27472.8477
27472.8984
27472.8984
27472.7734
27472.7734
27472.6973
27472.7734
27472.7734
27472.5723
27472.5488
27472.8203
27473.1426
27472.8457
27473.1680
27473.5156
27473.6406
27473.5410
27473.6641
27473.9102
27473.8359
27474.1621
27474.3125
27474.3340
27474.4609
27474.5566
27474.6328
27474.5586
27474.6562
27474.5820
27474.7344
27474.7070
27474.7324
27474.8809
27475.0293
27475.1797
27475.5293
27475.3516
27475.6777
27475.4805
27475.4023
27475.3770
27475.2812
27475.3535
27475.1836
27474.9844
27475.0332
27474.7852
27474.8359
27474.9609
27474.8848
27475.0586
27475.0332
27475.1836
27475.2832
27475.4062
27475.1562
27475.1309
27475.0078
27474.9824
27474.8594
27475.1836
27475.0332
27474.9355
27474.9609
27474.9121
27474.8887
27475.0117
27475.2344
27475.0137
27475.0625
27474.9629
27475.0137
27475.0859
27475.0625
27475.0137
27475.1621
27475.2363
27475.1133
27475.2598
27475.5332
27475.7812
27475.8301
27475.8789
27476.0020
27476.0020
27475.9277
27476.1758
27476.0781
27476.0273
27475.8789
27475.7559
27475.6074
27475.4805
27475.6562
27475.4551
27475.3555
27475.4297
27475.2070
27475.0566
27474.9570
27474.9082
27474.8594
27474.8828
27474.7598
27475.0625
27475.0625
27475.2344
27475.1621
27475.3086
27475.4824
27475.4824
27475.5312
27475.4043
27475.3789
27475.3047
27475.0801
27475.0566
27475.0566
27475.0820
27475.2324
27475.2324
27475.1855
27475.5352
27475.0859
27475.2871
27475.0625
27475.2109
27475.0371
27474.8633
27474.9609
27474.6895
27474.5625
27474.6406
27474.5918
27474.7402
27474.7402
27474.8887
27474.7637
27474.7871
27474.5625
27474.4414
27474.4160
27474.1406
27474.1660
27474.0430
27474.0449
27474.2715
27474.3223
27474.3477
27474.3008
27474.5000
27474.6230
27474.4746
27474.4746
27474.4004
27474.4492
27474.3496
27474.3711
27474.4980
27474.5234
27474.4980
27474.6719
27474.6211
27474.7188
27474.7949
27474.6465
27474.5469
27474.7207
27474.7207
27474.5957
27474.7949
27475.3438
27474.8242
27474.9727
27474.9531
27474.7285
27474.8535
27474.6289
27474.8789
27475.2500
27475.0762
27475.6230
27475.7227
27476.0449
27476.0938
27476.5645
27476.6387
27476.8145
27476.5391
27476.7383
27476.9102
27477.1797
27477.2051
27477.1797
27477.8496
27477.6504
27477.6230
27477.6719
27477.6484
27477.5488
27477.3457
27477.6953
27478.3652
27478.7109
27478.7109
27478.8379
27479.5801
27480.1641
27480.3711
27480.3965
27480.6934
27480.6934
27480.3926
27480.5938
27480.7168
27480.7383
27481.0098
27481.3086
27481.2324
27481.5781
27481.6777
27481.7754
27481.9004
27481.8711
27481.9473
27482.0469
27481.9727
27481.8711
27482.0195
27482.3164
27482.2188
27482.0938
27482.1230
27481.7480
27481.6250
27481.6250
27481.6250
27481.7988
27482.0957
27482.0215
27482.1699
27482.3945
27482.2695
27482.4199
27482.4961
27482.5723
27482.5215
27482.6953
27482.4004
27482.6758
27482.5039
27483.1973
27483.1250
27483.2676
27483.1465
27483.5137
27483.6875
27483.8398
27484.2129
27484.4355
27484.6348
27484.6855
27484.4414
27484.3184
27484.3184
27484.6445
27484.6699
27484.7969
27484.8945
27484.9180
27485.1660
27485.4160
27485.4414
27485.5410
27485.4668
27485.6875
27485.3887
27485.5664
27485.5918
27485.6875
27485.6133
27485.6465
27485.9785
27485.8809
27485.9785
27486.2012
27486.0273
27486.3789
27486.4590
27486.7305
27486.6289
27486.6562
27486.5039
27486.7285
27486.7285
27486.7539
27486.9043
27486.7578
27486.5137
27486.8125
27486.6914
27486.3438
27486.5645
27486.2461
27486.4688
27486.5430
27486.3906
27486.4863
27486.7090
27486.7070
27486.5332
27486.5840
27486.4336
27486.2832
27486.2344
27486.3340
27486.2129
27486.0898
27486.4863
27486.3633
27486.5410
27486.3945
27486.2480
27486.1484
27486.2266
27486.0820
27486.2832
27486.0605
27486.0625
27485.9902
27485.9668
27486.1621
27486.1406
27486.1621
27485.8926
27486.1191
27485.8438
27485.7480
27486.0938
27486.0430
27486.0938
27486.4629
27486.1934
27486.4629
27486.5625
27486.8105
27486.8359
27486.9590
27487.0371
27487.4551
27487.5039
27488.0254
27488.3203
27488.6953
27488.8926
27488.9883
27489.3652
27489.5352
27489.4355
27489.6582
27489.8086
27489.6875
27489.6602
27489.7910
27489.9395
27489.8867
27489.9121
27489.8652
27489.6953
27489.7949
27489.7715
27489.6992
27489.7500
27490.0684
27489.9980
27490.1465
27490.2246
27490.4238
27490.4746
27490.3027
27490.5488
27490.5273
27490.9023
27491.1758
27491.2754
27491.5488
27492.3906
27492.2676
27491.8066
27492.3750
27492.2500
27492.4238
27492.4531
27492.5059
27492.5098
27492.4844
27492.6836
27493.2285
27493.3320
27494.1934
27493.1621
27493.9062
27494.2539
27494.4492
27494.5273
27494.5527
27494.5000
27494.8496
27495.6836
27495.1191
27494.9219
27495.3398
27495.4414
27495.4434
27495.5449
27495.7129
27495.9414
27496.3613
27496.3125
27496.5625
27496.5391
27496.8613
27497.1094
27497.2598
27497.4570
27497.7578
27497.6562
27497.5312
27497.9082
27497.7832
27497.8789
27498.2578
27498.6816
27498.6523
27499.2480
27499.4473
27499.2949
27499.4961
27499.6699
27500.1426
27500.3691
27500.3672
27500.8164
27500.5254
27500.9961
27500.9727
27501.1543
27501.3770
27501.3770
27501.6543
27501.6035
27501.9023
27502.2246
27501.6328
27502.4199
27502.1504
27502.1289
27502.1504
27502.4492
27502.0293
27502.0586
27502.1582
27502.1641
27502.0430
27502.1895
27501.6211
27501.8945
27501.9941
27501.7422
27501.8945
27502.2148
27501.8887
27501.9902
27502.3066
27502.1582
27502.2812
27502.4746
27502.4023
27502.3281
27502.6504
27502.7500
27502.8965
27503.1445
27502.7754
27502.8965
27502.9219
27502.6523
27502.6758
27502.3477
27502.0059
27502.0312
27501.6094
27501.7793
27501.5352
27501.9570
27501.8086
27501.9316
27501.6094
27501.8320
27501.5781
27501.8477
27501.5508
27501.3516
27501.3262
27501.0039
27500.8516
27500.8262
27500.8477
27500.7461
27500.5430
27500.0977
27499.8672
27499.6211
27499.3770
27499.2285
27499.2031
27498.8262
27498.6816
27498.6602
27498.4121
27498.2969
27498.3965
27498.4746
27498.7754
27498.8535
27498.8809
27498.6113
27498.2891
27498.2637
27497.8418
27497.5898
27497.2480
27497.2734
27496.9590
27496.7363
27496.8359
27496.5410
27496.2422
27496.3672
27496.1426
27495.9883
27495.9414
27495.9609
27495.7148
27495.6191
27495.3516
27495.2559
27495.1309
27495.2832
27495.0898
27494.9922
27494.5195
27494.6973
27494.8672
27494.3789
27494.5254
27494.5508
27494.2832
27494.0840
27493.6895
27493.5879
27493.4414
27493.4414
27493.3887
27492.8477
27492.3516
27492.0781
27491.7520
27491.0898
27490.7617
27490.4414
27490.1680
27489.6777
27489.2109
27488.7695
27488.4414
27488.4414
27488.3164
27488.1211
27487.9492
27487.4746
27487.2969
27487.4492
27487.4961
27487.2754
27487.4219
27486.9805
27486.9336
27486.8906
27486.6445
27486.3242
27486.2988
27486.3242
27486.0762
27486.1289
27485.9570
27485.7422
27485.7832
27485.5430
27485.4941
27485.2734
27485.1738
27485.0000
27484.4336
27484.4121
27483.9922
27483.7910
27483.7383
27483.6914
27483.2969
27482.8574
27482.5625
27482.4160
27482.3887
27481.9727
27482.2891
27482.3164
27481.7949
27481.7227
27481.2539
27481.0605
27480.9609
27480.5449
27480.7129
27480.5195
27480.4668
27480.3262
27480.2988
27480.4258
27480.6211
27480.2539
27480.1328
27480.0117
27479.9531
27479.8125
27479.3398
27479.3145
27479.2402
27478.8730
27478.8477
27478.9727
27479.0000
27478.8301
27478.5371
27478.4648
27478.0449
27477.6777
27477.5508
27477.1836
27476.9844
27476.7637
27476.7637
27476.7637
27476.8848
27476.8125
27476.7598
27476.5918
27476.2188
27476.0430
27476.1211
27476.3926
27476.4668
27476.4414
27476.2676
27476.1270
27476.0742
27476.0957
27475.6504
27475.5293
27475.2305
27474.9629
27474.9102
27474.8184
27474.5000
27474.5078
27474.3613
27474.3145
27474.0605
27473.7402
27473.8730
27473.8809
27473.4863
27473.5996
27473.3848
27473.1855
27473.0801
27472.6270
27472.3906
27472.1836
27471.8672
27471.3945
27471.3789
27471.2598
27471.0078
27471.0215
27470.8496
27470.7969
27470.7910
27470.4844
27470.1387
27469.9375
27470.2324
27470.3750
27470.0547
27469.9805
27469.7480
27469.5547
27469.8223
27469.5957
27469.5176
27469.1172
27468.8984
27468.7031
27468.2773
27467.8984
27467.4785
27467.0586
27466.9199
27466.7949
27466.7969
27466.6758
27466.6816
27466.6211
27466.4902
27466.1445
27466.1309
27465.8105
27465.6387
27465.5430
27465.7930
27466.3320
27466.4258
27466.5996
27466.9414
27466.8887
27466.9609
27467.1094
27466.6836
27466.5098
27466.3965
27466.0488
27465.7969
27465.4336
27464.9570
27464.5176
27464.3906
27464.2637
27464.3652
27464.0645
27464.1387
27463.8926
27464.6797
27465.3613
27466.8555
27467.3906
27467.9258
27468.1719
27468.6855
27468.5391
27468.5586
27468.2324
27467.2715
27466.6387
27465.8965
27464.8262
27464.3320
27463.5059
27462.8125
27462.6191
27462.2715
27461.6523
27461.7461
27461.6172
27461.3730
27461.5020
27461.2480
27461.5215
27461.5762
27461.2812
27461.4883
27461.1953
27461.5234
27461.4043
27461.4980
27461.5840
27461.7383
27461.7578
27461.8789
27461.7988
27461.9316
27461.8516
27461.6328
27461.5938
27461.6270
27461.3867
27461.7227
27462.0625
27461.5762
27461.2500
27461.2695
27460.9648
27460.6836
27460.4375
27460.7305
27460.0254
27459.9258
27459.8066
27459.6582
27459.2461
27459.3340
27459.7656
27459.7012
27459.5742
27459.4688
27459.3887
27459.3359
27459.0234
27458.9902
27459.0176
27458.8438
27458.5918
27458.6445
27458.2988
27458.3262
27458.2910
27458.2910
27458.5137
27458.8262
27458.9336
27459.0254
27459.1211
27458.9883
27458.8828
27458.7812
27458.5801
27458.3008
27458.5469
27458.6758
27458.1484
27458.1680
