27466.4043
27466.5410
27466.7305
27466.9688
27466.8906
27466.6992
27466.7305
27466.5312
27466.8203
27466.9004
27467.2578
27466.6895
27467.4180
27467.2266
27467.2266
27467.0586
27467.3398
27467.4863
27467.5078
27467.5176
27467.7871
27467.2695
27467.3613
27467.4512
27467.7188
27468.0352
27468.1934
27468.2148
27468.5605
27468.3145
27468.7422
27469.0898
27469.2793
27469.4668
27469.5469
27469.2676
27469.3047
27469.6641
27469.4258
27469.9121
27469.6328
27469.7520
27470.0898
27469.9902
27469.7539
27470.2168
27470.0391
27470.2012
27470.0801
27470.0234
27470.1641
27470.4434
27470.9238
27470.8438
27471.1230
27471.5020
27471.4238
27471.4863
27471.5859
27471.2070
27471.5078
27471.4980
27471.2188
27471.2969
27471.4453
27471.2441
27471.3125
27471.3828
27471.2598
27471.2812
27471.4180
27471.3398
27471.5391
27471.3613
27471.5820
27471.3027
27471.5391
27471.7910
27472.0195
27471.8984
27471.5625
27471.5195
27471.4727
27471.6836
27471.7148
27471.5469
27471.4375
27471.5371
27471.5898
27471.7266
27471.9258
27472.0156
27472.0625
27471.8945
27471.8145
27471.5586
27471.3574
27471.3906
27471.1914
27471.2363
27471.1230
27471.1133
27471.0449
27471.3223
27471.3691
27471.2227
27471.1914
27471.0820
27470.8691
27471.0742
27470.8066
27471.0742
27470.7637
27470.7168
27470.5176
27470.5508
27470.3711
27470.2930
27470.2148
27469.8359
27470.0371
27469.7891
27469.6797
27469.4102
27469.0410
27469.0742
27468.8066
27468.1484
27468.2402
27467.9707
27467.6250
27467.3906
27467.2891
27467.1211
27467.9473
27467.0762
27467.2441
27467.1230
27467.1895
27467.2012
27467.3691
27467.6270
27467.6055
27467.4375
27467.7363
27467.3496
27467.3379
27467.2695
27467.0820
27466.9824
27466.7031
27466.6035
27466.7500
27466.3027
27466.4043
27465.9590
27465.9473
27465.5898
27465.7793
27465.7793
27465.8125
27465.7441
27465.6562
27465.5449
27465.3867
27465.2988
27464.9531
27465.0527
27464.6855
27464.7539
27464.4844
27464.6445
27464.4648
27464.3320
27464.2324
27463.9883
27464.2910
27463.8555
27463.9434
27463.8867
27463.9102
27463.7422
27463.6836
27463.4062
27463.4180
27463.5176
27463.5078
27463.4395
27463.3203
27463.6855
27463.4199
27463.5410
27463.6191
27463.1172
27463.3965
27463.0508
27463.1387
27463.0605
27462.9727
27462.8711
27462.7188
27462.9980
27462.6523
27462.6973
27462.6621
27462.6094
27462.4414
27462.3848
27462.1309
27462.1523
27461.7754
27462.0117
27461.8750
27461.9434
27461.6758
27461.9668
27461.6973
27462.0762
27461.7207
27461.8867
27461.7871
27461.6875
27461.7891
27461.6895
27461.5449
27461.4531
27461.5332
27461.4648
27461.0566
27461.2559
27461.3438
27461.2461
27460.8887
27461.0566
27460.8789
27460.9785
27461.0801
27460.4551
27460.7344
27460.2207
27460.3770
27460.1309
27459.7773
27459.8867
27459.2305
27459.5762
27458.7754
27459.0645
27458.5312
27458.8984
27458.5195
27457.5508
27457.9980
27457.8184
27458.6992
27458.0879
27458.7891
27459.7930
27459.5352
27459.4355
27459.5352
27459.3594
27459.7129
27459.4590
27460.0039
27459.9277
27459.9941
27460.0156
27460.1055
27460.1172
27459.8398
27460.3633
27460.1738
27459.5391
27459.8965
27459.3633
27459.2734
27459.7988
27459.6406
27459.6309
27460.0879
27460.6211
27460.9004
27461.2793
27461.1230
27461.3125
27461.1328
27461.3906
27460.4902
27461.0234
27461.0234
27460.5801
27460.1445
27460.2227
27459.7559
27459.6797
27459.7578
27459.4023
27459.1348
27459.3008
27459.0137
27459.0703
27458.9043
27458.7812
27458.6152
27458.4375
27457.9707
27457.8027
27457.6152
27457.4355
27457.7266
27457.5391
27457.4375
27457.2832
27456.9043
27457.0156
27456.7500
27456.3047
27456.2832
27456.0371
27455.6152
27455.2480
27455.0703
27454.6270
27454.3477
27454.1719
27453.7480
27454.2051
27453.8164
27453.8164
27453.7168
27453.9844
27454.2617
27454.7852
27454.7090
27454.9648
27455.5098
27455.7676
27455.9668
27456.2246
27455.9570
27456.0449
27455.7793
27455.8906
27455.8027
27455.4473
27455.6250
27455.6367
27455.2793
27455.3809
27455.0371
27455.0371
27455.0273
27454.9375
27455.0273
27455.0273
27455.0273
27455.1172
27455.2949
27455.6621
27455.9297
27455.9199
27456.1855
27456.2539
27456.4102
27456.4102
27456.8555
27457.0332
27457.0215
27457.3789
27457.3789
27457.6465
27458.0918
27458.0039
27458.1816
27457.8242
27457.8262
27457.4805
27457.3145
27457.2266
27457.0371
27457.2168
27457.1289
27457.0273
27456.9277
27456.9277
27456.8281
27457.0176
27456.8398
27457.1973
27457.2754
27457.5527
27457.4531
27457.8965
27457.9883
27458.1660
27458.5215
27458.5117
27458.6875
27458.6660
27458.8574
27459.3008
27459.4785
27460.0117
27460.3574
27460.5449
27460.6465
27460.9121
27461.1699
27461.4473
27461.2812
27461.4473
27461.5488
27461.5605
27461.5605
27461.6602
27461.4922
27461.7598
27461.8496
27461.9609
27461.7949
27462.0723
27461.9824
27462.0840
27462.0742
27462.2402
27462.2402
27462.1523
27462.1406
27462.3184
27462.2402
27462.3340
27462.4180
27462.4082
27462.4785
27462.0977
27462.2090
27462.1094
27462.2090
27462.1094
27462.3652
27462.6426
27462.7441
27462.8438
27462.8555
27462.7656
27462.8652
27462.6777
27462.7676
27462.8555
27462.8555
27462.7793
27462.9688
27463.0566
27462.7793
27462.8574
27462.6797
27462.1602
27462.2598
27463.1816
27463.7129
27463.9805
27464.2363
27464.3926
27464.5469
27464.4141
27464.0371
27463.5938
27463.4941
27463.1934
27462.9062
27462.6387
27462.7051
27462.3398
27462.3496
27462.2520
27462.2617
27462.3633
27462.3730
27462.3301
27462.4414
27462.5430
27462.6543
27462.6660
27462.6543
27462.7324
27463.0000
27463.0000
27462.9883
27463.0781
27463.0664
27463.1543
27463.4004
27463.2988
27463.7305
27463.9980
27464.1875
27464.3770
27464.4648
27464.4648
27464.7324
27464.5547
27464.9219
27464.9980
27464.9863
27464.8984
27465.4434
27465.3652
27465.6328
27465.6445
27465.8320
27466.0312
27466.0430
27466.2559
27465.9004
27465.9121
27465.9004
27466.2559
27466.3457
27466.4102
27466.5898
27467.0215
27467.5547
27467.8184
27467.6426
27468.0859
27468.0859
27468.3418
27468.3203
27468.0527
27467.8652
27467.8652
27467.6758
27467.6641
27467.5000
27467.4102
27467.2441
27467.1562
27467.0684
27466.9688
27466.7793
27466.7793
27466.6797
27466.5137
27466.8789
27466.9688
27467.1582
27467.5352
27467.7129
27467.6348
27468.0020
27468.0137
27468.0898
27467.9141
27468.0898
27468.2676
27468.3457
27468.6113
27468.1465
27468.4004
27468.3887
27469.0215
27468.9395
27469.6543
27469.9180
27470.1973
27470.7520
27471.2168
27471.9375
27472.7461
27473.4551
27473.2676
27472.8359
27471.9160
27471.7383
27471.8145
27472.2695
27472.2812
27472.0273
27472.2266
27472.3945
27472.0508
27471.8613
27471.6836
27471.5957
27471.4180
27471.4297
27471.4414
27471.4531
27471.4766
27471.5664
27471.5098
27471.4219
27471.4883
27471.5898
27471.7656
27471.8418
27471.7207
27471.8965
27471.8086
27472.0527
27472.0762
27472.0762
27471.9648
27471.9648
27471.8750
27471.9648
27471.9648
27471.7637
27471.7520
27472.0957
27472.5156
27472.1602
27472.5273
27472.9590
27473.1230
27472.9707
27473.1895
27473.5195
27473.4316
27473.7441
27473.9199
27473.9863
27474.0996
27474.3066
27474.3398
27474.2520
27474.4062
27474.3184
27474.4414
27474.4297
27474.4961
27474.6719
27474.9043
27475.0273
27475.4043
27475.2676
27475.5801
27475.3262
27475.2910
27475.2793
27475.0723
27475.2148
27474.9727
27474.7188
27474.7949
27474.4648
27474.4863
27474.6543
27474.6191
27474.8066
27474.7949
27474.9727
27475.0723
27475.2383
27474.9629
27474.9512
27474.7832
27474.7734
27474.6074
27474.9746
27474.7949
27474.6426
27474.6543
27474.5781
27474.5117
27474.6777
27474.9414
27474.6230
27474.7012
27474.6016
27474.6250
27474.7656
27474.7012
27474.6777
27474.8535
27474.9414
27474.7773
27475.0078
27475.2969
27475.6270
27475.7031
27475.7812
27475.9473
27475.9473
27475.8594
27476.1348
27475.9805
27475.9590
27475.7812
27475.6152
27475.4395
27475.3262
27475.5156
27475.3145
27475.2148
27475.3027
27475.0391
27474.8613
27474.7617
27474.6855
27474.6094
27474.6738
27474.5098
27474.7559
27474.7559
27474.9980
27474.8555
27475.0859
27475.2734
27475.2734
27475.3496
27475.2930
27475.2812
27475.1934
27474.9824
27474.9180
27474.9180
27474.9277
27475.0508
27475.0508
27474.9199
27475.2969
27474.8203
27475.0215
27474.7559
27474.9316
27474.7441
27474.5566
27474.7090
27474.3672
27474.2559
27474.2910
27474.2148
27474.3906
27474.3906
27474.5684
27474.4551
27474.5215
27474.2559
27474.0918
27474.0801
27473.7910
27473.8027
27473.6387
27473.5840
27473.7969
27473.8203
27473.8320
27473.7012
27473.9551
27474.1191
27473.9434
27473.9434
27473.8555
27473.9316
27473.8320
27473.8984
27474.0098
27474.0195
27474.0098
27474.1992
27474.1758
27474.3281
27474.3633
27474.1875
27474.0859
27474.2754
27474.2754
27474.1641
27474.3633
27474.9395
27474.3223
27474.4980
27474.3809
27474.1152
27474.2812
27474.0156
27474.2930
27474.7344
27474.5449
27475.1758
27475.2754
27475.6406
27475.7168
27476.2578
27476.3457
27476.5352
27476.2461
27476.5000
27476.6875
27477.0820
27477.0938
27477.0820
27477.8770
27477.6230
27477.6641
27477.7422
27477.6758
27477.5762
27477.4297
27477.8066
27478.5469
27478.9766
27478.9766
27479.0898
27479.9707
27480.6719
27480.9297
27480.9414
27481.2949
27481.2949
27480.9941
27481.1934
27481.3594
27481.4219
27481.7637
27482.1172
27482.0273
27482.4570
27482.5586
27482.7109
27482.8203
27482.8613
27482.9512
27483.0508
27482.9629
27482.8613
27483.0391
27483.3926
27483.2383
27483.1270
27483.0859
27482.6973
27482.5332
27482.5332
27482.5332
27482.7207
27483.0723
27482.9844
27483.1602
27483.3711
27483.2598
27483.3828
27483.4727
27483.5078
27483.4844
27483.6719
27483.2656
27483.5547
27483.3125
27484.1191
27484.0312
27484.2578
27484.0957
27484.5879
27484.7754
27484.9004
27485.2871
27485.5508
27485.7500
27485.7754
27485.4473
27485.2812
27485.2812
27485.5938
27485.6055
27485.7168
27485.8164
27485.8809
27486.1562
27486.4336
27486.4453
27486.5449
27486.4570
27486.7207
27486.4219
27486.5566
27486.5684
27486.7207
27486.6328
27486.5391
27486.7461
27486.5918
27486.7461
27487.0098
27486.8223
27487.1465
27487.1289
27487.4688
27487.3691
27487.3809
27487.2578
27487.4688
27487.4688
27487.4805
27487.6582
27487.4277
27487.0996
27487.4004
27487.2344
27486.8594
27487.1230
27486.7070
27486.9707
27487.0586
27486.9355
27487.0859
27487.3516
27487.3691
27487.1621
27487.2402
27487.0625
27486.9395
27486.8633
27486.9629
27486.7988
27486.6328
27487.0859
27486.9219
27487.0586
27486.8828
27486.6523
27486.5527
27486.5898
27486.3613
27486.5625
27486.2969
27486.2441
27486.1562
27486.0918
27486.3438
27486.2812
27486.3438
27486.0039
27486.2168
27485.9277
27485.7773
27486.2051
27486.1270
27486.2051
27486.6445
27486.3047
27486.6445
27486.7441
27487.0195
27487.0312
27487.1973
27487.2324
27487.7480
27487.8242
27488.3867
27488.7402
27489.1270
27489.3809
27489.5312
27489.8691
27490.1074
27490.0078
27490.2715
27490.3965
27490.2305
27490.2188
27490.2793
27490.4551
27490.4316
27490.4434
27490.3496
27490.1270
27490.2266
27490.1621
27490.0762
27490.0996
27490.5156
27490.3750
27490.5508
27490.5879
27490.7871
27490.8105
27490.6230
27490.8984
27490.8340
27491.2227
27491.5117
27491.6113
27491.8984
27492.8789
27492.7129
27492.0723
27492.7109
27492.5996
27492.7852
27492.7461
27492.7715
27492.7188
27492.7070
27492.9062
27493.5352
27493.5840
27494.6250
27493.3438
27494.1699
27494.5469
27494.7969
27494.8340
27494.8457
27494.8223
27495.1973
27496.2285
27495.5371
27495.2852
27495.8008
27495.9004
27495.8477
27495.9492
27496.1875
27496.4004
27496.8652
27496.7871
27497.0645
27497.0000
27497.3652
27497.6387
27497.7637
27498.0156
27498.3164
27498.2148
27498.1016
27498.4395
27498.3281
27498.4785
27498.8164
27499.2266
27499.2676
27499.9180
27500.1172
27499.9922
27500.1934
27500.3809
27500.8691
27501.0801
27501.0801
27501.5547
27501.1523
27501.6934
27501.6289
27501.7129
27501.9766
27501.9766
27502.2129
27502.1895
27502.4883
27502.8535
27502.1504
27503.1035
27502.7656
27502.7012
27502.7656
27503.0645
27502.5996
27502.5625
27502.6621
27502.6094
27502.4473
27502.6230
27501.9844
27502.2715
27502.3711
27502.1465
27502.2695
27502.6348
27502.3203
27502.4219
27502.8379
27502.6602
27502.8242
27503.0742
27502.9883
27502.9004
27503.2637
27503.3633
27503.5371
27503.8145
27503.3750
27503.5371
27503.5488
27503.2109
27503.2754
27502.9629
27502.5352
27502.5469
27502.0840
27502.3242
27501.9961
27502.4609
27502.2832
27502.4473
27502.0840
27502.3477
27502.1230
27502.4609
27502.1094
27501.9102
27501.8984
27501.5352
27501.4102
27501.3984
27501.4609
27501.3613
27501.2129
27500.6836
27500.5234
27500.2480
27499.9219
27499.7461
27499.7324
27499.3965
27499.1699
27499.1074
27498.8301
27498.6172
27498.7168
27498.7539
27499.0547
27499.0918
27499.1035
27498.7656
27498.4023
27498.3887
27497.9258
27497.7031
27497.2754
27497.2891
27496.8750
27496.6113
27496.7109
27496.3594
27496.0605
27496.1719
27495.9609
27495.8340
27495.7598
27495.8223
27495.5488
27495.3965
27495.0586
27494.9082
27494.7949
27494.9199
27494.6699
27494.5195
27494.0312
27494.1680
27494.4062
27493.8066
27493.9805
27493.9941
27493.6543
27493.4551
27493.0059
27492.9043
27492.7285
27492.7285
27492.7051
27492.0801
27491.5293
27491.2402
27490.9277
27490.1406
27489.8281
27489.4648
27489.1777
27488.5762
27488.0391
27487.5137
27487.1992
27487.2012
27487.0879
27486.8379
27486.6504
27486.1621
27486.0273
27486.1504
27486.2266
27485.9648
27486.1387
27485.6133
27485.5391
27485.4121
27485.1387
27484.7754
27484.7637
27484.7754
27484.5000
27484.5254
27484.3379
27484.0254
27484.1504
27483.8262
27483.7500
27483.4883
27483.3887
27483.2012
27482.5625
27482.5020
27482.0391
27481.8379
27481.8125
27481.7383
27481.2891
27480.7637
27480.4141
27480.2383
27480.2266
27479.7129
27480.1250
27480.1387
27479.5762
27479.4902
27478.9531
27478.7012
27478.6016
27478.0898
27478.3262
27478.0781
27478.0527
27477.8281
27477.8164
27477.9277
27478.1797
27477.7422
27477.5801
27477.4160
27477.4414
27477.2188
27476.7305
27476.7188
27476.6309
27476.1934
27476.1816
27476.2949
27476.3066
27476.1035
27475.7188
27475.6328
27475.1699
27474.7324
27474.6211
27474.1836
27473.9844
27473.7227
27473.7227
27473.7227
27473.8848
27473.7969
27473.7734
27473.5371
27473.1504
27472.9785
27473.0508
27473.3379
27473.4258
27473.4121
27473.2266
27473.0020
27472.9766
27473.0410
27472.5664
27472.4023
27472.1035
27471.7676
27471.7422
27471.5762
27471.1797
27471.1309
27470.9570
27470.8828
27470.6562
27470.2949
27470.3574
27470.3086
27469.8594
27469.8594
27469.5469
27469.3496
27469.2988
27468.8750
27468.7617
27468.6133
27468.4629
27467.9746
27467.8633
27467.7012
27467.4766
27467.5879
27467.4023
27467.3770
27467.4277
27467.1777
27466.8027
27466.6035
27466.9531
27467.1797
27466.8164
27466.7305
27466.5664
27466.3184
27466.6562
27466.4434
27466.4043
27466.0059
27465.7441
27465.4941
27465.0820
27464.7461
27464.2832
27463.8223
27463.8086
27463.6973
27463.9082
27463.7461
27463.6973
27463.6328
27463.5527
27463.2832
27463.1719
27462.8105
27462.6250
27462.4746
27462.7324
27463.3730
27463.5254
27463.7109
27464.1367
27464.1113
27464.1992
27464.3750
27463.9629
27463.7754
27463.5645
27463.1895
27462.9648
27462.5820
27462.0410
27461.5176
27461.4043
27461.2930
27461.3926
27461.0938
27461.1816
27460.9062
27461.8047
27462.6543
27464.4141
27465.0879
27465.7617
27466.0371
27466.6484
27466.4727
27466.5352
27466.2246
27465.1367
27464.3652
27463.4883
27462.2441
27461.6953
27460.6719
27459.9238
27459.6738
27459.3008
27458.6387
27458.7891
27458.6914
27458.4004
27458.5156
27458.2891
27458.5781
27458.6035
27458.2539
27458.4043
27458.0566
27458.3691
27458.2090
27458.3574
27458.5566
27458.6816
27458.7441
27458.9062
27458.8672
27458.9316
27458.8945
27458.6328
27458.5098
27458.4727
27458.3594
27458.6250
27459.0488
27458.4492
27458.1387
27458.1992
27457.7402
27457.5020
27457.2285
27457.5762
27456.7168
27456.6172
27456.4570
27456.2812
27455.9805
27456.1797
27456.5430
27456.6172
27456.5039
27456.2461
27456.2070
27456.1836
27455.7715
27455.8086
27455.8223
27455.6328
27455.4102
27455.4355
27455.0605
27455.1270
27455.1094
27455.1113
27455.3730
27455.7852
27455.8359
27455.9844
27456.1348
27456.0703
27456.0039
27455.9199
27455.7207
27455.4824
27455.7559
27455.8711
27455.3594
27455.4199
