28088.9648
28089.0508
28089.3184
28089.3340
28089.2637
28089.2793
28089.2109
28089.1582
28089.2578
28089.3574
28089.4258
28089.5957
28089.8477
28089.8320
28089.9004
28089.8984
28089.8984
28089.8984
28089.9688
28090.0527
28090.3203
28090.6582
28091.0117
28091.2656
28091.5176
28091.7031
28091.7012
28091.6016
28091.5684
28091.4844
28091.5527
28091.5371
28091.7598
28091.8438
28091.9980
28091.8965
28092.0664
28092.0508
28091.9512
28091.9512
28091.9199
28091.7344
28091.9043
28091.9043
28091.9727
28091.9863
28092.0859
28092.2539
28092.2539
28092.2539
28092.2539
28092.0859
28092.0703
28091.9863
28091.8164
28091.7324
28091.5625
28091.3242
28091.1562
28091.0020
28090.9023
28090.8184
28090.7324
28090.7324
28090.6641
28090.7480
28090.7637
28090.8633
28090.7793
28090.9785
28090.9941
28091.0938
28091.2773
28091.4473
28091.5312
28091.7695
28091.8535
28091.8223
28091.8066
28091.9043
28091.7363
28091.5371
28091.3672
28091.1992
28091.1152
28091.0137
28090.9277
28090.8125
28090.8125
28090.7285
28090.7285
28090.6602
28090.5742
28090.4902
28090.4902
28090.5039
28090.6738
28090.7578
28090.6738
28090.7734
28090.7891
28090.8730
28090.7500
28090.7656
28090.5957
28090.6113
28090.6270
28090.6953
28090.6250
28090.7090
28090.7949
28090.7949
28090.8633
28090.9473
28091.0625
28091.1621
28091.2324
28091.4160
28091.6699
28091.6699
28091.6699
28091.7695
28091.7539
28091.7695
28091.8535
28092.0215
28092.2070
28092.3750
28092.4062
28092.4902
28092.4902
28092.5762
28092.5762
28092.5762
28092.6055
28092.7051
28092.7363
28092.7520
28092.7676
28092.7812
28092.7969
28092.7129
28092.7441
28092.6582
28092.6562
28092.6035
28092.5195
28092.5332
28092.5488
28092.4648
28092.3965
28092.3965
28092.2402
28092.1562
28092.0723
28092.0410
28091.9414
28091.9102
28091.7402
28091.5410
28091.1855
28090.9160
28090.5781
28090.3086
28089.8691
28089.5840
28089.3164
28089.0293
28088.8613
28088.5078
28088.3223
28088.1523
28087.8984
28087.8984
28087.6445
28087.4902
28087.2656
28087.0117
28086.8418
28086.8574
28086.7734
28086.8574
28086.9570
28087.0410
28087.0410
28087.1113
28087.0957
28086.9238
28086.8398
28086.8242
28086.7246
28086.7090
28086.7773
28086.9453
28087.0156
28087.0156
28087.0156
28087.0469
28087.0605
28086.9219
28086.8828
28086.7441
28086.7754
28086.7344
28086.7500
28086.6504
28086.8359
28086.8203
28086.9043
28087.0020
28087.0020
28087.0859
28087.0703
28087.0703
28087.1543
28087.2559
28087.2715
28087.2559
28087.2559
28087.3535
28087.3535
28087.4375
28087.5215
28087.7070
28087.8770
28088.0137
28088.3379
28088.4922
28088.4766
28088.5449
28088.5449
28088.5605
28088.4922
28088.4043
28088.3516
28088.1816
28088.0977
28088.0977
28088.0254
28087.8574
28087.7715
28087.6016
28087.4473
28087.3477
28087.2637
28087.0918
28087.0078
28086.9238
28086.7676
28086.5840
28086.4980
28086.4980
28086.3984
28086.3984
28086.3105
28086.2969
28086.2949
28086.2949
28086.3809
28086.5645
28086.6641
28086.8340
28086.9180
28087.0020
28087.1719
28087.3418
28087.5098
28087.6797
28087.8496
28088.0332
28087.9336
28087.7637
28087.6641
28087.3086
28087.1230
28086.8691
28086.7695
28086.5137
28086.5293
28086.5293
28086.4297
28086.4434
28086.4277
28086.5977
28086.6973
28086.6816
28086.9512
28087.1191
28087.1191
28087.1895
28087.2891
28087.3887
28087.4727
28087.6582
28087.8418
28088.0254
28087.8574
28087.8867
28087.7168
28087.5625
28087.5312
28087.6309
28087.8008
28087.9688
28088.1406
28088.3926
28088.5332
28088.7012
28088.7715
28088.9414
28088.8398
28088.6562
28088.6406
28088.4258
28088.3535
28088.2695
28088.2695
28088.3691
28088.4688
28088.5684
28088.5840
28088.6836
28088.6133
28088.6973
28088.6816
28088.6973
28088.7812
28088.8652
28088.9512
28089.0352
28089.0352
28089.1055
28089.0898
28089.0742
28089.0430
28088.9277
28088.8984
28088.7988
28088.7109
28088.6953
28088.5430
28088.4570
28088.4570
28088.4023
28088.4023
28088.4180
28088.4316
28088.5156
28088.4473
28088.3906
28088.3906
28088.2363
28088.1504
28088.0820
28087.9941
28087.9941
28087.9941
28088.0957
28088.0801
28088.1484
28088.2344
28088.4023
28088.4883
28088.4883
28088.6562
28088.6426
28088.6562
28088.7402
28088.8242
28088.9102
28088.8105
28088.9102
28088.9941
28089.0098
28089.1777
28089.4336
28089.6875
28089.6719
28089.8281
28089.9121
28089.9121
28089.9121
28089.8262
28089.8262
28089.6562
28089.5703
28089.4004
28089.4004
28089.3008
28089.2715
28089.0840
28088.9004
28088.6992
28088.5996
28088.4980
28088.4980
28088.6367
28088.8086
28088.9766
28089.0625
28088.9922
28088.9219
28088.7520
28088.5820
28088.3125
28088.2109
28088.0410
28088.1113
28088.1094
28088.1250
28088.2246
28088.1855
28088.1445
28088.1660
28087.9688
28088.0742
28087.9648
28088.0547
28088.0000
28088.0586
28088.0742
28088.0879
28088.1035
28088.1719
28088.3574
28088.4414
28088.5273
28088.6113
28088.6113
28088.4551
28088.4844
28088.3301
28088.2891
28088.2344
28088.1484
28088.0625
28088.0078
28087.9082
28087.8242
28087.7930
28087.5918
28087.3926
28087.1602
28086.8613
28086.6602
28086.4453
28086.1445
28085.8594
28085.7461
28085.4746
28085.1875
28085.1035
28085.0039
28084.9883
28084.8184
28084.9570
28084.9414
28085.0254
28085.2656
28085.4199
28085.6211
28085.6758
28085.8301
28085.8301
28085.7305
28085.7148
28085.7148
28085.6445
28085.5586
28085.4570
28085.4570
28085.4414
28085.5137
28085.6816
28085.6816
28085.7520
28085.8359
28085.8359
28085.8340
28085.9062
28085.9062
28085.9062
28085.8047
28085.8027
28085.7344
28085.7324
28085.7324
28085.8027
28085.9043
28085.8887
28085.8887
28085.8867
28085.8867
28085.9727
28086.0020
28086.0859
28086.0859
28086.0859
28086.0840
28086.0000
28086.0000
28086.0840
28086.2539
28086.3398
28086.5938
28086.7637
28086.8340
28086.9043
28086.9883
28087.0879
28087.1738
28087.2734
28087.3574
28087.3574
28087.5117
28087.5117
28087.5977
28087.6816
28087.6816
28087.6816
28087.5957
28087.5098
28087.5234
28087.6250
28087.7109
28087.8086
28087.9785
28088.1504
28088.2637
28088.3477
28088.5195
28088.4180
28088.4180
28088.4180
28088.5176
28088.5332
28088.6465
28088.6758
28088.5195
28088.4492
28088.1953
28088.1230
28088.0234
28088.0918
28088.0781
28088.0781
28088.1484
28088.4023
28088.6445
28088.9844
28089.2383
28089.7500
28090.0059
28090.3613
28090.6152
28091.0254
28091.0547
28091.3965
28091.5684
28091.8359
28091.9355
28092.0234
28091.9355
28092.0215
28092.0918
28092.1758
28092.1758
28092.1621
28092.3301
28092.3301
28092.2461
28091.9902
28091.8047
28091.5488
28091.3633
28091.2930
28091.1934
28091.0781
28091.0781
28091.0781
28091.0488
28091.1465
28091.2324
28091.3164
28091.4160
28091.6016
28091.7715
28091.8711
28091.9570
28092.1270
28092.3105
28092.4121
28092.7520
28093.0078
28093.1777
28093.2637
28093.2793
28093.3633
28093.4473
28093.4629
28093.4629
28093.5625
28093.6621
28093.6465
28093.8320
28093.9023
28093.9883
28094.0723
28094.0723
28094.1445
28094.3125
28094.3125
28094.2285
28094.1582
28094.0859
28093.9160
28093.9160
28093.9141
28094.0000
28094.0000
28094.0000
28094.0000
28093.8301
28093.7441
28093.5723
28093.5723
28093.4160
28093.2441
28093.2441
28093.0898
28093.0039
28092.9883
28092.8320
28092.7461
28092.6621
28092.6465
28092.4766
28092.2910
28092.3047
28092.2891
28092.3594
28092.5312
28092.5312
28092.7012
28092.7715
28092.7715
28092.7715
28092.7559
28092.7559
28092.6699
28092.6543
28092.6543
28092.6543
28092.6699
28092.8262
28092.9805
28093.1504
28093.3223
28093.6777
28093.9336
28094.1191
28094.5605
28094.8164
28094.9004
28095.1562
28095.4980
28095.5977
28095.7832
28095.9531
28096.0391
28095.9531
28095.8828
28095.6973
28095.6113
28095.5254
28095.4414
28095.4258
28095.3535
28095.1836
28095.0137
28094.8418
28094.7559
28094.6719
28094.6719
28094.5859
28094.5996
28094.4277
28094.3281
28094.3438
28094.3281
28094.2422
28094.1426
28093.9570
28093.7871
28093.4453
28093.2734
28093.0176
28092.9473
28092.8613
28092.7734
28092.6738
28092.5195
28092.3477
28092.1914
28092.0215
28091.8633
28091.8477
28091.8633
28091.8477
28091.8613
28091.8613
28091.8770
28091.6211
28091.4492
28091.2637
28091.0781
28090.8223
28090.9062
28090.6348
28090.4648
28090.4785
28090.2949
28090.2930
28090.3633
28090.6191
28090.7051
28091.0156
28091.3574
28091.7852
28092.0410
28092.2109
28092.2676
28092.2812
28092.1113
28091.9414
28091.7129
28091.6426
28091.5430
28091.4844
28091.5859
28091.6699
28091.8262
28091.9102
28091.9824
28091.9688
28092.0527
28092.2930
28092.5508
28092.7930
28093.1484
28093.4902
28093.7617
28094.0020
28094.1738
28094.2871
28094.3730
28094.3574
28094.2871
28094.1016
28093.9297
28093.8438
28093.8398
28093.7441
28093.8145
28093.9004
28093.9844
28093.9707
28093.9844
28093.9980
28093.8984
28093.8984
28093.7285
28093.7129
28093.7285
28093.8125
28093.7285
28093.7266
28093.7129
28093.6270
28093.6270
28093.5254
28093.5410
28093.4551
28093.4551
28093.3691
28093.1992
28093.1113
28092.8418
28092.6699
28092.5684
28092.5684
28092.7266
28092.6387
28092.8262
28092.8965
28093.2246
28093.5078
28093.7500
28093.8496
28093.7656
28093.3379
28093.1523
28092.9082
28092.7383
28092.6504
28092.5801
28092.4102
28092.3242
28092.1523
28092.1523
28092.1230
28092.2070
28092.1367
28092.0508
28091.9668
28091.7090
28091.5527
28091.3086
28091.1250
28091.1953
28091.1094
28091.3789
28091.7070
28091.8652
28092.1055
28092.4473
28092.7617
28093.1738
28093.6016
28093.9297
28094.3574
28094.9414
28095.2695
28095.5254
28095.9688
28096.2109
28096.3809
28096.6523
28096.9961
28097.3379
28097.4238
28097.6797
28097.9355
28098.1934
28098.3926
28098.7207
28098.8906
28099.0781
28099.1641
28099.1641
28099.4043
28099.5918
28099.7617
28099.8320
28100.0039
28100.0195
28100.1035
28100.1895
28100.2754
28100.3613
28100.7031
28100.9453
28100.9590
28101.1309
28101.2461
28101.1738
28101.0176
28101.1309
28101.2305
28101.3320
28101.3457
28101.4316
28101.2031
28101.0332
28100.8027
28100.4746
28100.2324
28100.1621
28100.1035
28100.0176
28099.8770
28099.8203
28099.5762
28099.2480
28098.9180
28098.6777
28098.4336
28098.2207
28098.0918
28097.7617
28097.7051
28097.3906
28097.3359
28097.1133
28096.8906
28096.7500
28096.6914
28096.5332
28096.3047
28096.2480
28096.1758
28096.2051
28096.2344
28096.2617
28096.2051
28096.1621
28096.0176
28095.8770
28095.8047
28095.7324
28095.5898
28095.6172
28095.5469
28095.4023
28095.4453
28095.4727
28095.3164
28095.1602
28095.0156
28094.8887
28094.8027
28094.6719
28094.5293
28094.6582
28094.5859
28094.5430
28094.5723
28094.4980
28094.5273
28094.4688
28094.4121
28094.3555
28094.2109
28094.0547
28094.1816
28094.0391
28093.9688
28093.8945
28093.8223
28093.6797
28093.8086
28093.7520
28093.6934
28093.8066
28093.8359
28093.7637
28093.7051
28093.5625
28093.4199
28093.1602
28093.0039
28092.6738
28092.3457
28092.1016
28091.9297
28091.5996
28091.3867
28091.2266
28090.9707
28090.7266
28090.8398
28090.7539
28090.7812
28090.7949
28090.9082
28090.9375
28091.0508
28091.1660
28091.2637
28091.4629
28091.5762
28091.5898
28091.6914
28091.6328
28091.6602
28091.7461
28091.8750
28092.0879
28092.3594
28092.6426
28092.7441
28092.7715
28092.8574
28092.8984
28092.9121
28093.1113
28093.2383
28093.4258
28093.5527
28093.6523
28093.6660
28093.7656
28093.8516
28093.8789
28094.0508
28094.2480
28094.4219
28094.5195
28094.8066
28095.0059
28095.2031
28095.2910
28095.3047
28095.0449
28094.8008
28094.5586
28094.2422
28093.8262
28093.6836
28093.5957
28093.5371
28093.4668
28093.4082
28093.3516
28093.2773
28093.2910
28093.1895
28093.2891
28093.2168
28093.1309
28093.0586
28093.1582
28093.1016
28093.1992
28093.3984
28093.6699
28093.7832
28094.0703
28094.2402
28094.4258
28094.5117
28094.5254
28094.7676
28095.0527
28095.1387
28095.5098
28095.7520
28096.0234
28096.2090
28096.5371
28096.7949
28096.7793
28096.8652
28096.9492
28096.7500
28096.3340
28096.1484
28095.9609
28095.8750
28095.8027
28095.8887
28096.0586
28096.2441
28096.3164
28096.4004
28096.3867
28096.4844
28096.4844
28096.3125
28096.2266
28096.1406
28096.1406
28096.3105
28096.4668
28096.7246
28096.8105
28097.0684
28097.1387
28097.1387
28097.3242
28097.4961
28097.4238
28097.4238
28097.2207
28097.1504
28096.9043
28096.9922
28096.8320
28096.8320
28096.7461
28096.5742
28096.5137
28096.3555
28096.2129
28096.1387
28096.0664
28095.9082
28095.8359
28095.6641
28095.7480
28095.6055
28095.5176
28095.5449
28095.3867
28095.3145
28095.1562
28095.0840
28094.9961
28094.7676
28094.6797
28094.5078
28094.4355
28094.3770
28094.3047
28094.2441
28094.1289
28093.9844
28093.6113
28093.3086
28093.0762
28092.9316
28092.8750
28093.1582
28093.3457
28093.7012
28093.8730
28093.9434
28093.8711
28093.7578
28093.4121
28093.0527
28092.5508
28092.1074
28091.8613
28091.5156
28091.3438
28091.1855
28091.0840
28090.9980
28091.0820
28091.0820
28091.1543
28091.3965
28091.5840
28091.8105
28091.9707
28092.3848
28092.8145
28092.9707
28093.1426
28093.0410
28092.8691
28092.5957
28092.3379
28092.0508
28091.8652
28091.6641
28091.4766
28091.2754
28091.1172
28091.0039
28090.7441
28090.6289
28090.4297
28090.3125
28090.3125
28090.2988
28090.5430
28090.6133
28090.8711
28091.2734
28091.6035
28091.6602
28091.7031
28091.6621
28091.7324
28091.6035
28091.7324
28091.7930
28092.0215
28092.1660
28092.3223
28092.4082
28092.4785
28092.3789
28092.3066
28092.2051
28092.0176
28091.9180
28091.8320
28091.4590
28091.0859
28090.6406
28090.2969
28090.1094
28090.1797
28090.3242
28090.4688
28090.5254
28090.4980
28090.4688
28090.3691
28090.2676
28089.9668
28089.6953
28089.3223
28088.8633
28088.3320
28088.0449
28087.8301
28087.8750
28087.9043
28087.9746
28087.9336
28087.7324
28087.5469
28087.2012
28087.0742
28086.8008
28086.5723
28086.5293
28086.3008
28086.1738
28086.0449
28086.1016
28086.0742
28086.1445
28085.9453
28085.8320
28085.5586
28085.4434
28085.3164
28085.2129
28085.2598
28085.3164
28085.2754
28085.3320
28085.4766
28085.5488
28085.5918
28085.4785
28085.4355
28085.3340
28085.1211
28084.9922
28084.8652
28084.7344
28084.6211
28084.6074
28084.4062
28084.4648
28084.4375
28084.5801
28084.6387
28084.6973
28084.7402
28084.7266
28084.6719
28084.6152
28084.5020
28084.2988
28084.2715
28084.2578
28084.2422
28084.2891
28084.2598
28084.4043
28084.3770
28084.4062
28084.4648
28084.4492
28084.4219
28084.2949
28084.2656
28084.2520
28084.2109
28084.1816
28084.1543
28084.1113
28084.1973
28084.0977
28084.1562
28084.1406
28084.2148
28084.2871
28084.3438
28084.4160
28084.4883
28084.5469
28084.5332
28084.7188
28084.7910
28084.8887
28085.0625
28085.2207
28085.4062
28085.3926
28085.4648
28085.4512
28085.2637
28085.1621
28085.1621
28085.1348
28085.2344
28085.3926
28085.4648
28085.6230
28085.8809
28085.9668
28086.1133
28086.2852
28086.3418
28086.4277
28086.5605
28086.6602
28086.6445
28086.6582
28086.4863
28086.4863
28086.3984
28086.3125
28086.3125
28086.2969
28086.3828
28086.3965
28086.3105
28086.1250
28086.1387
28086.0508
28085.8633
28085.7637
28085.6914
28085.5039
28085.4180
28085.3457
28085.3574
28085.4434
28085.3574
28085.3438
28085.5156
28085.5742
28085.6602
28085.6602
28085.6602
28085.6602
28085.6738
28085.7578
28085.7578
28085.7441
28085.7168
28085.7168
28085.6016
28085.6875
28085.6875
28085.7871
28085.8008
28085.7012
28085.7988
28085.8984
28085.8262
28085.8398
28085.6816
28085.6074
28085.4473
28085.2891
28085.1289
28085.1562
28085.1973
28085.2090
28085.3965
28085.5957
28085.6816
28085.7539
28085.7539
28085.8535
28085.8672
28085.9531
28086.0527
28086.1094
28086.0098
28085.9824
28085.8828
28085.7695
28085.5957
28085.5078
28085.5078
28085.4082
28085.3223
28085.2480
28084.9746
28084.9609
28084.8750
28084.8613
28084.8477
28084.8320
28084.7461
28084.7324
28084.7324
28084.7188
28084.8184
28084.7168
28084.8301
28084.8301
28084.9160
28084.9160
28085.0879
28085.1465
28085.1602
28085.2324
28085.3184
28085.2188
28085.3184
28085.3164
28085.3887
28085.4023
28085.3887
28085.3750
28085.3750
28085.3730
28085.2734
28085.2871
28085.2598
28085.1602
28085.0742
28085.0723
28085.1445
28085.1445
28085.3887
28085.3750
28085.6074
28085.7383
28085.9707
28086.0430
28086.0156
28085.8887
28085.8750
28085.8613
28085.8477
28085.9062
28086.0059
28086.0938
28086.0918
28086.1777
28086.2500
28086.5098
28086.8555
28087.1875
28087.4473
28087.7793
28087.9648
