27514.4277
27513.8379
27513.7207
27514.0820
27513.9199
27514.4258
27514.1641
27514.3184
27514.7246
27514.5527
27514.7285
27514.3828
27514.2676
27514.4551
27514.2949
27514.3223
27514.0332
27514.0879
27514.0879
27513.9707
27513.7266
27513.8535
27513.7812
27513.9219
27513.9219
27513.9902
27514.3047
27513.9766
27514.1035
27514.1914
27514.2754
27514.2188
27514.3477
27514.3633
27514.2734
27514.4297
27514.5156
27514.6426
27515.0723
27515.3574
27515.3008
27515.4570
27515.5449
27515.3848
27515.4277
27515.5000
27515.5156
27515.5430
27515.4004
27515.4863
27515.7305
27515.5566
27515.5410
27515.9004
27516.0156
27516.0703
27516.2715
27516.4707
27516.5547
27516.9551
27517.0273
27517.4258
27517.4824
27517.6250
27517.7969
27517.8691
27517.9121
27518.1836
27518.1836
27518.3398
27518.4688
27518.5273
27518.6816
27519.1113
27518.9688
27519.2988
27519.4258
27519.6406
27519.6680
27519.9395
27519.9824
27520.3965
27520.3945
27520.4941
27520.8789
27520.8789
27521.2793
27521.2070
27521.1484
27521.4766
27521.4473
27521.3047
27521.4336
27521.4609
27521.5312
27521.4883
27521.6738
27521.3301
27521.4453
27521.4590
27521.3867
27521.1719
27521.0000
27521.0566
27520.8555
27520.7402
27520.7812
27520.5820
27520.5938
27520.4238
27520.1660
27520.1934
27520.2207
27520.1914
27520.2324
27520.1484
27520.3047
27520.4883
27520.2305
27520.3594
27520.6445
27520.5586
27520.6719
27520.7852
27520.8145
27520.8418
27521.0840
27520.9121
27521.2969
27521.1543
27521.1836
27521.3262
27521.3262
27521.5957
27521.3965
27521.5371
27521.5801
27521.5078
27521.5918
27521.7773
27521.9062
27521.6777
27521.5469
27521.9609
27521.8906
27521.9609
27522.0020
27522.0020
27522.1016
27522.0000
27521.9141
27522.2695
27522.2129
27522.3965
27522.2695
27522.1953
27522.3809
27522.3379
27522.4805
27522.6660
27522.5234
27522.7363
27522.7637
27522.9473
27522.6895
27522.7578
27522.7578
27522.9121
27522.9707
27522.9648
27522.9102
27523.0215
27523.1641
27523.1914
27523.2617
27523.3203
27523.4609
27523.5469
27523.4883
27523.3867
27523.2051
27522.8203
27522.7070
27523.1875
27522.8340
27522.5918
27523.2148
27522.9863
27523.1445
27522.7598
27522.8301
27523.2969
27523.4355
27522.5293
27522.2148
27522.9805
27522.7969
27522.7676
27523.1914
27522.9551
27523.2773
27523.2773
27523.2773
27522.8809
27523.2637
27523.3750
27523.5254
27523.4141
27523.1309
27523.5234
27523.7656
27523.5762
27523.6465
27523.7461
27523.6445
27523.8555
27524.0254
27524.0664
27523.8945
27524.2227
27524.1211
27524.2930
27524.3906
27524.6016
27524.4707
27524.5586
27524.5391
27524.5820
27524.6621
27524.7305
27524.4609
27524.6406
27524.6699
27524.5273
27524.4570
27524.5547
27524.6367
27524.7051
27524.6641
27524.7031
27524.8027
27525.2500
27524.9824
27525.2109
27525.0293
27525.1953
27525.0938
27525.1113
27524.9707
27524.9805
27524.9883
27525.2461
27525.0352
27524.7754
27524.9336
27524.7520
27524.7715
27524.7910
27524.9492
27524.9590
27524.9883
27525.1895
27525.4570
27525.5391
27525.4668
27525.5176
27525.3164
27525.0449
27525.0840
27524.8848
27524.6816
27525.0234
27524.8125
27524.6113
27524.4707
27524.3574
27524.4590
27524.4590
27524.6855
27524.6562
27524.6543
27524.6836
27524.4727
27524.6836
27524.5723
27524.5723
27524.5312
27524.5703
27524.2402
27524.1387
27524.2168
27524.1953
27524.3750
27524.3145
27524.4238
27524.5430
27524.6426
27524.6699
27524.7402
27524.7695
27524.9492
27525.1367
27525.2461
27525.0664
27525.3047
27525.3047
27525.2637
27525.3027
27525.3613
27525.3613
27525.2207
27525.2285
27525.1484
27525.1094
27525.2070
27525.1074
27525.0156
27524.9043
27524.6953
27525.0117
27524.6621
27524.9102
27524.8301
27524.8984
27524.6602
27524.5898
27524.5879
27524.4082
27524.1680
27524.4102
27524.1016
27524.3906
27524.4844
27524.3730
27524.5547
27524.8770
27524.6035
27524.6465
27524.8750
27524.8965
27524.5977
27524.4961
27524.8105
27524.5859
27524.5469
27524.4863
27524.3770
27524.2246
27524.2246
27524.0371
27524.1055
27523.8984
27523.9785
27523.9180
27523.8320
27523.6309
27523.5703
27523.5801
27523.5859
27523.6172
27523.1738
27523.4883
27523.6895
27523.7793
27523.3789
27523.3555
27523.3242
27523.4238
27523.3242
27523.2539
27523.3613
27523.4316
27523.4004
27523.3691
27523.3984
27523.0898
27523.1895
27523.0273
27522.9355
27522.9727
27522.8730
27523.1406
27523.5020
27523.3789
27523.5781
27523.7695
27523.8086
27523.7461
27523.6465
27523.6758
27523.5430
27523.4824
27523.5117
27523.6348
27523.6113
27523.7109
27523.8711
27523.9785
27524.1719
27524.2402
27524.2695
27524.2773
27524.3379
27524.3672
27524.3359
27524.3047
27524.2363
27524.1426
27524.1719
27524.2031
27524.2031
27524.0645
27524.0625
27523.9629
27523.9551
27523.8184
27523.6094
27523.5410
27523.3691
27523.4316
27523.4043
27523.4238
27523.2930
27523.2852
27523.4531
27523.2676
27523.3965
27523.5215
27523.5137
27523.2578
27523.2578
27523.2324
27523.2441
27523.2930
27523.3770
27523.1445
27523.2676
27523.1680
27523.0918
27522.9297
27522.8848
27522.5156
27522.2949
27522.5449
27522.9141
27522.9766
27523.1699
27523.0625
27523.4062
27523.3691
27523.2441
27523.3750
27523.3438
27523.2852
27523.3848
27523.5234
27523.5977
27523.6973
27523.7969
27523.8906
27524.0586
27524.0273
27524.0898
27523.9941
27523.9941
27524.0625
27523.9941
27523.9668
27523.9414
27523.7520
27523.5840
27523.4160
27523.4160
27523.3457
27523.3438
27523.2383
27523.3008
27523.3320
27523.3887
27523.4844
27522.9805
27523.5195
27523.4824
27523.5449
27523.4824
27523.3867
27523.5547
27523.6758
27523.8066
27523.6484
27523.6484
27523.6836
27523.7461
27523.7148
27523.7148
27523.6816
27523.8457
27523.7754
27523.8770
27523.8086
27523.7754
27523.7754
27523.7754
27523.7734
27523.7422
27523.7734
27523.8750
27523.8047
27523.7363
27523.8047
27523.8672
27523.7715
27523.6719
27523.8086
27523.6387
27524.2441
27523.8711
27523.8652
27524.1016
27524.0977
27524.3008
27524.1953
27524.6602
27524.3223
27524.6953
27524.6582
27524.6582
27524.7930
27524.7656
27524.8711
27524.6738
27524.8750
27524.9824
27524.9512
27525.0859
27525.0859
27525.2520
27525.3164
27525.4160
27525.5508
27525.7109
27525.8066
27525.8379
27525.8379
27525.7695
27525.6680
27525.6309
27525.6309
27525.6270
27525.5586
27525.5938
27525.6621
27525.7305
27525.8652
27526.0371
27526.1406
27526.1426
27526.3477
27526.6191
27526.9199
27527.1914
27527.2910
27527.3926
27527.4551
27527.3535
27527.2812
27527.3105
27527.2754
27527.1523
27527.0176
27527.0020
27527.0000
27527.1348
27527.1309
27527.1660
27527.3711
27527.2305
27527.6016
27527.3613
27527.5332
27527.4961
27527.5293
27527.6621
27527.6621
27527.7988
27527.7285
27527.6973
27527.6289
27527.7637
27527.8965
27527.7266
27527.7637
27527.7266
27527.8945
27527.6191
27527.8906
27527.6836
27527.8848
27527.7500
27527.9160
27527.7852
27527.8184
27527.7832
27527.8867
27528.2910
27527.9824
27528.5215
27528.1836
27528.6562
27528.6562
27528.6562
27528.6191
27528.8555
27528.8223
27528.8555
27528.6523
27528.8887
27528.6543
27528.6543
27528.7207
27528.7520
27528.8516
27528.7168
27528.6484
27528.9160
27528.8828
27528.7812
27529.0195
27528.5840
27528.7871
27528.8535
27529.0859
27529.0859
27529.0859
27529.0527
27529.1211
27529.1504
27529.3516
27529.1484
27529.4180
27529.6504
27529.4473
27529.5449
27529.8770
27529.7715
27529.7715
27529.7715
27529.6016
27529.8047
27529.4746
27529.3457
27529.0488
27528.8848
27528.8867
27528.9863
27528.8184
27529.0859
27529.0508
27528.8457
27529.0137
27528.8438
27528.9082
27528.9082
27528.8398
27528.9062
27528.7363
27528.9707
27528.9336
27529.0996
27529.3320
27529.3301
27529.0938
27529.2910
27529.1582
27529.2910
27529.2227
27529.2871
27529.3203
27529.1836
27529.5176
27529.7168
27529.4844
27529.3828
27529.2832
27529.0820
27528.9824
27528.9160
27528.7148
27529.1152
27528.9805
27529.3457
27529.2109
27529.6113
27529.7676
27529.7441
27529.6113
27529.8457
27529.7109
27529.7441
27529.5781
27529.7422
27529.5410
27529.6094
27529.4082
27529.3086
27529.0059
27528.9727
27528.7070
27528.7070
27528.2715
27528.5371
27528.5039
27528.0371
27528.2363
27527.8691
27527.9355
27527.7695
27527.4688
27527.5996
27527.5996
27527.5547
27527.7324
27527.6309
27527.6309
27527.7305
27527.8301
27527.6953
27527.9297
27527.7949
27528.0273
27527.7930
27528.0918
27527.9922
27528.0586
27527.8906
27527.8906
27528.0898
27527.8574
27527.9883
27528.0762
27527.9883
27527.7539
27527.9199
27527.7871
27527.8535
27527.8535
27527.9180
27527.9512
27527.4512
27527.6816
27527.2148
27527.2480
27527.1836
27526.8809
27527.0488
27526.9805
27526.9141
27527.1816
27527.2480
27527.3145
27527.1797
27527.2793
27527.0684
27527.0098
27526.7441
27526.9766
27526.8086
27526.7402
27526.8086
27526.9062
27526.8047
27526.9375
27526.6738
27526.6367
27526.5039
27526.5664
27526.3691
27526.3672
27526.4004
27526.4688
27526.4336
27526.2305
27526.0625
27526.1289
27526.0273
27526.1270
27526.0918
27526.0586
27526.1543
27526.4531
27526.2188
27526.0488
27526.3496
27526.2461
27526.0469
27526.1484
27526.0117
27525.9805
27526.3086
27526.0762
27525.9727
27526.3379
27526.3027
27526.5723
27526.3965
27526.1074
27526.4980
27527.1035
27526.6582
27526.8633
27526.9922
27526.9238
27526.9590
27526.8555
27526.9648
27527.0859
27527.1172
27527.0508
27527.2500
27527.4453
27527.4766
27527.4082
27527.6035
27527.7363
27527.5371
27527.7988
27527.7988
27527.9590
27527.9199
27528.0508
27528.0117
27528.1777
27528.3691
27528.3711
27528.4316
27528.4336
27528.4297
27528.5664
27528.8965
27528.1660
27528.6250
27528.8926
27528.9297
27529.0938
27528.9727
27529.0918
27529.3555
27529.5234
27529.5527
27529.4902
27529.6191
27529.5156
27529.6816
27529.2734
27529.2715
27529.2695
27529.4668
27529.5352
27529.6367
27530.0723
27530.2363
27530.4043
27530.5000
27530.8750
27530.6562
27530.9512
27531.1953
27531.6953
27531.4512
27531.4434
27531.8848
27532.3145
27532.4121
27532.3809
27532.8457
27533.3457
27533.3457
27533.5762
27533.8398
27533.7266
27534.0566
27534.1855
27534.4805
27534.6797
27534.9102
27535.2812
27535.1348
27535.3672
27535.2617
27535.6895
27535.8477
27536.0137
27536.0430
27536.2734
27536.3672
27536.5312
27537.2168
27537.0234
27537.0176
27537.0215
27537.1973
27537.6426
27537.8418
27537.9062
27538.0586
27538.2324
27538.1348
27538.2637
27538.3281
27538.4980
27538.4609
27538.6934
27538.5977
27538.6855
27538.7070
27538.9883
27538.9219
27538.7246
27539.0840
27538.8477
27539.0820
27538.7852
27539.0527
27538.9512
27539.0547
27539.0527
27538.8633
27538.9902
27538.8984
27538.9980
27539.0703
27538.9355
27538.8340
27538.7422
27538.8105
27538.7148
27538.6836
27538.6211
27538.6875
27538.6953
27538.6289
27538.2695
27538.4316
27538.0371
27538.0762
27537.8809
27537.7480
27537.6543
27537.5273
27537.5039
27537.2070
27537.3770
27537.0820
27537.0566
27536.9023
27536.8008
27536.6406
27536.2852
27536.2207
27536.3555
27535.9023
27535.5078
27535.4531
27535.4883
27535.4570
27535.8809
27535.5977
27535.3984
27535.7266
27535.4492
27535.6016
27535.5820
27535.9766
27535.9941
27536.2168
27536.0938
27535.9863
27536.1562
27535.8574
27536.3262
27536.2617
27536.9688
27537.2676
27537.3750
27537.3398
27536.9141
27536.8008
27536.5352
27536.8711
27536.9844
27536.7891
27537.3496
27537.5566
27537.3613
27537.4551
27537.2734
27537.5254
27537.2832
27537.0996
27537.1055
27537.0215
27537.3223
27537.3574
27537.2559
27537.4277
27537.6211
27537.6270
27537.5566
27537.4336
27537.5840
27537.6172
27537.8594
27538.1797
27538.0020
27538.1094
27537.9375
27537.7441
27537.8730
27537.8066
27537.9004
27537.5801
27537.4805
27537.3145
27536.9570
27537.0859
27536.8496
27536.7227
27536.5859
27536.3848
27536.4570
27536.2129
27536.3223
27536.2852
27536.3496
27536.4434
27536.1211
27536.0566
27536.0195
27535.9844
27535.8203
27535.7578
27535.5859
27535.6934
27535.6270
27535.6211
27535.5859
27535.6855
27535.8203
27535.6211
27535.5645
27535.5000
27535.3926
27535.4648
27535.4922
27535.3066
27535.2441
27534.9863
27534.9941
27534.9668
27534.8184
27534.7910
27534.7910
27534.6641
27534.5273
27534.3359
27534.3008
27534.0996
27534.3086
27534.2383
27534.3457
27534.1621
27534.1289
27534.1816
27534.3184
27534.1270
27534.0273
27534.0195
27534.0547
27534.1992
27533.9922
27533.7734
27533.8555
27533.6016
27533.3652
27533.3926
27533.0664
27532.9941
27532.9219
27533.1582
27533.0586
27532.9004
27532.8750
27532.7305
27532.9238
27532.6953
27532.8594
27532.6680
27533.0605
27532.7500
27532.8164
27532.8789
27532.7793
27532.9258
27533.0625
27532.6621
27532.7539
27532.3809
27532.4551
27532.1348
27532.1367
27532.2734
27532.2441
27532.0918
27532.0273
27531.8633
27532.0469
27532.0195
27532.4102
27532.0371
27532.0371
27531.8633
27532.1270
27532.1816
27532.2461
27532.1895
27532.3340
27532.4258
27532.3340
27532.4258
27532.2422
27532.4980
27532.6504
27532.0293
27532.2656
27533.8711
27534.0293
27532.9941
27532.4629
27533.3770
27533.2773
27533.5312
27533.7910
27533.9941
27533.7578
27533.5098
27533.5273
27533.1816
27533.9473
27533.8086
27533.2695
27533.4434
27533.3066
27533.3691
27533.2539
27533.0820
27533.2402
27533.2188
27533.0781
27533.2656
27533.0215
27533.0371
27532.7832
27532.9727
27532.9512
27533.0000
27533.0508
27532.7344
27532.5703
27532.3535
27532.6445
27532.3438
27532.0645
27531.9277
27532.0273
27532.2246
27532.0781
27532.2793
27532.4043
27532.6074
27532.7441
27532.8594
27533.0234
27532.9336
27532.8477
27532.7227
27532.8359
27532.7109
27532.3730
27532.4980
27532.8242
27532.5117
27532.7637
27532.8887
27533.3301
27533.2402
27533.3906
27533.5684
27533.5801
27533.5312
27533.5039
27533.4277
27533.1758
27532.9746
27532.4727
27532.4082
27532.4590
27532.0820
27532.0684
27531.9570
27532.3457
27532.0430
27532.1172
27531.9688
27531.7695
27531.8555
27532.2812
27531.9434
27531.7539
27531.4922
27531.5664
27531.5918
27531.3281
27531.2910
27531.0996
27531.3398
27530.9883
27530.8984
27530.7500
27531.0625
27530.8984
27530.6484
27530.4492
27530.3105
27530.2461
27530.2070
27530.1699
27529.9453
27529.6426
27529.6934
27529.7773
27529.5898
27529.0762
27529.0508
27528.8613
27529.0723
27529.1855
27529.3086
27529.0078
27529.0703
27528.9316
27528.9941
27529.1191
27528.7676
27528.6172
27528.6172
27528.3770
27528.3398
27528.0391
27527.7129
27527.6250
27527.8750
27527.5859
27527.4355
27527.0586
27526.9082
27526.8711
27526.7324
27526.6074
27526.5820
27526.4180
27526.6543
27526.5664
27526.4922
27526.2910
27526.1270
27526.0000
27525.9004
27525.7246
27525.6738
27525.3848
27524.9590
27525.0723
27524.9727
27524.8828
27524.7441
27524.2852
27524.4707
27524.6074
27524.5449
27524.3320
27524.2051
27523.9902
27523.6543
27523.6152
27523.5625
27523.4629
27523.4629
27523.3359
27523.3105
27523.2129
27522.9648
27523.2148
27522.9512
27522.8418
27522.4922
27522.3418
27522.2031
27521.8281
27521.4414
27521.3301
27521.2168
27521.2168
27521.2148
27521.4395
27521.0410
27521.0898
27521.0273
27520.7793
27520.5156
27520.5781
27520.3145
27520.3145
27520.1035
27520.2520
27519.9277
27520.2656
27520.2656
27520.1406
27520.2891
27520.2891
27520.0020
27519.9863
27519.9863
27519.9863
27519.9238
27519.5918
27519.5137
27519.5000
27519.3770
27519.1738
27519.2988
27519.0977
27519.2227
27519.0215
27519.0684
27518.9434
27518.8066
27519.0684
27518.9531
27519.0059
27518.7578
27518.9043
27519.0176
27518.9785
27518.9785
27518.9551
27518.9785
27519.0156
27518.7852
27519.0156
27518.6543
27518.4922
27518.4688
27518.5977
27518.3965
27518.5879
27518.3125
27518.5410
27518.4883
27518.3262
27518.2188
27518.3320
27518.1953
27518.1484
27518.3633
27518.4395
27518.5312
27518.6465
27518.6699
27518.8223
27518.7852
27518.4922
27518.5840
27518.5762
27518.4766
27518.7148
27518.7617
27518.7461
27518.4453
27518.5996
27518.6758
27518.8984
27518.9297
27518.9609
27518.7520
27518.8984
27518.8145
27518.8750
27518.8594
27518.7129
27518.7227
27518.7656
27519.1660
27519.0352
27519.0898
27518.9512
27519.2109
27519.0430
27519.0273
27518.8203
27519.0801
27519.0430
27519.4590
27519.4258
27519.1973
27519.3633
27519.2969
27519.4961
27519.3574
27519.5352
27519.1738
27519.4141
27519.4277
27519.4141
27519.4746
27519.4746
27519.4746
27519.3516
27519.7109
27519.4668
27519.6289
27519.5293
27519.6680
27519.6074
27519.8672
27519.8672
27519.7070
27519.5664
27519.5664
27519.5215
