27516.4258
27515.4707
27515.2539
27515.7812
27515.4531
27516.1934
27515.7637
27515.8516
27516.4902
27516.2852
27516.7285
27516.3164
27516.1016
27516.4219
27516.0938
27516.0879
27515.6660
27515.6543
27515.6543
27515.4375
27515.1270
27515.2207
27515.1152
27515.0879
27515.0879
27514.9570
27515.3711
27515.0762
27515.1699
27515.3906
27515.3750
27515.3848
27515.4805
27515.5957
27515.3730
27515.4648
27515.4492
27515.5430
27516.1738
27516.3574
27516.3672
27516.4570
27516.6777
27516.3496
27516.4629
27516.5664
27516.6816
27516.6758
27516.4668
27516.6855
27516.9961
27516.7910
27516.6758
27517.2012
27517.4141
27517.4043
27517.6055
27517.8047
27517.7891
27518.1875
27518.2930
27518.6934
27518.6816
27518.8906
27519.0977
27519.2012
27519.3105
27519.6172
27519.6172
27519.9395
27520.0371
27520.2598
27520.3496
27520.9785
27520.7695
27521.2988
27521.3926
27521.7070
27521.7012
27522.0059
27522.1172
27522.6309
27522.3945
27522.4941
27522.7793
27522.7793
27523.1797
27523.0742
27522.8477
27523.1426
27523.1484
27522.9375
27523.0332
27523.2617
27523.3652
27523.2559
27523.5742
27523.3965
27523.6113
27523.9590
27524.0859
27524.0059
27524.0332
27524.2578
27524.0547
27524.0742
27524.1816
27523.9824
27524.0938
27523.8906
27523.4648
27523.4590
27523.4551
27523.4590
27523.5664
27523.3477
27523.4375
27523.7559
27523.3320
27523.4258
27523.6113
27523.3926
27523.6055
27523.5859
27523.5801
27523.5742
27523.8848
27523.6797
27523.9648
27523.7559
27523.7500
27523.7266
27523.7266
27524.0293
27523.8301
27524.0371
27524.1465
27524.0410
27524.2598
27524.3438
27524.4395
27524.2441
27524.1484
27524.4277
27524.3242
27524.4277
27524.5352
27524.5352
27524.6348
27524.5332
27524.4316
27524.9531
27524.8457
27525.1641
27524.8359
27524.9609
27525.0469
27524.9375
27525.1465
27525.2324
27525.0234
27525.3359
27525.3301
27525.6484
27525.4551
27525.5586
27525.5566
27525.8789
27525.8691
27526.0977
27525.8770
27526.0879
27526.2969
27526.2930
27526.3945
27526.3867
27526.5938
27526.5801
27526.5879
27526.4863
27526.1719
27525.6543
27525.4395
27526.0547
27525.5332
27525.2266
27526.0488
27525.8535
27525.9434
27525.4277
27525.5293
27526.2637
27526.4688
27525.2285
27524.8164
27525.8477
27525.5293
27525.5332
27526.1582
27525.6211
27526.1445
27526.1445
27526.1445
27525.5137
27526.0293
27526.2422
27526.5586
27526.3477
27525.9316
27526.5566
27526.8652
27526.7773
27526.8789
27526.9785
27526.8789
27527.1895
27527.3926
27527.4980
27527.2949
27527.5879
27527.4883
27527.6934
27527.7910
27528.1016
27527.8926
27527.9922
27528.1055
27528.2148
27528.4277
27528.5312
27528.2266
27528.5410
27528.5352
27528.3281
27528.2246
27528.3223
27528.5352
27528.6387
27528.5293
27528.6367
27528.7363
27529.0156
27529.0488
27529.2461
27528.9297
27528.7949
27528.6953
27528.5781
27528.3711
27528.4805
27528.2559
27528.4453
27528.1367
27527.9414
27528.0332
27527.7188
27527.9395
27527.8242
27527.9160
27528.0254
27528.0215
27528.2227
27528.5234
27528.7383
27528.6348
27528.8496
27528.6504
27528.3457
27528.4512
27528.2520
27528.0488
27528.4551
27528.1465
27527.9434
27527.7363
27527.5254
27527.6250
27527.6250
27527.8203
27527.8223
27527.8223
27527.8184
27527.5059
27527.8164
27527.6055
27527.6055
27527.4961
27527.6035
27527.3066
27527.2051
27527.4180
27527.5293
27527.8418
27527.8477
27528.0566
27528.3770
27528.4746
27528.4707
27528.5723
27528.5684
27528.7715
27528.9707
27529.1797
27528.8652
27529.1719
27529.1719
27529.0625
27529.1699
27529.1621
27529.1621
27528.9531
27529.0605
27528.8477
27528.7422
27528.8398
27528.7402
27528.7480
27528.5371
27528.2285
27528.7461
27528.2305
27528.6445
27528.4297
27528.5312
27528.2266
27528.1230
27528.1230
27527.8086
27527.5000
27527.4766
27527.0684
27527.2578
27526.9180
27527.0391
27527.0215
27526.8770
27526.9023
27526.6797
27526.8750
27526.7637
27526.4648
27526.3633
27526.4434
27526.3535
27526.2480
27526.2520
27526.0449
27526.0586
27526.0586
27525.6367
27525.7383
27525.4316
27525.3125
27525.3184
27524.9980
27524.7969
27524.8027
27524.9121
27525.0195
27525.0176
27525.2734
27525.3535
27525.4453
27525.5469
27525.1445
27525.2559
27525.2578
27525.3574
27525.2559
27525.1543
27525.3613
27525.4648
27525.4668
27525.4688
27525.4668
27525.0566
27525.1562
27525.0605
27525.0684
27525.1738
27525.0723
27525.3730
27525.6699
27525.6797
27525.8770
27525.9707
27526.0742
27526.0801
27525.9805
27525.9766
27525.8770
27525.8809
27525.8789
27525.8672
27525.9785
27526.0781
27526.1719
27526.3789
27526.4727
27526.5723
27526.5703
27526.6758
27526.6719
27526.6680
27526.6699
27526.6719
27526.5703
27526.5762
27526.5723
27526.5703
27526.5703
27526.3633
27526.3633
27526.2617
27526.1562
27525.9512
27525.6426
27525.5410
27525.3359
27525.3320
27525.2266
27525.2246
27525.0195
27525.0195
27525.2207
27525.2344
27525.3301
27525.3203
27525.2148
27525.1250
27525.1250
27525.2324
27525.3379
27525.4434
27525.5430
27525.3438
27525.3340
27525.2344
27525.0254
27524.9297
27524.7188
27524.3145
27523.7949
27524.3125
27524.7148
27524.7090
27524.8027
27524.5957
27524.5723
27524.4688
27524.4766
27524.5742
27524.5762
27524.6855
27524.7852
27524.9902
27525.1973
27525.2969
27525.3984
27525.3906
27525.5918
27525.5938
27525.5898
27525.5957
27525.5938
27525.6953
27525.5938
27525.7012
27525.8086
27525.8184
27525.6172
27525.4160
27525.4160
27525.3105
27525.3105
27525.1055
27525.1016
27525.0996
27524.9902
27524.9844
27525.0137
27525.0859
27524.9824
27524.9785
27524.9824
27524.9863
27525.1875
27525.0742
27525.1719
27525.1816
27525.1816
27525.2832
27525.2793
27525.2812
27525.2812
27525.2812
27525.3809
27525.2754
27525.3770
27525.2734
27525.2754
27525.2754
27525.2754
27525.2734
27525.2754
27525.2734
27525.3750
27525.2715
27525.1699
27525.2695
27525.2676
27525.2715
27525.1719
27525.3750
27525.1719
27525.8770
27525.3711
27525.2656
27525.5684
27525.4629
27525.7676
27525.5625
27525.9590
27525.5566
27526.0625
27525.9590
27525.9590
27526.1602
27526.2656
27526.4707
27526.3750
27526.5742
27526.8828
27526.8848
27527.0859
27527.0859
27527.2852
27527.2812
27527.3828
27527.5840
27527.5781
27527.5723
27527.5703
27527.5703
27527.4688
27527.3691
27527.2637
27527.2637
27527.1602
27527.0586
27527.1602
27527.2617
27527.3633
27527.5645
27527.8711
27528.0742
27528.1758
27528.4805
27528.8848
27529.2871
27529.6914
27529.7910
27529.8926
27529.8887
27529.7871
27529.5820
27529.4766
27529.3750
27529.1699
27528.9688
27528.9688
27528.9668
27529.1680
27529.0645
27529.1660
27529.4707
27529.1641
27529.6680
27529.2617
27529.5664
27529.4629
27529.4629
27529.6621
27529.6621
27529.8652
27529.7617
27529.7637
27529.6621
27529.8652
27529.9629
27529.7598
27529.8633
27529.7598
27529.9609
27529.4531
27529.8574
27529.4512
27529.7520
27529.5508
27529.7500
27529.6504
27529.7520
27529.6504
27529.8535
27530.4590
27529.8496
27530.6562
27530.1504
27530.8574
27530.8574
27530.8555
27530.7520
27531.0547
27531.0547
27531.1562
27530.8535
27531.2559
27530.9551
27530.9551
27531.0547
27531.0527
27531.1523
27530.9512
27530.8496
27531.1484
27531.1484
27531.0488
27531.4531
27530.9512
27531.3535
27531.4531
27531.7539
27531.7520
27531.7520
27531.7520
27531.8535
27531.7500
27532.0508
27531.7480
27532.1504
27532.3496
27532.0469
27532.0449
27532.3438
27532.0391
27532.0391
27532.0391
27531.7344
27532.1387
27532.0410
27532.2461
27532.2500
27532.2520
27532.3535
27532.5527
27532.3535
27532.6523
27532.5508
27532.1465
27532.3477
27532.0430
27532.0430
27532.0410
27531.9414
27532.0391
27531.7363
27532.0371
27531.7324
27531.8340
27532.0312
27531.9297
27531.5273
27531.6250
27531.4238
27531.5234
27531.3223
27531.3203
27531.3203
27531.0176
27531.5176
27531.7168
27531.4180
27531.3164
27531.2148
27531.0156
27530.9160
27530.9160
27530.6133
27531.2148
27530.8145
27531.2109
27531.0117
27531.5117
27531.7109
27531.7109
27531.6113
27532.0117
27531.9121
27532.0117
27531.8105
27532.0098
27531.7090
27531.8086
27531.5078
27531.3086
27531.0059
27531.1055
27530.9062
27530.9062
27530.3047
27530.7031
27530.7031
27530.1035
27530.5039
27530.2012
27530.4023
27530.3027
27530.0020
27530.0996
27530.0996
27530.0000
27530.1973
27529.9980
27529.9980
27530.1973
27530.3965
27530.0957
27530.3965
27530.0957
27530.4941
27530.1934
27530.6914
27530.4922
27530.5918
27530.4902
27530.3906
27530.5898
27530.3906
27530.5879
27530.6875
27530.4883
27530.1875
27530.3867
27530.1855
27530.2871
27530.2871
27530.3848
27530.3848
27529.8848
27530.3809
27529.6816
27529.5820
27529.4824
27529.1816
27529.2832
27529.1816
27529.0801
27529.2832
27529.3809
27529.3809
27529.2812
27529.4785
27529.2793
27529.3770
27528.9766
27529.2754
27529.0742
27529.0742
27529.0742
27529.2734
27529.2715
27529.3711
27528.8730
27528.9707
27528.8711
27529.0664
27528.7695
27528.8672
27528.7676
27528.7695
27528.7676
27528.7637
27528.5625
27528.6621
27528.5605
27528.7598
27528.7598
27528.6582
27529.0527
27529.3535
27529.1504
27529.0488
27529.3496
27529.3477
27529.0469
27529.0488
27529.0449
27528.9473
27529.4434
27529.2422
27529.1406
27529.6367
27529.6348
27529.6387
27529.9297
27529.6289
27529.9316
27530.2363
27530.3242
27530.2305
27530.5254
27530.5234
27530.4258
27530.4219
27530.6191
27530.7207
27530.8164
27530.7168
27530.9160
27531.3105
27531.3105
27531.3086
27531.6035
27531.8027
27531.5039
27531.8984
27531.8984
27532.2930
27532.3867
27532.5840
27532.7773
27532.8789
27533.3691
27533.2715
27533.4648
27533.3672
27533.4629
27533.4648
27533.8633
27532.9668
27533.6602
27533.8594
27533.7637
27533.9590
27533.7617
27533.9570
27534.2559
27534.3574
27534.4531
27534.2578
27534.4531
27534.4492
27534.6484
27534.4395
27534.4375
27534.4375
27534.7324
27534.7344
27534.7363
27535.0391
27535.2363
27535.3379
27535.5332
27535.6426
27535.9219
27536.3184
27536.2285
27536.7285
27536.7188
27536.9102
27537.1172
27537.6152
27537.7129
27537.6133
27538.1113
27538.5117
27538.5117
27538.8086
27539.1074
27539.2930
27539.6914
27539.8867
27540.2812
27540.4785
27540.7754
27540.9805
27541.1680
27541.3672
27541.3613
27541.8574
27542.2461
27542.3477
27542.4434
27542.7402
27542.9336
27543.1309
27544.1172
27543.7246
27543.8184
27543.7207
27543.6309
27543.7422
27543.9414
27544.0391
27544.2363
27544.4316
27544.2363
27544.4316
27544.5293
27544.6309
27544.6270
27544.8262
27544.6309
27544.9199
27544.9180
27545.1230
27545.0234
27544.7246
27545.2168
27545.0156
27545.2148
27544.8184
27545.0195
27544.9180
27544.9199
27544.9199
27544.5293
27544.7246
27544.4316
27544.5312
27544.4375
27544.3340
27544.2344
27543.9414
27543.9434
27543.7480
27543.6504
27543.4551
27543.5547
27543.3613
27543.2637
27542.7695
27542.9648
27542.4688
27542.3750
27542.0801
27541.8828
27541.6875
27541.3945
27541.2031
27540.8066
27540.9102
27540.5137
27540.3223
27539.9355
27539.8340
27539.5410
27538.9531
27538.8535
27538.9551
27538.4570
27538.3418
27538.0527
27538.0547
27537.7695
27537.9805
27537.9648
27537.7637
27538.1602
27537.6719
27537.8691
27537.5820
27538.0762
27537.7949
27537.6172
27537.8926
27537.8867
27537.9902
27537.6914
27538.0938
27537.9941
27538.0352
27538.3359
27538.3418
27538.3398
27538.3145
27538.4004
27538.1016
27538.4043
27538.3164
27538.0215
27538.1484
27538.2559
27537.9629
27538.1543
27537.8633
27538.1582
27538.0508
27538.1328
27538.0391
27538.2227
27538.5215
27538.5234
27538.4238
27538.5273
27538.8203
27538.7285
27538.7227
27538.5273
27538.6289
27538.4434
27538.4590
27538.4805
27538.4688
27538.4746
27538.3711
27538.0762
27538.2734
27538.1738
27538.3672
27537.8789
27537.7793
27537.5801
27537.0898
27537.2871
27537.0840
27536.8887
27536.7871
27536.5859
27536.5898
27536.4805
27536.4883
27536.4863
27536.5820
27536.7773
27536.2891
27536.1895
27536.1875
27536.1836
27535.9883
27535.8906
27535.7852
27535.7930
27535.6934
27535.7891
27535.7852
27535.8848
27535.9883
27535.7891
27535.5977
27535.5000
27535.4922
27535.4980
27535.5918
27535.2070
27535.1094
27534.7207
27534.6289
27534.5332
27534.1523
27534.0586
27534.0586
27533.8652
27533.7598
27533.4688
27533.4668
27533.2656
27533.3750
27533.3711
27533.3789
27532.9961
27532.9004
27532.9980
27533.2832
27532.9941
27532.8945
27532.9863
27532.9883
27533.0000
27532.8926
27532.5059
27532.7891
27532.4023
27532.1973
27532.2930
27531.9004
27531.8945
27531.8887
27532.0918
27531.9922
27531.7949
27531.7930
27531.5977
27531.8906
27531.5957
27531.7930
27531.5020
27531.9941
27531.7832
27531.8828
27531.9805
27531.8809
27532.2578
27532.3633
27531.9629
27532.1523
27531.8477
27531.8555
27531.7344
27531.7363
27531.8398
27531.7441
27531.8242
27531.7266
27531.5312
27531.9121
27531.8184
27532.3105
27532.0039
27532.0039
27531.8965
27532.1934
27532.3809
27532.4785
27532.6562
27532.6680
27532.8594
27533.0332
27532.8594
27533.2090
27533.2305
27533.5176
27533.4629
27533.6660
27534.1699
27534.1836
27534.0938
27534.2285
27534.3105
27534.2109
27534.2324
27534.4375
27534.7285
27534.5234
27534.7754
27534.5938
27534.3809
27534.8145
27534.6191
27534.5703
27534.6777
27534.5723
27534.7617
27534.6602
27534.4609
27534.7480
27534.7461
27534.5508
27534.8398
27534.4531
27534.6367
27534.2500
27534.5391
27534.7188
27534.6328
27534.8184
27534.3340
27534.1387
27533.7539
27534.1445
27533.8438
27533.3633
27533.2598
27533.3594
27533.5586
27533.5449
27533.7461
27533.9375
27534.4082
27534.5117
27534.7930
27534.9883
27534.8008
27534.8809
27534.6895
27534.9688
27534.7773
27534.4727
27534.6660
27535.0586
27534.8457
27535.2305
27535.4219
27536.0977
27535.9062
27536.1914
27536.5684
27536.4805
27536.5645
27536.4707
27536.3711
27536.0762
27535.8750
27535.1055
27535.0098
27535.1934
27534.6152
27534.7031
27534.6914
27535.1777
27534.8770
27534.8848
27534.8691
27534.6680
27534.8555
27535.3477
27535.0430
27534.7539
27534.4590
27534.7324
27534.8242
27534.5293
27534.5234
27534.2344
27534.7070
27534.2207
27534.0332
27534.0156
27534.4961
27534.2988
27534.1816
27533.9824
27533.8770
27533.7793
27533.7734
27533.7695
27533.4785
27533.1758
27533.3594
27533.2773
27532.9902
27532.3086
27532.4844
27532.1953
27532.3066
27532.3184
27532.2422
27532.2090
27532.3027
27532.1992
27532.0273
27532.2188
27532.0020
27531.9844
27531.9844
27531.7773
27531.7734
27531.4727
27530.8125
27530.8926
27531.0078
27530.8867
27530.6016
27530.2930
27530.0098
27530.0039
27529.9004
27529.7070
27529.6152
27529.4180
27529.6211
27529.4336
27529.4258
27529.2227
27529.0273
27529.1016
27529.0000
27528.8926
27528.9727
27528.5859
27528.0938
27528.1055
27528.0059
27527.8164
27527.7109
27526.9512
27527.2363
27527.3398
27527.2441
27526.8652
27526.9395
27526.8242
27526.5195
27526.5156
27526.5957
27526.4961
27526.4961
27526.3027
27526.2109
27525.8457
27525.4648
27525.5820
27525.2852
27525.0078
27524.5254
27524.2422
27524.1367
27523.8281
27523.3398
27523.0645
27523.0508
27523.0488
27523.0488
27523.3379
27522.6758
27522.8555
27522.7598
27522.3789
27522.0840
27522.1777
27521.8809
27521.8809
27521.5039
27521.7852
27521.3945
27521.6992
27521.6992
27521.5078
27521.7891
27521.7891
27521.4023
27521.4863
27521.4863
27521.4863
27521.3906
27520.8242
27520.8145
27520.8984
27520.7090
27520.5078
27520.6992
27520.4980
27520.6895
27520.4883
27520.6680
27520.4766
27520.3730
27520.6680
27520.6523
27520.5723
27520.1914
27520.4707
27520.4844
27520.4785
27520.4785
27520.3887
27520.4785
27520.4824
27520.4531
27520.4824
27520.0879
27519.8906
27519.8008
27519.7305
27519.5293
27519.5547
27519.3457
27519.3750
27519.4551
27519.2598
27518.9844
27518.9980
27518.8945
27518.7148
27518.8301
27518.8398
27518.7656
27518.7812
27518.8691
27518.8906
27518.8848
27518.7598
27518.6836
27518.9434
27518.8438
27519.0488
27519.2285
27519.3125
27519.0117
27519.0332
27519.0430
27519.3320
27519.1621
27519.4277
27519.0527
27519.3320
27519.1465
27519.2422
27519.3262
27519.0469
27519.2227
27519.4004
27519.8008
27519.8672
27519.7891
27519.6836
27519.9785
27519.6094
27519.6953
27519.3203
27519.6133
27519.6094
27519.9258
27520.0918
27519.6289
27519.9980
27519.7305
27519.9297
27519.8242
27519.9355
27519.5410
27519.7461
27519.6621
27519.7461
27519.8398
27519.8398
27519.8398
27519.6504
27520.0449
27519.6660
27519.8613
27519.7617
27519.8672
27519.7734
27520.0664
27520.0664
27519.8730
27519.7676
27519.7676
27519.5879
