28029.7910
28030.0801
28029.8594
28029.5820
28029.4473
28029.4160
28029.1602
28029.1270
28028.9395
28029.4258
28030.0566
28030.2793
28030.0020
28029.8906
28029.9883
28030.0449
28030.0449
28029.9551
28029.4570
28029.4453
28029.4668
28029.3340
28028.9688
28028.9902
28028.8887
28029.1445
28028.9102
28029.1445
28029.1973
28028.7422
28029.1074
28028.7539
28029.0957
28028.9414
28029.0605
28028.9512
28029.2617
28029.4941
28029.3809
28028.8828
28029.0254
28029.3242
28029.5137
28029.6680
28029.6680
28029.8555
28029.9434
28030.2090
28030.4863
28030.6406
28030.9629
28030.9629
28030.9629
28030.9727
28030.8496
28030.9727
28030.9492
28031.3477
28031.3477
28031.2812
28031.4473
28031.4590
28031.5586
28031.7246
28031.7461
28032.0898
28032.4121
28032.5566
28032.2246
28031.1992
28030.8555
28030.9102
28030.5781
28030.6445
28030.1777
28029.8438
28030.0332
28029.9766
28030.4453
28030.3555
28030.3340
28030.6230
28030.1328
28030.1562
28030.6328
28031.0996
28030.6016
28030.9785
28031.0566
28030.8770
28030.6016
28030.8672
28031.1680
28031.3555
28031.7891
28031.9023
28032.4570
28032.1230
28032.1680
28031.9688
28031.5879
28032.0801
28032.1230
28032.5801
28032.8555
28033.0215
28033.0117
28032.8555
28032.6875
28032.6328
28032.9863
28032.8770
28032.3320
28032.4434
28032.9648
28032.5996
28032.2871
28032.6113
28032.4453
28032.2793
28032.0215
28032.3457
28032.0996
28032.0547
28031.8223
28031.8789
28032.0996
28031.9668
28032.0000
28032.1680
28032.0020
28032.0664
28031.8242
28031.8457
28031.8672
28031.9785
28031.7012
28031.3789
28031.4238
28031.3672
28031.2793
28031.6035
28031.5371
28031.6582
28031.8691
28032.0371
28032.1602
28032.2598
28032.0273
28032.0156
28031.8359
28031.9570
28031.8457
28032.2148
28032.0586
28032.1465
28032.0449
28032.0449
28031.8223
28031.8223
28031.7930
28031.6445
28031.2754
28031.9102
28031.8184
28031.8887
28031.9980
28032.1406
28032.1758
28032.3184
28032.4766
28032.5527
28032.6875
28032.8301
28032.8223
28032.7305
28032.7656
28032.7871
28032.5312
28032.7090
28032.3672
28032.5996
28032.4570
28032.6348
28032.5117
28032.5781
28032.4434
28032.9121
28032.6660
28032.5781
28032.7578
28032.8906
28032.6562
28032.5898
28032.9902
28032.5566
28032.6484
28032.4688
28032.5254
28032.6172
28032.4590
28032.4805
28032.5176
28032.6816
28032.5605
28032.4375
28032.7520
28032.8516
28032.5859
28032.8301
28032.8652
28033.0645
28032.9297
28032.9434
28033.0645
28032.8945
28033.0957
28033.0469
28033.1133
28033.0352
28032.9121
28032.8691
28033.1484
28033.3047
28033.4531
28033.2734
28033.4004
28033.1445
28033.9180
28033.2363
28033.5488
28033.4062
28033.3848
28033.5840
28033.5762
28033.8184
28033.8535
28033.9688
28034.0469
28034.0469
28033.9160
28033.7832
28033.6816
28033.7402
28033.6602
28033.6543
28033.7109
28033.6230
28033.6016
28033.7500
28033.5156
28033.5371
28033.8086
28033.8438
28034.1211
28033.8086
28033.6309
28033.0254
28033.2812
28032.9121
28033.0332
28033.1348
28033.1426
28032.8730
28032.7871
28032.4746
28032.5176
28032.2617
28032.1328
28032.2539
28032.0059
28032.3066
28031.7363
28031.9355
28031.6133
28031.6992
28031.3867
28030.6934
28030.7578
28030.3574
28030.0215
28029.9570
28030.3926
28030.5078
28031.2070
28031.1426
28031.2637
28031.7363
28031.6562
28032.1719
28031.9922
28032.0137
28032.5781
28031.8555
28032.3418
28032.3125
28032.1348
28031.9121
28032.3477
28032.6289
28032.9922
28032.7129
28032.9766
28033.1641
28033.2500
28033.3145
28033.3438
28033.5000
28032.9434
28032.9082
28032.6426
28032.6289
28032.6855
28032.7871
28032.8223
28033.0215
28032.9355
28032.7871
28032.8008
28032.2715
28032.2715
28032.3516
28032.0156
28031.9297
28031.6875
28031.6816
28031.4590
28031.6875
28031.5820
28031.7246
28031.5820
28031.5254
28031.6465
28031.4746
28031.3809
28031.5449
28031.5449
28031.7305
28032.0156
28031.9590
28032.1582
28032.0586
28032.1953
28032.3672
28032.5605
28032.6758
28032.9707
28033.1836
28033.1836
28033.1211
28032.7637
28032.6562
28032.4004
28032.1992
28031.9434
28031.8438
28032.2949
28032.1953
28032.1152
28032.1582
28032.3711
28032.1230
28031.8203
28031.2422
28031.6270
28031.3477
28031.3594
28031.0254
28030.7734
28030.5996
28030.3262
28029.9180
28029.8398
28029.7676
28029.5234
28029.4160
28029.1934
28029.0625
28029.0000
28028.9473
28028.7109
28028.8320
28028.8320
28028.6738
28028.5938
28028.7324
28028.8516
28028.6719
28028.6562
28028.4629
28028.2832
28028.5195
28028.5566
28028.4512
28028.2852
28028.0449
28028.1973
28028.1543
28027.9121
28027.7695
28027.8652
28027.7227
28027.8594
28027.7793
28027.8008
28027.8008
28028.0215
28027.7051
28027.5547
28027.6172
28027.9746
28028.3691
28028.5117
28029.7949
28030.1523
28030.4102
28033.2539
28032.1113
28033.2207
28033.7148
28032.8477
28034.2754
28033.8008
28034.0371
28033.9590
28033.6797
28033.7578
28033.7578
28033.8594
28033.6426
28034.1582
28034.0586
28033.7793
28033.2266
28033.3066
28033.3633
28033.1270
28032.6152
28032.9316
28032.7754
28032.9531
28032.6367
28032.9316
28032.5938
28032.8906
28032.9688
28033.1074
28033.3848
28033.0527
28033.1914
28033.3945
28033.7754
28033.2051
28033.1309
28032.7773
28032.9980
28032.8438
28032.5078
28032.6367
28032.5566
28033.0117
28032.5898
28032.7012
28032.2969
28032.6504
28031.7754
28031.4551
28031.9668
28031.3711
28031.2930
28031.0918
28030.9336
28031.0918
28030.9336
28031.0176
28030.6406
28031.1367
28030.4043
28031.6719
28030.7383
28031.5664
28031.5879
28031.5840
28031.8789
28031.3027
28031.5586
28031.8906
28031.4336
28031.8711
28031.8496
28031.3555
28031.5723
28031.5332
28031.5156
28031.0039
28031.1035
28031.4844
28031.4453
28031.3066
28031.9043
28030.9727
28031.0723
28031.2324
28030.7578
28031.2520
28031.1133
28031.0352
28031.2734
28030.7168
28031.4102
28031.0566
28032.1875
28031.4727
28031.6348
28031.7559
28032.0723
28032.3887
28032.5703
28032.3730
28032.7695
28032.9277
28032.9473
28032.8691
28033.0312
28032.6113
28032.6523
28032.0176
28031.8789
28031.6738
28031.5742
28031.2148
28030.9570
28030.7969
28031.1523
28030.9668
28030.6523
28031.3027
28031.1621
28031.4375
28031.1582
28031.6152
28031.2969
28031.2930
28031.2734
28031.0742
28031.3281
28031.4473
28031.7441
28031.6426
28031.6426
28031.5020
28031.5645
28031.4473
28031.1523
28031.5879
28031.8906
28032.3145
28032.3770
28032.4180
28033.1543
28032.9414
28033.0996
28033.2266
28033.0684
28032.8145
28032.4785
28032.2012
28032.1016
28031.8672
28031.5898
28031.5898
28031.4922
28031.3340
28031.3730
28031.2949
28031.3730
28031.4727
28031.4727
28031.4316
28031.4141
28031.2734
28031.2109
28031.3105
28031.2695
28031.2070
28031.4883
28031.4473
28031.6250
28031.9668
28031.6895
28031.9082
28032.2285
28032.3086
28032.2090
28032.2480
28032.3691
28032.5098
28032.4492
28032.4902
28032.4121
28032.3906
28032.3906
28032.5684
28032.5273
28032.4902
28032.5684
28032.4102
28032.4902
28032.4668
28032.5469
28032.4668
28032.3008
28032.1270
28032.2480
28032.3867
28032.2266
28032.2285
28032.3887
28032.1074
28032.2871
28032.6836
28032.3262
28032.5625
28032.0430
28032.2012
28032.1211
28031.9785
28031.8770
28031.8770
28031.7363
28031.6191
28031.3965
28031.5195
28031.3574
28031.0801
28030.7617
28031.0391
28030.8418
28031.3203
28031.3203
28031.5957
28031.6172
28031.7734
28031.6738
28031.9121
28031.5898
28032.2285
28032.2891
28032.3477
28032.6074
28032.7012
28032.7051
28031.8477
28032.0273
28031.9688
28031.5684
28031.6094
28031.6094
28030.8887
28030.9883
28031.0273
28031.0879
28031.1484
28031.2871
28031.5273
28031.6660
28032.3457
28031.8066
28032.6875
28030.8906
28031.4492
28032.0488
28031.7891
28032.4883
28032.4668
28032.7070
28032.6465
28032.3672
28033.0449
28032.8281
28032.9062
28032.7266
28032.8066
28032.8066
28033.1855
28032.8262
28032.7656
28033.0254
28033.1055
28033.0859
28033.1660
28033.1855
28033.0059
28032.9258
28032.3652
28032.9043
28032.6250
28032.7637
28032.5820
28032.5625
28032.5430
28032.5215
28032.3828
28032.2031
28032.1211
28032.7207
28032.5625
28032.8809
28032.7012
28032.7207
28032.7617
28032.2812
28032.5820
28032.1406
28032.6406
28032.4395
28033.0605
28032.4805
28032.3594
28032.9805
28033.2598
28033.4004
28033.5996
28034.0000
28034.0391
28034.2793
28034.3398
28034.4395
28034.1992
28034.5000
28034.6777
28034.3594
28034.7383
28034.6387
28034.4375
28035.0391
28035.0781
28034.9590
28034.8984
28034.9785
28034.5781
28034.8164
28035.2363
28035.3359
28035.5977
28035.6582
28035.7559
28036.0781
28035.9570
28036.0566
28036.1367
28036.5762
28037.0977
28037.3574
28037.3770
28037.3574
28037.5566
28037.2754
28037.2148
28036.6562
28037.1758
28037.0957
28036.9355
28036.9355
28036.8535
28036.9531
28037.0547
28037.0762
28037.1152
28037.1152
28036.9355
28037.1777
28037.2969
28037.1543
28036.9961
28037.0352
28036.9746
28037.0762
28036.6934
28036.6973
28036.8770
28036.9766
28037.3379
28037.2578
28037.6543
28038.6230
28038.6836
28038.9219
28038.7246
28038.8633
28038.4609
28038.6426
28038.7832
28038.7832
28038.8418
28038.7422
28038.5801
28038.7012
28038.8418
28039.0352
28039.0820
28038.6191
28038.8008
28038.9180
28039.0410
28038.8594
28038.7207
28038.6816
28038.5996
28038.6016
28038.4199
28038.3613
28038.6016
28038.3828
28038.7441
28038.8242
28038.7852
28039.1230
28039.3652
28039.6211
28039.4004
28039.3418
28039.3633
28039.2207
28038.3828
28038.8262
28038.7051
28038.7852
28039.0469
28038.9844
28039.4453
28039.2656
28039.5449
28039.4238
28039.5254
28039.3652
28039.1836
28039.1426
28039.5840
28039.3828
28040.0254
28039.7812
28039.8223
28040.0195
28039.8184
28040.0176
28040.3184
28040.0762
28040.4961
28040.5547
28040.7715
28040.7715
28040.8125
28041.1309
28041.1895
28041.1484
28041.4668
28041.5254
28041.3223
28041.8828
28041.9023
28042.4238
28042.0410
28042.5215
28042.3027
28042.9805
28043.4004
28043.7422
28043.9785
28044.3008
28044.0371
28044.3535
28044.2734
28044.5527
28044.9102
28045.1328
28045.0664
28045.4453
28045.3848
28045.1973
28045.9785
28046.0742
28046.1738
28046.4121
28046.0566
28046.2188
28046.1992
28046.1191
28046.4766
28046.5762
28046.5957
28046.6934
28047.2949
28047.1094
28047.1875
28047.1035
28047.2617
28047.4004
28047.3770
28047.6191
28047.8770
28047.5312
28047.7109
28047.4863
28047.5449
28047.6836
28047.5762
28047.8184
28047.8984
28048.1777
28047.8555
28048.4355
28048.3887
28048.5312
28048.8691
28048.9297
28049.2480
28049.1445
28049.4629
28049.5254
28049.4395
28049.7168
28050.0723
28049.7266
28049.9453
28050.1055
28050.2051
28049.8203
28050.2461
28050.1387
28050.4805
28049.9355
28050.0137
28049.9512
28049.9277
28049.9238
28049.8613
28049.8359
28050.3027
28049.8730
28050.3789
28050.1348
28050.2363
28050.0332
28049.9863
28050.2109
28050.1680
28050.0273
28050.1094
28050.4238
28049.9609
28050.0801
28050.2793
28050.1602
28050.4395
28050.1543
28050.3730
28049.9707
28050.1133
28050.1738
28049.8926
28050.1699
28050.4395
28050.5703
28051.1445
28051.1875
28050.4395
28050.7422
28051.0020
28050.8398
28051.3203
28051.4297
28051.6973
28052.2383
28052.9902
28053.1270
28053.6035
28053.8633
28053.9238
28054.7051
28054.6406
28054.6777
28055.4199
28055.5527
28055.7324
28055.4609
28055.2891
28054.5879
28054.7109
28054.3242
28054.5703
28054.4648
28054.1543
28054.2637
28054.0410
28054.3359
28054.1113
28054.0059
28053.8281
28053.7227
28053.2969
28053.1348
28052.6523
28052.6934
28052.3926
28052.3906
28051.9414
28052.6133
28052.3828
28052.3672
28051.7812
28052.0020
28052.3750
28052.2480
28051.6816
28052.3203
28051.9844
28051.7637
28051.9180
28051.6191
28051.2734
28051.5547
28051.0840
28050.6973
28050.1289
28049.9707
28049.9336
28049.7363
28049.1484
28048.6602
28048.7656
28048.4648
28048.6426
28048.8867
28048.9102
28048.8848
28048.6699
28048.8672
28048.9473
28049.1465
28049.3887
28049.8867
28049.4180
28049.7363
28049.5410
28049.3262
28049.2383
28049.1426
28049.0352
28049.3398
28049.4961
28049.3145
28049.2012
28049.1992
28049.1172
28049.0156
28048.9121
28049.0820
28049.2227
28049.2344
28048.9902
28049.0645
28049.2500
28049.3105
28049.2344
28049.4844
28049.5645
28049.8438
28049.8750
28049.9297
28049.5469
28049.6660
28049.9883
28049.5332
28049.5234
28049.5547
28049.3906
28049.5391
28049.4453
28048.8262
28049.5488
28048.9160
28049.2402
28049.1699
28049.0078
28049.4375
28048.7656
28048.8301
28048.2832
28048.5254
28048.6953
28048.3125
28047.4492
28047.8730
28047.7793
28047.1602
28047.2910
28047.3457
28047.2637
28047.3496
28047.3789
28047.7168
28048.1133
28047.7617
28047.9551
28048.2090
28048.3828
28048.4375
28049.0176
28048.7031
28048.4414
28048.4766
28048.4688
28048.1797
28048.0977
28047.8770
28048.4180
28047.7676
28047.4473
28047.7715
28047.6836
28047.6816
28047.0098
28047.0723
28047.3965
28047.8652
28047.3945
28047.5918
28047.7539
28047.5977
28047.2520
28047.1152
28046.8242
28046.8047
28046.9473
28046.7344
28046.7031
28046.7090
28045.1387
28045.9336
28046.0391
28045.9824
28045.5547
28045.3984
28044.8281
28044.5449
28044.6797
28044.4180
28044.4707
28044.5254
28044.3164
28044.3535
28044.3066
28043.9238
28043.8613
28043.3770
28043.3477
28043.2539
28042.8516
28043.0410
28042.6211
28042.3750
28042.0820
28041.9180
28041.6777
28041.3262
28041.2422
28040.8965
28040.9961
28040.8418
28040.6328
28041.0137
28040.7031
28040.6309
28040.4629
28040.1797
28039.6680
28039.4688
28038.8848
28038.9648
28038.5566
28038.8984
28038.5449
28038.6270
28038.7246
28038.3965
28038.9297
28038.3203
28038.7207
28038.3008
28038.2266
28038.5586
28038.6035
28038.2930
28038.5820
28038.9258
28038.8887
28038.9219
28038.5488
28038.3086
28038.6250
28038.4805
28038.2051
28038.2969
28037.8496
28037.8398
28037.8945
28037.5742
28036.9199
28037.1914
28036.7266
28036.6797
28036.6172
28036.2246
28036.3789
28036.5312
28036.1582
28036.2578
28036.0742
28036.0918
28035.7891
28035.7520
28035.8613
28035.4961
28035.7227
28035.2383
28035.4648
28035.7812
28035.5625
28035.3789
28035.2871
28035.5312
28035.0664
28035.0469
28035.1465
28035.4629
28035.5430
28035.4785
28035.2598
28035.1680
28034.6387
28034.6016
28034.2461
28034.2441
28034.3340
28033.9707
28033.9336
28033.6680
28033.6035
28033.5117
28033.1191
28032.5723
28032.7988
28032.4707
28032.1602
28031.9766
28031.8945
28031.5918
28031.7461
28031.5898
28031.7363
28031.7793
28031.8965
28031.9160
28031.5312
28031.4766
28031.4844
28031.4102
28031.4922
28031.7637
28031.5977
28031.3887
28031.4688
28031.5312
28031.3574
28031.0957
28030.8848
28030.8945
28031.1016
28030.9551
28031.0898
28031.2168
28031.4883
28030.9062
28031.3301
28031.1035
28031.1660
28030.8184
28030.6543
28030.6172
28030.5352
28030.1426
28030.2129
28030.7031
28030.4199
28030.2441
28030.9785
28030.9961
28031.3418
28031.0117
28031.2109
28031.3086
28030.9902
28030.8730
28030.6797
28030.8887
28030.4785
28030.5059
28030.5137
28029.7773
28030.3145
28029.7930
28029.5449
28029.7168
28029.7891
28029.5742
28029.4902
28029.3438
28029.5703
28029.0586
28029.3242
28029.0410
28029.4297
28029.6289
28029.6289
28029.6621
28029.8613
28029.9590
28030.3223
28030.4688
28030.6953
28030.9414
28031.0859
28030.6387
28031.0664
28030.7480
28030.9473
28030.8633
28030.6328
28030.5254
28031.1992
28031.3066
28031.0215
28030.6094
28030.5371
28030.5371
28030.4355
28030.3066
28029.8770
28029.8984
28029.9863
28030.1230
28029.8750
28030.3848
28029.7266
28029.8887
28029.5508
28029.4219
28029.1914
28029.4023
28029.2734
28029.3438
28029.4238
28029.4395
28029.5742
28029.4668
28029.6367
28029.6445
28029.1504
28029.1504
28029.1309
28029.1113
28028.9180
28028.6992
28028.7676
28029.0957
28029.1777
28028.9766
28029.1211
28029.2383
28029.4961
28029.4121
28029.6113
28029.3164
28029.5898
28029.5078
28029.5879
28029.5059
28029.9336
28029.9023
28029.7246
28029.7715
28029.8633
28030.1465
28030.2617
28030.3965
28030.3477
28030.3301
28030.0332
28030.2324
28030.1309
28030.0000
28030.4414
28030.1914
28030.1270
28030.7383
28030.3418
28030.5938
28030.8926
28031.0801
28030.9902
28031.1055
28030.8711
28030.8809
28030.5137
28030.8262
28030.8066
28030.6191
28030.4980
28030.3203
28030.6270
28030.6250
28030.5957
28030.5977
28030.6504
28030.8086
28030.8242
28030.9414
28031.1797
28031.0449
28031.1602
28031.0527
28030.8359
28030.9160
28031.1035
28031.3496
28031.4434
28031.4238
28031.3418
28031.2051
