27491.9219
27492.2109
27492.4707
27492.7109
27493.0215
27493.0801
27493.5117
27494.1426
27494.2012
27494.5020
27494.6621
27494.9219
27495.3145
27495.3730
27495.5137
27495.4746
27495.6953
27495.6445
27495.6660
27495.6055
27495.6270
27495.6875
27495.7676
27495.4160
27495.2285
27495.2676
27495.2285
27495.0273
27494.9688
27494.7598
27494.5391
27494.0879
27494.1191
27493.9980
27493.5684
27493.8672
27493.6582
27493.7480
27493.7480
27493.5684
27493.5684
27493.5176
27493.5371
27493.3262
27493.3262
27493.6582
27493.6875
27493.5859
27493.6367
27493.4668
27493.5371
27493.4453
27493.4375
27493.4453
27493.7559
27493.6777
27493.7070
27493.7461
27493.9590
27493.9062
27494.1465
27493.8359
27494.1777
27494.3770
27494.5371
27494.7070
27494.5566
27494.8574
27495.0059
27495.1855
27495.1562
27495.4980
27495.1758
27495.6465
27495.5059
27495.6465
27495.5762
27495.5371
27495.6074
27495.6270
27495.4258
27495.4551
27495.6777
27495.4551
27495.7363
27495.6855
27495.7676
27495.7363
27495.5977
27495.7676
27495.7676
27495.9473
27495.7363
27495.7773
27495.6777
27495.7188
27495.9395
27495.7070
27495.7305
27495.4902
27495.6719
27495.9414
27495.8418
27495.8008
27495.9297
27496.0410
27496.0703
27495.9492
27495.9199
27496.0391
27496.1602
27496.1094
27496.2383
27496.1387
27496.2383
27496.2285
27496.3398
27496.2695
27496.5508
27496.3223
27496.4512
27496.3984
27496.5000
27496.5586
27496.7793
27496.6699
27496.8398
27496.8398
27497.0605
27497.0469
27497.1484
27497.2383
27497.1543
27497.2539
27497.3262
27497.4160
27497.5957
27497.5566
27497.4570
27497.4258
27497.6953
27497.8789
27497.6660
27497.7383
27497.8789
27497.8184
27497.9375
27497.9375
27498.2383
27498.1270
27498.0273
27498.2266
27498.2559
27498.3867
27498.6973
27498.7148
27498.6855
27498.9570
27498.8145
27498.8457
27499.0449
27499.1855
27499.3457
27499.4043
27499.5645
27499.4121
27499.5508
27499.7129
27499.6816
27499.5703
27499.6582
27499.6582
27499.6875
27499.6875
27499.5879
27499.6484
27499.8164
27499.6074
27499.7363
27499.7480
27499.8066
27499.7363
27499.7773
27499.5371
27499.7461
27499.7070
27499.5527
27499.6660
27499.6953
27499.5234
27499.5664
27499.6758
27499.5879
27499.5879
27499.6758
27499.6582
27499.4766
27499.7168
27499.7285
27499.7285
27499.7461
27499.7051
27499.7051
27499.7656
27499.8770
27499.8652
27499.7363
27499.7656
27499.8164
27499.8594
27499.8770
27499.8887
27500.0176
27499.9766
27499.8945
27500.0762
27499.9648
27500.0234
27499.9473
27500.1875
27499.8770
27499.9766
27500.0879
27500.1582
27499.9766
27500.1875
27500.0059
27500.2051
27500.0938
27500.2344
27500.2344
27500.0645
27500.1641
27500.0234
27500.0938
27499.9219
27500.1816
27499.9980
27500.3574
27500.2148
27500.4453
27500.4570
27500.5859
27500.5859
27500.5156
27500.7148
27500.5859
27500.7148
27500.5566
27500.6562
27500.4453
27500.4277
27500.4980
27500.3574
27500.5977
27500.6387
27500.8223
27500.9043
27501.1055
27501.4004
27501.6543
27501.8242
27502.0195
27502.4316
27502.4023
27502.8965
27502.9668
27503.3809
27503.4531
27503.6094
27503.7520
27503.5391
27503.8945
27503.6816
27503.3691
27503.3984
27503.3281
27503.1152
27503.2578
27503.1445
27503.0742
27502.6797
27502.6797
27502.5664
27502.1113
27501.9707
27502.1406
27501.6465
27501.9297
27501.4883
27501.7422
27501.5117
27501.1699
27501.3301
27501.2285
27501.2578
27501.2578
27501.1758
27501.0332
27500.9473
27500.8750
27500.6758
27500.5918
27500.5195
27500.4902
27500.1953
27500.3789
27500.4785
27500.4785
27500.7793
27500.7500
27500.9492
27501.0078
27500.8496
27500.8086
27500.8086
27500.6367
27500.7070
27500.7227
27500.6230
27500.6523
27500.5410
27500.4707
27500.2695
27500.1270
27499.8555
27499.8730
27499.6445
27499.5020
27499.6445
27499.5312
27499.7148
27499.8438
27499.9258
27500.1387
27500.1094
27500.3535
27500.3516
27500.3828
27500.5645
27500.5645
27500.7480
27500.6914
27500.6914
27500.7207
27500.6191
27500.5918
27500.4180
27500.4609
27500.9160
27500.6621
27500.6621
27500.3770
27500.4473
27500.2363
27500.2070
27500.0645
27499.9648
27499.7500
27499.6387
27499.5391
27499.5664
27499.4238
27499.3828
27499.2832
27499.2695
27499.1992
27499.2285
27499.1836
27499.2852
27499.2129
27499.1719
27499.3008
27499.3008
27499.3008
27499.3711
27499.4004
27499.4434
27499.5137
27499.6250
27499.4844
27499.4551
27499.3848
27499.2109
27499.2109
27499.0840
27498.9844
27498.9121
27498.6992
27498.6992
27498.7695
27498.5996
27498.5410
27498.5410
27498.4688
27498.3984
27498.3848
27498.3262
27498.1836
27497.9414
27497.9004
27497.8711
27497.8984
27497.8574
27497.5723
27497.4590
27497.4180
27497.4180
27497.3887
27497.4297
27497.5293
27497.5996
27497.6992
27497.4863
27497.2734
27497.0898
27496.9316
27497.0898
27497.1172
27497.0898
27497.1602
27497.3320
27497.2891
27497.3477
27497.4043
27497.3457
27497.4180
27497.5586
27497.4590
27497.5586
27497.4434
27497.6426
27497.7559
27497.9277
27497.9551
27497.9844
27498.0566
27498.1699
27498.1543
27498.1680
27498.3672
27498.4551
27498.5957
27498.5801
27498.4805
27498.3105
27498.3105
27498.2227
27498.3105
27498.2676
27498.2109
27498.1543
27498.2109
27498.2109
27498.1816
27498.2676
27498.1680
27497.8828
27498.0664
27498.0371
27497.9805
27498.2656
27497.5664
27497.4180
27497.7656
27497.5508
27497.5645
27497.6230
27497.6504
27497.6504
27497.5508
27497.3359
27497.4648
27497.4648
27497.4629
27497.3086
27497.6934
27497.6934
27497.5488
27497.7930
27497.9922
27498.1914
27498.3633
27498.5918
27498.8047
27499.1621
27499.7754
27500.2910
27500.5742
27500.8750
27501.2168
27501.3594
27501.3594
27501.4746
27501.2305
27501.3027
27501.5312
27501.6016
27501.7012
27501.7012
27501.5879
27501.8301
27501.8730
27501.6875
27501.9004
27501.9727
27502.2148
27502.3145
27502.5430
27502.7285
27502.8418
27503.0859
27503.1562
27503.3145
27503.3008
27503.3145
27503.3281
27503.4434
27503.5430
27503.5137
27503.4570
27503.3848
27503.4570
27503.4277
27503.6562
27503.8418
27503.7988
27503.8555
27503.9570
27504.0996
27504.2422
27504.3848
27504.5977
27504.7422
27504.9414
27504.9707
27505.0137
27505.1133
27505.1133
27505.1562
27505.1133
27505.1133
27505.1855
27505.1855
27505.1426
27505.2852
27505.3281
27505.4707
27505.5859
27505.7285
27505.7559
27505.6855
27505.6289
27505.6699
27505.7871
27505.7578
27505.6699
27505.7559
27505.9297
27505.9863
27505.9863
27505.7988
27505.6270
27505.5566
27505.5977
27505.6543
27505.6836
27505.5840
27505.6113
27505.5684
27505.6250
27505.6680
27505.7559
27505.8984
27506.1836
27506.3691
27506.6562
27506.6992
27506.6992
27506.8145
27506.9570
27506.9004
27506.8574
27506.7734
27506.6445
27506.5449
27506.5449
27506.6172
27506.6445
27506.7305
27506.8730
27506.9570
27507.0293
27506.9141
27506.8867
27506.9004
27506.9434
27506.9727
27506.9004
27506.7559
27506.7715
27506.8730
27506.8281
27506.9277
27506.7852
27506.9004
27507.0859
27506.9727
27506.7871
27506.9160
27506.7012
27506.7305
27506.7012
27506.7734
27506.3730
27506.7734
27506.9453
27506.4590
27506.7305
27506.9297
27507.4609
27507.0176
27507.1602
27506.9863
27507.1152
27507.1719
27507.8457
27507.8594
27506.9258
27507.9141
27507.1543
27507.4570
27507.8438
27507.0840
27508.0605
27507.5742
27507.5020
27507.6309
27507.6250
27507.6875
27507.1270
27507.2832
27507.6426
27507.3691
27507.2676
27507.4082
27508.4258
27508.0820
27507.7949
27508.0801
27508.5820
27508.7539
27507.8926
27508.1641
27507.9785
27507.7637
27507.7793
27507.7207
27507.7480
27507.8184
27507.6758
27507.6035
27507.7617
27507.6777
27508.0098
27508.2246
27508.4570
27508.5273
27508.7168
27508.9316
27508.9590
27509.0469
27508.8594
27508.9434
27508.8008
27508.6270
27508.4414
27508.5840
27508.7285
27508.3691
27508.5840
27508.3691
27508.3281
27508.1406
27507.9980
27508.0977
27507.9688
27507.7559
27507.6973
27507.8398
27507.8125
27507.8125
27507.5840
27507.4121
27507.4004
27507.4121
27507.5273
27507.5000
27507.4863
27507.5039
27507.5430
27507.1992
27507.1992
27507.1270
27507.2285
27507.0996
27507.1562
27507.1426
27507.1719
27507.1328
27507.2031
27506.9727
27507.1152
27507.0586
27507.0430
27507.0586
27507.0430
27506.9434
27507.0312
27507.1152
27506.8594
27506.8848
27506.6719
27506.8848
27507.0117
27507.1230
27507.4121
27507.0684
27507.1680
27507.3672
27507.3789
27507.0195
27506.9922
27507.0039
27507.0039
27506.7871
27506.9590
27507.2578
27507.1426
27507.3594
27507.2871
27507.4746
27507.2578
27507.5039
27507.4590
27507.5176
27507.3477
27507.5020
27507.4590
27507.7012
27507.9180
27508.1348
27508.1074
27507.9746
27508.0898
27507.8633
27508.0293
27507.9297
27508.0137
27508.1250
27507.8398
27508.1406
27507.9531
27508.0801
27508.1523
27508.2207
27508.1465
27508.0195
27508.0312
27508.0312
27508.0859
27507.9316
27507.9707
27507.8125
27507.9590
27507.6406
27507.7090
27507.6250
27507.5195
27507.4629
27507.5801
27507.2480
27507.2363
27507.1289
27507.4355
27507.2344
27507.2012
27507.3457
27507.2402
27507.2559
27506.7070
27506.9414
27507.1406
27507.0410
27507.0566
27506.9688
27506.6348
27506.9688
27506.7383
27506.9121
27507.1992
27506.9395
27506.9395
27507.0820
27507.0723
27507.0273
27507.0000
27506.7988
27506.8711
27507.5156
27507.1094
27507.2441
27507.1250
27506.1094
27505.9922
27506.0020
27506.1582
27506.0742
27505.8027
27505.8848
27505.7852
27505.6113
27505.7852
27505.6387
27505.9121
27505.7012
27505.5000
27505.6387
27505.7012
27505.5547
27505.6836
27505.5273
27505.6289
27505.3828
27505.1836
27505.1543
27505.0254
27504.9883
27504.9160
27504.8711
27504.7422
27504.7148
27504.9883
27504.7695
27504.7695
27504.6152
27504.6582
27504.4688
27504.2695
27504.3848
27504.1855
27504.0234
27503.9863
27503.9785
27503.8223
27503.8789
27503.9062
27503.5332
27503.3984
27503.1973
27503.1973
27503.1973
27503.0098
27503.2598
27503.0977
27502.9980
27502.9805
27502.8965
27502.8242
27502.6797
27502.8340
27502.8340
27502.7773
27502.7891
27502.9238
27502.7441
27502.9785
27502.7715
27502.8770
27502.7871
27502.9141
27502.9863
27502.9316
27503.2754
27503.2930
27503.3750
27503.3652
27503.6035
27503.5195
27503.6035
27503.7637
27503.9004
27503.9199
27503.9277
27503.8457
27503.4941
27503.9004
27503.8555
27504.0723
27503.8379
27504.1543
27504.0918
27504.3086
27504.4531
27504.7598
27504.6719
27505.0332
27505.2793
27505.3965
27505.6855
27505.8477
27505.8203
27505.8203
27505.2402
27505.1133
27505.1582
27505.0938
27505.0859
27505.0293
27505.2461
27505.0840
27505.1367
27505.1367
27505.2363
27505.1992
27505.2988
27505.8242
27505.9141
27505.8145
27506.1309
27505.9590
27506.2773
27506.3496
27506.8203
27506.6309
27506.9648
27507.0469
27507.1738
27507.4453
27507.4004
27507.4004
27507.2559
27507.4453
27507.1094
27507.3379
27507.2832
27507.2832
27507.2930
27507.3828
27507.9102
27507.8008
27508.3359
27508.7266
27508.8008
27508.7910
27508.8730
27509.3633
27509.8262
27510.2617
27510.3438
27510.7715
27510.7715
27510.9258
27511.0430
27511.0703
27510.9883
27511.1172
27510.9160
27511.2070
27511.5098
27511.8262
27511.7637
27511.9004
27511.9453
27512.3359
27512.4082
27512.3906
27512.3184
27512.1543
27512.5078
27512.8555
27512.8262
27512.8457
27512.6289
27512.6562
27512.8281
27512.6016
27512.9648
27513.0195
27513.1113
27512.9648
27513.0391
27513.1660
27512.8926
27513.1387
27512.7480
27513.0566
27512.9121
27512.7207
27512.5488
27512.8652
27512.7383
27512.8926
27512.6934
27512.8574
27512.5391
27512.6758
27512.7129
27512.5664
27512.5664
27512.6855
27512.3496
27512.5664
27512.7402
27512.6758
27512.8105
27512.5859
27512.7656
27512.6211
27512.8672
27512.9922
27513.1660
27513.6133
27513.8125
27514.0938
27513.8477
27513.8301
27514.2480
27513.9844
27513.9395
27513.7734
27513.5645
27513.4902
27512.9355
27513.1094
27513.1621
27513.2441
27513.3633
27513.4629
27513.4902
27513.2715
27513.3164
27513.3613
27513.1445
27513.2168
27513.1172
27512.6172
27511.9961
27511.6309
27511.6504
27511.4395
27511.2930
27511.1934
27510.5371
27510.5566
27510.2441
27510.0723
27510.1445
27509.8789
27510.0527
27509.7148
27509.6680
27509.5879
27509.0645
27508.7012
27508.9199
27508.8281
27508.8008
27508.8730
27508.6426
27508.6348
27508.4629
27508.7070
27508.8145
27509.2070
27509.4727
27509.1973
27509.7363
27509.4707
27509.4434
27509.5977
27509.6328
27509.9062
27509.8516
27509.4668
27509.3027
27509.3926
27509.4648
27509.4004
27509.5469
27509.4551
27509.2812
27509.2344
27508.9688
27508.8809
27508.5879
27508.9609
27509.2441
27508.6523
27508.6777
27508.6973
27508.6504
27508.7051
27508.9238
27508.8516
27508.5117
27508.4590
27508.1113
27508.3184
27508.1543
27507.8340
27507.5410
27507.1484
27507.3203
27507.0938
27506.6816
27506.1699
27505.9590
27505.5664
27505.5176
27504.9512
27504.9336
27504.9590
27504.8594
27504.5195
27504.5996
27504.5527
27504.9180
27504.8711
27505.0977
27504.6523
27504.6035
27504.6387
27504.4766
27504.8496
27504.2578
27504.2559
27504.2012
27504.1270
27504.2012
27504.0527
27504.2188
27504.0977
27503.9727
27504.0703
27504.0430
27504.0918
27503.9238
27504.1621
27504.0430
27503.6699
27503.7500
27503.8945
27504.5000
27505.0918
27505.2383
27504.9922
27505.1562
27505.2578
27505.3555
27505.0078
27504.9824
27504.8809
27504.4688
27504.1484
27503.8613
27503.4355
27503.2891
27503.4258
27503.3730
27503.6055
27503.8711
27503.8633
27503.4492
27503.0488
27502.9824
27502.5293
27502.5547
27502.6289
27502.8945
27502.9668
27502.8125
27502.8125
27502.9531
27503.0781
27503.1660
27503.3105
27503.1309
27502.9629
27502.8164
27502.7441
27502.7285
27503.1953
27503.1152
27503.2148
27502.9941
27502.9688
27503.1738
27503.3398
27503.0996
27503.2734
27502.4121
27502.3594
27502.0977
27502.0645
27502.0898
27502.5566
27502.4492
27502.2832
27502.2031
27501.7891
27501.4961
27501.0020
27500.6543
27500.5332
27500.7930
27500.9004
27500.7461
27500.5801
27500.1387
27500.1914
27499.9707
27499.9434
27499.8164
27499.6699
27499.7637
27499.8359
27499.2676
27499.3145
27499.0137
27499.5527
27499.4062
27498.9336
27499.1582
27498.7637
27499.1445
27498.6914
27498.4766
27498.2227
27497.4707
27497.2812
27497.0957
27497.2070
27496.9121
27496.8828
27496.4844
27496.7051
27496.1309
27495.9902
27496.0508
27495.8301
27496.2773
27495.8887
27496.5098
27496.1152
27496.5098
27496.4141
27496.1816
27495.8926
27495.4199
27495.3926
27495.1719
27494.5625
27494.4219
27494.1523
27493.6582
27493.6113
27493.4160
27493.1484
27492.9473
27492.8008
27492.7266
27492.3574
27492.4316
27492.5039
27492.3828
27492.0137
27491.6934
27491.2520
27491.0020
27491.2500
27491.0742
27491.1016
27490.9277
27490.9062
27490.7246
27490.8047
27490.2090
27490.3145
27490.2637
27490.1348
27490.4551
27490.8008
27490.6738
27490.7676
27490.5449
27490.3730
27490.4336
27490.5312
27490.7539
27490.5195
27490.7715
27490.6191
27490.8438
27491.0273
27491.3809
27491.1016
27491.1797
27491.0742
27491.2188
27491.3867
27491.3086
27491.3594
27491.1055
27491.3848
27491.3789
27491.3066
27491.3887
27491.8242
27491.7031
27491.9297
27491.8301
27491.9805
27492.0020
27492.1484
27492.5156
27492.3887
27492.9570
27493.0254
27493.1973
27493.2988
27493.1973
27493.0957
27493.1270
27492.4375
27492.4844
27492.2168
27492.1152
27492.2617
27492.7246
27492.9258
27493.5781
27494.0977
27494.5391
27494.7402
27494.9805
27494.9590
27494.9863
27494.9062
27495.0020
27495.0312
27495.1621
27495.1992
27495.4258
27495.6523
27495.8242
27495.9766
27496.1777
27496.3809
27496.5547
27496.7500
27496.8809
27496.8535
27496.8008
27496.6523
27496.7832
27496.4297
27496.6562
27496.8770
27496.7324
27496.8770
27497.0234
27496.8535
27497.1973
27497.1699
27497.3164
27497.1426
27497.1953
27497.1953
27497.2988
27497.5723
27497.3926
27497.4492
27497.2188
27497.3965
27497.4219
27497.5742
27497.8691
27497.6465
27497.5938
27497.9414
27497.7148
27497.9883
27497.9062
27497.6309
27497.8281
27498.0000
27497.8223
27497.9258
27498.0195
27497.9727
27497.8242
27497.9277
27497.8008
27497.9238
27497.4531
27498.1934
27498.2969
27498.3613
27498.3691
27498.0469
27498.4160
27498.0684
27497.9453
27497.6230
27497.8711
27497.6973
27497.9238
27498.1172
27498.0703
27498.3613
27498.1680
27498.4648
27498.5117
27498.6406
27498.4160
27498.8887
27498.7363
27498.5918
27498.5918
27498.6660
27498.7949
27498.7422
27498.7988
27498.4238
27498.5020
27498.9238
27498.7227
27499.0703
27498.8477
