27487.2988
27487.8945
27488.2598
27488.3945
27488.5488
27488.7129
27489.1953
27489.8789
27490.0410
27490.3418
27490.6055
27490.9707
27490.9980
27491.1602
27491.1973
27491.2617
27491.1699
27490.8594
27490.5703
27490.4043
27490.1133
27490.2793
27490.1504
27490.0605
27489.7168
27489.6504
27489.7168
27489.5156
27489.3535
27489.2988
27489.3906
27489.2012
27489.2832
27489.4746
27489.5117
27489.8125
27489.7578
27490.0039
27490.0039
27490.0312
27490.0332
27490.2402
27490.4688
27490.4160
27490.4160
27490.7969
27490.8789
27490.7793
27491.0879
27490.9707
27490.9883
27491.2617
27490.8887
27491.2617
27491.4160
27491.5449
27491.6270
27491.5625
27491.6172
27491.8262
27491.9629
27491.8086
27492.0449
27492.2461
27492.5098
27492.6270
27492.7363
27493.0371
27493.4453
27493.4199
27493.3359
27493.5742
27493.5645
27493.9824
27493.9473
27493.9824
27493.9648
27494.0293
27494.0469
27494.2754
27494.0742
27494.1543
27494.0645
27494.1543
27494.2285
27494.4375
27494.3105
27494.2285
27494.1914
27494.3125
27494.3125
27494.2832
27494.2285
27494.1660
27494.0664
27494.0039
27493.9121
27494.1484
27493.8574
27493.7207
27493.6953
27493.9121
27493.8125
27493.8770
27494.0586
27494.0137
27494.0957
27494.2852
27494.2031
27494.5312
27494.3398
27494.5488
27494.7305
27494.6309
27494.7305
27494.8770
27494.8320
27494.8145
27494.8867
27494.6055
27494.7871
27494.9941
27495.0957
27495.2598
27495.1680
27495.2129
27495.3320
27495.3320
27495.7598
27495.9043
27496.0039
27496.2500
27496.3750
27496.4746
27496.4941
27496.7383
27496.7129
27496.7754
27496.6758
27496.5957
27496.8125
27496.7871
27496.7305
27496.7500
27496.7871
27496.6230
27496.9492
27496.9492
27497.2500
27497.2949
27497.1953
27497.3945
27497.4766
27497.6582
27497.8125
27498.0410
27497.9570
27498.1777
27498.1406
27498.2207
27498.4199
27498.4570
27498.7207
27498.8828
27499.1484
27499.2539
27499.2910
27499.5547
27499.4746
27499.5176
27499.7637
27499.7637
27499.8457
27499.8457
27499.7461
27499.9082
27500.0254
27499.9707
27500.1523
27500.0078
27500.1719
27500.1523
27500.0879
27499.9512
27500.0078
27500.0703
27500.1777
27500.1348
27500.2148
27500.0977
27500.0332
27499.9883
27499.7441
27499.7441
27499.9883
27499.7637
27499.7891
27499.9258
27499.7812
27499.7812
27500.0059
27500.0703
27500.0703
27500.2324
27500.1895
27500.3320
27500.1523
27500.2324
27500.0254
27499.9629
27500.1895
27500.0449
27500.2266
27500.2891
27500.4141
27500.3887
27500.4316
27500.5957
27500.2070
27500.3438
27500.1895
27500.2891
27500.2441
27500.2637
27500.2891
27500.3438
27500.3691
27500.5684
27500.6152
27500.6523
27500.6523
27500.5312
27500.6328
27500.5957
27500.6133
27500.4941
27500.8574
27500.8828
27501.3457
27501.3066
27501.5898
27501.4453
27501.6270
27501.6270
27501.6074
27501.8066
27501.6270
27501.8066
27501.5449
27501.6445
27501.5879
27501.3633
27501.3809
27501.3438
27501.4824
27501.4180
27501.3945
27501.2695
27501.4688
27501.4004
27501.3945
27501.5117
27501.3438
27501.5996
27501.5176
27501.6484
27501.6680
27501.9258
27501.9434
27502.2051
27502.2422
27502.1875
27502.2812
27502.2246
27502.0684
27502.1504
27502.1309
27502.0742
27502.1133
27502.1582
27502.1387
27502.1074
27502.1074
27502.1504
27501.9570
27501.9199
27502.0371
27501.9062
27501.9805
27501.6426
27501.6367
27501.3574
27501.1191
27501.3809
27501.2812
27501.3633
27501.3633
27501.4863
27501.4492
27501.2070
27501.1875
27500.9863
27501.1133
27501.0938
27501.0117
27501.0801
27501.0547
27501.1543
27501.1543
27501.4551
27501.3730
27501.5742
27501.7363
27501.4727
27501.5371
27501.5371
27501.4160
27501.4355
27501.6602
27501.5605
27501.6406
27501.6836
27501.6660
27501.4648
27501.4277
27501.2070
27501.4336
27501.1504
27501.1133
27501.1504
27501.1953
27501.1699
27501.3516
27501.2266
27501.2832
27501.2012
27501.3398
27501.3398
27501.4219
27501.3965
27501.3965
27501.3730
27501.2109
27501.2109
27501.2910
27501.1914
27501.1113
27500.9902
27500.9297
27501.1230
27501.1309
27501.1309
27501.0547
27501.0723
27501.0156
27500.9336
27500.8945
27500.7949
27500.7383
27500.7812
27500.6816
27500.7617
27500.7246
27500.7871
27500.6855
27500.8301
27500.8105
27500.8906
27500.9531
27501.0527
27501.0332
27501.0957
27501.2773
27501.2773
27501.2754
27501.2949
27501.3770
27501.3145
27501.3340
27501.2910
27501.2520
27501.1719
27501.1523
27501.0312
27501.0312
27500.8516
27500.7520
27500.7324
27500.6758
27500.6758
27500.6934
27500.5762
27500.4121
27500.4121
27500.3926
27500.3750
27500.5176
27500.3535
27500.3164
27500.1777
27500.2402
27500.1582
27500.2383
27500.3008
27500.2246
27500.2676
27500.3301
27500.3281
27500.2480
27500.1855
27500.2852
27500.3047
27500.4043
27500.3477
27500.2891
27500.3125
27500.4160
27500.6777
27500.7578
27500.6777
27500.6973
27500.8145
27500.8770
27501.0391
27501.1992
27501.0391
27501.0566
27501.0957
27500.9961
27501.0957
27500.7715
27500.9707
27500.9277
27501.0469
27501.1289
27501.2090
27501.2285
27501.1855
27500.9629
27500.8203
27501.0195
27501.2617
27501.3008
27501.0762
27500.9766
27500.8574
27500.8574
27500.9805
27501.2227
27501.2832
27501.4863
27501.6914
27501.8516
27501.8516
27501.7695
27501.6484
27501.5488
27501.4707
27501.4473
27501.3652
27501.2051
27501.2812
27500.9453
27500.8320
27500.7812
27500.7227
27500.5801
27500.7422
27500.8223
27500.8223
27500.7227
27500.6641
27500.8438
27500.8438
27500.8438
27500.9473
27501.1250
27501.1250
27501.0859
27501.2246
27501.4238
27501.6250
27501.7422
27502.0234
27502.0820
27502.1777
27502.6348
27502.9941
27503.0703
27503.3711
27503.6094
27503.6484
27503.6484
27503.6055
27503.4668
27503.4863
27503.7656
27503.7852
27503.8848
27503.8848
27503.9277
27504.0664
27504.0059
27504.0273
27504.0859
27504.1055
27504.2422
27504.3418
27504.6230
27504.9648
27504.9219
27505.0625
27505.0820
27504.9785
27504.7559
27504.6133
27504.4727
27504.4316
27504.5312
27504.4512
27504.2891
27504.2695
27504.2891
27504.2090
27504.4883
27504.8301
27504.8926
27505.0527
27505.1523
27505.1914
27505.2305
27505.2695
27505.3262
27505.3652
27505.5664
27505.6465
27505.5859
27505.6855
27505.6855
27505.6250
27505.6855
27505.6855
27505.7051
27505.7051
27505.7656
27505.8047
27505.7441
27505.7832
27505.7422
27505.7812
27505.8613
27505.8418
27505.6797
27505.6191
27505.5781
27505.4980
27505.6191
27505.8613
27505.9805
27506.1406
27506.1406
27506.1641
27506.0430
27506.0234
27506.3262
27506.4883
27506.5684
27506.4668
27506.5469
27506.6074
27506.7676
27506.7070
27506.5879
27506.6270
27506.7051
27506.6836
27506.7617
27506.6992
27506.6992
27506.6582
27506.6973
27506.5371
27506.5977
27506.3555
27506.1758
27506.0762
27506.0762
27506.0977
27506.1777
27506.4180
27506.4570
27506.6973
27506.7168
27506.7578
27506.6777
27506.9004
27506.8398
27506.9199
27506.9004
27506.8613
27506.7188
27506.8203
27506.8809
27506.9805
27506.9414
27506.9004
27506.8789
27506.5586
27506.5781
27506.3965
27506.3379
27506.4180
27506.3379
27506.3574
27505.9590
27506.3574
27506.4785
27506.1973
27506.4199
27506.6191
27506.8359
27506.4980
27506.9004
27506.7773
27506.9590
27507.1191
27507.3770
27507.5996
27507.3418
27507.7578
27507.6230
27507.5605
27507.7383
27507.2422
27507.4375
27507.1582
27507.1387
27507.3184
27507.2441
27507.4805
27507.1797
27507.4414
27507.5391
27507.6816
27507.9414
27508.3438
27508.8418
27508.6035
27508.5234
27508.9629
27509.1035
27509.2227
27508.9844
27509.2031
27508.8633
27508.8027
27508.6641
27508.8652
27508.9434
27508.9629
27508.9238
27508.9043
27508.8027
27508.5625
27508.5820
27508.6426
27508.5605
27508.5801
27508.5605
27508.6191
27508.6992
27508.5801
27508.5996
27508.8398
27508.8008
27508.6797
27508.7012
27508.7402
27508.7812
27508.6816
27508.7402
27508.6816
27508.3809
27508.4004
27508.3613
27508.4609
27508.2812
27507.8594
27508.0605
27508.0996
27508.0195
27508.0195
27507.7402
27507.6191
27507.4004
27507.6191
27507.5801
27507.5000
27507.2793
27507.1387
27507.4395
27507.1992
27507.1992
27507.1797
27507.2812
27507.0996
27507.2598
27507.0391
27507.1191
27506.8203
27506.8398
27506.9199
27506.9609
27506.7988
27506.9395
27506.7988
27506.9395
27506.8398
27506.7188
27506.9609
27506.5996
27507.0391
27506.6191
27507.0391
27507.2207
27507.5391
27507.6191
27507.3809
27507.4805
27507.6797
27507.8984
27507.7988
27507.7188
27507.9395
27507.9395
27507.8789
27508.0000
27508.2988
27508.3398
27508.4004
27508.3789
27508.3574
27508.2988
27508.4395
27508.4980
27508.2988
27508.1797
27508.4395
27508.4980
27508.6387
27508.6992
27508.7598
27508.6797
27508.8574
27508.8184
27508.5391
27509.0176
27508.9180
27509.1582
27509.4766
27509.0371
27509.3379
27509.3574
27509.5371
27509.5566
27509.9355
27509.9160
27509.7363
27509.9551
27509.9551
27510.1152
27509.8535
27510.1543
27509.8926
27509.9336
27509.7734
27510.1523
27509.9141
27510.1719
27510.0117
27509.9727
27509.9512
27509.7305
27509.9902
27509.9316
27509.7305
27510.0098
27510.0508
27510.3086
27510.1699
27510.0879
27510.0078
27510.2090
27510.1094
27509.9688
27510.0879
27510.0664
27510.0879
27509.8066
27509.9277
27510.0078
27510.0059
27510.0059
27510.0469
27509.8281
27509.8867
27509.8066
27509.6055
27509.6270
27510.1660
27510.1250
27510.1406
27509.9863
27509.1250
27509.1641
27509.3828
27509.6426
27509.4023
27509.1816
27509.4219
27509.3203
27509.1992
27509.3203
27509.2793
27509.5000
27509.0820
27508.8809
27509.2773
27509.0801
27509.0391
27509.2188
27508.9590
27509.0605
27508.9199
27508.7188
27508.6387
27508.4590
27508.1602
27508.1406
27508.1992
27508.0195
27507.9375
27508.1602
27508.0977
27508.0977
27507.8379
27507.7793
27507.7969
27507.5977
27507.5586
27507.3574
27507.4570
27507.1582
27507.5156
27507.2559
27507.4141
27507.4941
27507.1719
27507.3516
27507.1504
27507.1504
27507.1484
27507.1699
27506.9512
27507.0488
27506.9492
27507.0879
27506.8496
27506.8281
27506.7871
27507.0449
27507.0449
27506.8867
27507.1055
27506.9277
27507.1641
27507.0859
27507.2422
27506.9844
27507.1035
27507.2832
27507.3027
27507.1445
27507.3848
27507.2461
27507.4824
27507.2656
27507.7637
27507.5234
27507.7617
27507.6641
27508.0605
27507.9238
27508.1406
27507.9023
27508.0176
27508.0605
27508.1191
27508.1816
27508.2578
27508.4180
27508.6152
27508.6777
27508.7188
27508.6602
27508.7793
27508.8828
27509.0234
27508.9844
27509.0664
27508.9668
27508.8887
27508.8887
27508.7246
27508.5449
27508.4863
27508.6816
27508.4648
27508.3047
27508.3672
27508.4648
27508.0488
27508.0469
27508.1484
27507.8516
27507.9512
27507.9570
27507.8379
27507.7383
27507.9004
27507.7793
27507.9414
27507.9609
27507.8086
27507.8262
27507.8496
27507.5137
27507.6934
27507.9141
27507.9727
27507.9727
27507.9316
27507.9141
27507.8906
27508.1699
27508.0117
27508.0117
27508.2285
27508.1113
27508.6895
27508.3730
27508.5957
27508.7793
27508.8008
27508.5820
27508.8223
27509.1035
27509.3066
27509.4297
27509.6680
27509.5742
27509.5762
27509.8340
27509.7969
27509.8750
27509.6367
27509.8184
27509.6172
27509.6992
27510.0000
27510.1621
27510.3594
27510.1836
27510.1250
27510.3086
27510.3281
27510.4668
27510.4453
27509.9707
27510.4277
27510.6719
27510.5898
27510.4531
27510.3926
27510.4707
27510.5918
27510.3125
27510.4160
27510.5742
27510.4590
27510.4180
27510.4375
27510.6172
27510.3965
27510.5391
27510.3555
27510.3008
27510.2598
27510.2773
27510.1562
27510.3184
27510.1387
27510.3984
27510.1973
27510.6738
27510.5098
27510.3359
27510.6328
27510.5918
27510.5918
27510.5527
27510.5293
27510.5918
27510.7129
27510.9062
27511.3027
27511.0254
27511.3633
27511.3223
27511.4629
27511.6406
27511.7617
27512.1035
27512.3047
27512.7422
27512.5996
27512.7383
27513.0000
27512.9961
27513.0547
27513.1504
27513.3027
27513.2832
27513.1973
27513.3164
27513.4746
27513.7129
27513.6758
27513.7754
27513.8535
27513.7910
27513.7324
27513.6758
27513.6133
27513.6328
27513.5312
27513.0312
27513.1406
27513.0352
27512.8984
27513.0508
27513.0098
27512.9102
27512.7207
27512.5840
27512.6367
27512.5156
27512.5371
27512.5312
27512.6523
27512.6270
27512.6855
27512.4473
27512.6543
27512.5488
27512.6113
27512.7285
27512.6484
27512.6680
27512.9590
27512.7441
27512.6230
27512.7637
27513.0801
27513.2637
27513.2676
27513.0469
27513.2715
27513.2676
27513.1875
27513.4453
27513.7402
27513.9609
27513.8027
27513.8340
27513.9297
27513.8125
27513.8340
27514.0293
27514.0703
27514.1855
27514.0645
27514.1230
27514.1172
27513.6641
27513.5801
27513.9004
27513.7676
27513.3848
27513.4629
27513.3262
27513.3848
27513.5410
27513.6035
27513.5820
27513.5566
27513.3984
27513.1543
27513.5703
27513.6660
27513.5020
27513.4180
27513.2324
27513.3535
27513.0742
27513.0254
27512.8770
27513.0293
27512.8457
27512.9023
27512.5957
27512.7324
27512.8105
27512.7109
27512.6836
27512.9199
27512.9766
27513.0820
27513.1387
27513.4180
27513.0762
27513.1328
27513.4258
27512.9531
27513.2734
27512.8887
27512.8887
27512.7285
27512.7070
27512.7285
27512.6855
27512.5918
27512.6270
27512.4492
27512.5469
27512.4688
27512.4102
27512.5039
27512.4316
27512.4668
27512.1445
27512.3809
27512.4238
27512.4551
27512.8398
27512.8828
27512.7402
27512.6445
27512.7441
27512.8438
27512.5996
27512.5215
27512.4219
27512.3730
27512.2090
27512.3379
27511.8594
27511.8164
27511.6426
27511.4863
27511.1973
27511.2031
27510.9883
27510.9375
27510.5371
27510.7324
27510.1738
27510.2520
27510.2734
27510.2793
27510.3008
27510.0410
27510.0410
27509.8672
27510.0469
27509.7168
27509.7598
27509.4219
27509.5156
27509.4727
27509.4512
27509.0215
27509.2266
27508.9922
27509.0898
27509.0273
27508.9473
27509.3613
27509.2676
27509.3398
27509.4609
27509.0684
27508.9102
27509.1191
27508.8242
27508.9023
27509.1094
27508.7949
27508.8867
27508.6523
27508.6016
27508.5156
27508.2285
27507.9863
27508.0215
27507.8125
27508.1270
27507.8711
27507.9629
27507.8340
27507.9902
27507.9258
27507.8477
27507.6699
27507.6250
27507.5098
27507.5312
27507.2246
27507.1660
27506.8652
27507.0938
27507.0508
27506.6289
27506.9062
27506.7207
27507.2559
27506.6992
27506.8496
27506.4902
27505.6328
27505.8613
27505.9023
27505.8398
27505.7539
27506.4512
27505.2734
27505.3379
27504.8145
27504.9844
27504.5781
27504.5137
27504.8574
27504.1055
27504.5703
27504.3848
27504.5703
27504.6816
27504.1895
27504.3184
27503.8965
27503.8164
27503.7520
27503.7148
27503.8848
27503.8770
27503.5898
27503.6465
27503.6602
27503.6523
27503.4512
27503.4082
27503.3867
27503.2773
27503.2988
27503.3203
27503.3555
27503.2461
27503.0820
27502.9512
27502.8066
27502.9492
27502.8262
27502.9062
27502.7832
27502.9180
27502.5820
27502.8164
27502.4297
27502.7422
27502.6562
27502.4062
27502.5703
27502.8125
27502.6328
27502.5195
27502.4531
27502.3320
27501.9238
27502.0254
27502.0898
27501.5957
27501.9512
27501.6953
27501.9727
27501.5312
27501.9883
27501.5527
27501.7871
27501.4727
27501.5156
27501.4238
27501.1875
27501.3438
27500.9863
27501.4199
27501.2070
27501.1855
27501.6328
27501.5488
27501.5820
27501.8613
27501.7617
27502.0156
27501.8809
27501.9238
27502.0312
27501.8535
27502.1621
27501.9688
27502.0898
27502.1895
27502.0898
27501.9883
27502.2793
27502.0059
27501.9492
27501.9395
27501.8398
27501.8828
27501.8770
27502.0762
27501.8457
27502.2090
27502.3398
27502.5410
27502.4688
27502.6055
27502.6816
27502.4453
27502.3340
27502.6250
27503.0156
27502.5312
27502.8105
27503.0879
27503.2090
27503.4648
27503.6660
27504.0781
27504.1992
27504.1855
27504.5762
27504.4961
27504.3398
27504.2969
27504.6875
27504.2305
27504.5078
27504.5742
27504.7422
27504.5723
27504.6152
27504.7070
27504.7363
27504.6582
27504.7012
27504.5781
27504.7363
27504.7344
27505.0469
27505.2676
27504.9336
27505.3008
27504.8105
27505.1445
27505.2227
27505.4785
27505.5664
27505.5000
27505.3418
27505.5859
27505.3066
27505.5273
27505.0820
27504.8594
27504.8477
27504.9688
27504.6328
27504.9453
27504.8320
27504.8887
27504.8457
27505.1562
27504.9785
27504.9434
27504.7344
27504.9531
27505.2637
27504.8613
27505.2852
27505.1191
27505.2285
27504.9844
27505.0176
27504.8516
27504.9961
27504.8730
27505.1504
27505.1367
27505.1934
27505.0684
27505.2930
27505.3809
27505.3223
27505.7129
27505.4355
27505.8574
27505.5996
27505.7695
27505.7676
27505.7891
27506.1797
27506.0215
27506.3906
27506.0684
27506.3008
27506.5684
27506.3672
27506.6113
27506.5449
