28027.9316
28028.3184
28027.9375
28027.6406
28027.4473
28027.3555
28027.0605
28026.9668
28026.6797
28027.2656
28028.1367
28028.3379
28028.0410
28027.8496
28027.9492
28028.0449
28028.0449
28027.8555
28027.1777
28027.2656
28027.2676
28027.0742
28026.5879
28026.5898
28026.4883
28026.7852
28026.4902
28026.7832
28026.8770
28026.3828
28026.8672
28026.2930
28026.7773
28026.5820
28026.8613
28026.6719
28027.0625
28027.3535
28027.3418
28026.6621
28026.9453
28027.2441
28027.5332
28027.7285
28027.7266
28028.0156
28028.2031
28028.4102
28028.8848
28029.0820
28029.5625
28029.5625
28029.5625
28029.6523
28029.5508
28029.6523
28029.6504
28030.2285
28030.2285
28030.2207
28030.5078
28030.4199
28030.5195
28030.8047
28030.8066
28031.2910
28031.5938
28031.8770
28031.4844
28031.3809
28031.4355
28031.5293
28030.9570
28030.9648
28030.3789
28030.1641
28030.2734
28030.1777
28030.7656
28030.5742
28030.5723
28030.9629
28030.3730
28030.3770
28030.8730
28031.4609
28030.7812
28031.3594
28031.2773
28031.0781
28030.7812
28030.9863
28031.2871
28031.5762
28032.0684
28032.2617
28032.8574
28032.4629
28032.4668
28032.2676
28031.6875
28032.2793
28032.2832
28032.7793
28033.0762
28033.1816
28033.0918
28032.8965
28032.6074
28032.5137
28032.7266
28032.7168
28032.0312
28032.2227
28032.7246
28032.4199
28032.2070
28032.5098
28032.4043
28032.2988
28032.0020
28032.4863
28032.0996
28032.0957
28031.8027
28031.8984
28032.0996
28032.0879
28032.0000
28032.2891
28032.1816
28032.1875
28031.9844
28031.9863
28031.9883
28032.1797
28031.8828
28031.5801
28031.5840
28031.4883
28031.4805
28031.7832
28031.7773
28031.8789
28032.1699
28032.2773
28032.5605
28032.6602
28032.3672
28032.2754
28032.0762
28032.1777
28031.9863
28032.4746
28032.2793
28032.2871
28032.1855
28032.1855
28031.8027
28031.8027
28031.7402
28031.6035
28031.1152
28031.8105
28031.6191
28031.8086
28031.8184
28031.9219
28032.0156
28032.1191
28032.3164
28032.4141
28032.6074
28032.7109
28032.8027
28032.6113
28032.7051
28032.7070
28032.4121
28032.6094
28032.2129
28032.5996
28032.4961
28032.6934
28032.5918
28032.5977
28032.4043
28032.9922
28032.6055
28032.5977
28032.7969
28032.9902
28032.6953
28032.6895
28033.0898
28032.5957
28032.7871
28032.5879
28032.6855
28032.8770
28032.6797
28032.6816
28032.7773
28032.8828
28032.7812
28032.6777
28033.0703
28033.1699
28032.9668
28033.1699
28033.2656
28033.4648
28033.2715
28033.3633
28033.4648
28033.1738
28033.3750
28033.1875
28033.1914
28033.0938
28032.9922
28032.9902
28033.2891
28033.4844
28033.7734
28033.5742
28033.8613
28033.5645
28034.6387
28033.7559
28034.1484
28034.0449
28034.0430
28034.2441
28034.3359
28034.5391
28034.6348
28034.8281
28034.9258
28034.9258
28034.9160
28034.7227
28034.6211
28034.7207
28034.6191
28034.7129
28034.8105
28034.8027
28034.8027
28035.0898
28034.7969
28034.7988
28035.1895
28035.2832
28035.5820
28035.1895
28034.9902
28034.2070
28034.5020
28034.0117
28034.1133
28034.2148
28034.1211
28033.7324
28033.4473
28033.0547
28033.0566
28032.7617
28032.4727
28032.5742
28032.1855
28032.4863
28031.7969
28031.9961
28031.6934
28031.6992
28031.3066
28030.5137
28030.5176
28030.1172
28029.7227
28029.7168
28030.2129
28030.4082
28031.1074
28031.1035
28031.2031
28031.7969
28031.6953
28032.2910
28032.0918
28032.0938
28032.8789
28032.1758
28032.8613
28032.9531
28032.7559
28032.5527
28033.0488
28033.3477
28033.6504
28033.3535
28033.5566
28033.9434
28033.9492
28033.9531
28033.8633
28034.0605
28033.4629
28033.3672
28033.1621
28033.0684
28033.1660
28033.2676
28033.3633
28033.5625
28033.5566
28033.2676
28033.3613
28032.6719
28032.6719
28032.7715
28032.3750
28032.3711
28032.1660
28032.2617
28032.0586
28032.4492
28032.4414
28032.5449
28032.4414
28032.3457
28032.4453
28032.1543
28031.9609
28032.0645
28032.0645
28032.1699
28032.3770
28032.2793
28032.4785
28032.3789
28032.5742
28032.8672
28033.1602
28033.3555
28033.7500
28034.0449
28034.0449
28034.0410
28033.6426
28033.6367
28033.3398
28033.1387
28032.8438
28032.7441
28033.3340
28033.2363
28033.1348
28033.1387
28033.1504
28033.0430
28032.4609
28031.8613
28032.1660
28031.8691
28031.6797
28031.2852
28030.8926
28030.5996
28030.2070
28029.6172
28029.5195
28029.3281
28029.1230
28028.8359
28028.6328
28028.3438
28028.3398
28028.1465
28027.8516
28027.9512
28027.9512
28027.7520
28027.6543
28027.8516
28027.9531
28027.7520
28027.6562
28027.3633
28027.1641
28027.4609
28027.5566
28027.5508
28027.4453
28027.2441
28027.5371
28027.5352
28027.3340
28027.2285
28027.4238
28027.3223
28027.5195
28027.4199
28027.4219
28027.4219
28027.6211
28027.2246
28026.9336
28026.9375
28027.3359
28027.8301
28027.9316
28029.5156
28029.9141
28030.2090
28033.7734
28032.2910
28033.5801
28034.1758
28033.0879
28034.7754
28034.1797
28034.4766
28034.3789
28034.0801
28034.1777
28034.1777
28034.2793
28033.9824
28034.5781
28034.4785
28034.1797
28033.4863
28033.5859
28033.6836
28033.3867
28032.6953
28033.0918
28032.8945
28033.0938
28032.6973
28033.0918
28032.6953
28033.0898
28033.1895
28033.3867
28033.6855
28033.1934
28033.3906
28033.4961
28033.8945
28033.1035
28032.9102
28032.4160
28032.6172
28032.3242
28031.9277
28031.8379
28031.7363
28032.3320
28031.9297
28032.2207
28031.9180
28032.4102
28031.4160
28031.1152
28031.8086
28031.1113
28031.0117
28030.8125
28030.6133
28030.8125
28030.6133
28030.6172
28030.1211
28030.7168
28029.8242
28031.4121
28030.3184
28031.4062
28031.4082
28031.5039
28031.9004
28031.2031
28031.5977
28032.0918
28031.5938
28032.0898
28032.0898
28031.4941
28031.7930
28031.6934
28031.5957
28030.9043
28031.0039
28031.4043
28031.3066
28031.1074
28031.8047
28030.6133
28030.7129
28030.9121
28030.3164
28030.9121
28030.7148
28030.6152
28030.9141
28030.2168
28031.1113
28030.6152
28032.0059
28031.1133
28031.2148
28031.3164
28031.7129
28032.1094
28032.3105
28032.0117
28032.5098
28032.7070
28032.7070
28032.6094
28032.7109
28032.3105
28032.3125
28031.5176
28031.3203
28031.2148
28031.1152
28030.7148
28030.4180
28030.3164
28030.8125
28030.7070
28030.3125
28031.2031
28031.1016
28031.4980
28031.1973
28031.7949
28031.3965
28031.4941
28031.4941
28031.2949
28031.6875
28031.8867
28032.2852
28032.1836
28032.1836
28032.0820
28032.0840
28031.8867
28031.3926
28031.9883
28032.1914
28032.4941
28032.4961
28032.4980
28033.3945
28032.9023
28033.0996
28033.0059
28032.7090
28032.3145
28031.8184
28031.4219
28031.2227
28030.8281
28030.4297
28030.4297
28030.2324
28030.0332
28030.0332
28029.9355
28030.0332
28030.1328
28030.1328
28030.1309
28030.0332
28029.9336
28029.9316
28030.0312
28030.0293
28030.0273
28030.3281
28030.3262
28030.5254
28030.8262
28030.4297
28030.6289
28030.9297
28031.0273
28030.9277
28030.9297
28031.0293
28031.1289
28031.0293
28031.0312
28030.9316
28030.9297
28030.9297
28031.1289
28031.1270
28031.0293
28031.1289
28030.9297
28030.9316
28031.0273
28031.1270
28031.0273
28030.8281
28030.6270
28030.7266
28030.9277
28030.7266
28030.6289
28030.8281
28030.5273
28030.7266
28031.2246
28030.8262
28031.2227
28030.6230
28030.9219
28030.8223
28030.8203
28030.7168
28030.8184
28030.6172
28030.4180
28030.2168
28030.3184
28030.1172
28029.7188
28029.3223
28029.7188
28029.3223
28029.9199
28029.9199
28030.4160
28030.4160
28030.7129
28030.6133
28031.0117
28030.7109
28031.5098
28031.6074
28031.7070
28032.0078
28032.1738
28032.2051
28031.2070
28031.4082
28031.3086
28030.8086
28030.8086
28030.7090
28030.1074
28030.2070
28030.3086
28030.3086
28030.4082
28030.6055
28030.8086
28031.0059
28031.6055
28031.0078
28031.9082
28029.6113
28030.2090
28030.9102
28030.7090
28031.5078
28031.6055
28031.9062
28031.8066
28031.5059
28032.2051
28031.8086
28031.9062
28031.6074
28031.7070
28031.6074
28032.1055
28031.7051
28031.6055
28032.0059
28032.0059
28032.0059
28032.1055
28032.1055
28031.9062
28031.9043
28031.1055
28031.9043
28031.5039
28031.8047
28031.7031
28031.7031
28031.7012
28031.7012
28031.5020
28031.3027
28031.2012
28032.0020
28031.8027
28032.2012
28031.9023
28032.0020
28032.0020
28031.5020
28031.8008
28031.3008
28031.9004
28031.6992
28032.4004
28031.8008
28031.5996
28032.3008
28032.6992
28032.9004
28033.1992
28033.5996
28033.6992
28033.9004
28034.0000
28034.0000
28033.6992
28034.0000
28034.0977
28033.7988
28034.0977
28033.9980
28033.6973
28034.4980
28034.4980
28034.3984
28034.2988
28034.3984
28033.8984
28034.0977
28034.5977
28034.5957
28034.8965
28035.0977
28035.0957
28035.3965
28035.2969
28035.3965
28035.3965
28035.8965
28036.5977
28036.8984
28036.9980
28036.8984
28036.9961
28036.6953
28036.5957
28036.0957
28036.5957
28036.4961
28036.3965
28036.2949
28036.1934
28036.1934
28036.4961
28036.5957
28036.4941
28036.6953
28036.3965
28036.7969
28036.7969
28036.6953
28036.5957
28036.4941
28036.4961
28036.6953
28036.1934
28036.2969
28036.4961
28036.5957
28037.0977
28036.9980
28037.1934
28037.1836
28037.2852
28037.4824
28037.3848
28037.4824
28036.9824
28037.2832
28037.3828
28037.3828
28037.4824
28037.2812
28037.0801
28037.2812
28037.4805
28037.6484
28037.7832
28037.1797
28037.3809
28037.4785
28037.7812
28037.4785
28037.3809
28037.4824
28037.2812
28037.3809
28037.1797
28037.1797
28037.3809
28037.2832
28037.7852
28037.8848
28037.8848
28038.1836
28038.4844
28038.5820
28038.2812
28038.2812
28038.3828
28038.1797
28037.3828
28038.0859
28037.8848
28037.9844
28038.2871
28038.1836
28038.6836
28038.5859
28038.7852
28038.6836
28038.7852
28038.6855
28038.3848
28038.2832
28038.7852
28038.5820
28039.2852
28038.8809
28038.9824
28039.0801
28038.7773
28038.9766
28039.2773
28038.9746
28039.3750
28039.3730
28039.5723
28039.5723
28039.6738
28039.8711
28039.8691
28039.7676
28040.0664
28040.0645
28039.7637
28040.3633
28040.3633
28040.9648
28040.4609
28040.9609
28040.7617
28041.4609
28041.8613
28042.2637
28042.3594
28042.7598
28042.3555
28042.6543
28042.5547
28042.7520
28043.0488
28043.3516
28043.1465
28043.4453
28043.3438
28042.9375
28043.7383
28043.7344
28043.8340
28044.0312
28043.8359
28044.1387
28044.1387
28044.0391
28044.3379
28044.4375
28044.4355
28044.4316
28045.1348
28044.7285
28044.8281
28044.6230
28044.7227
28044.8203
28044.7188
28045.0176
28045.2168
28044.7109
28044.9102
28044.6074
28044.6055
28044.7051
28044.3965
28044.6992
28044.7988
28045.0977
28044.6953
28045.2949
28045.0879
28045.2910
28045.5879
28045.6914
28045.9883
28045.7852
28046.0820
28046.1855
28045.9785
28046.1758
28046.4727
28045.9668
28046.1660
28046.3672
28046.4648
28045.9609
28046.5664
28046.2598
28046.6602
28046.0566
28046.0527
28045.9512
28045.8477
28045.7441
28045.6426
28045.5371
28046.1426
28045.5332
28046.1387
28045.8340
28046.0371
28045.7324
28045.6992
28045.9316
28045.8281
28045.6270
28045.8301
28046.0234
28045.5215
28045.6211
28045.8203
28045.7207
28046.0195
28045.6152
28045.8125
28045.4121
28045.6133
28045.7148
28045.4121
28045.6094
28045.7012
28045.5898
28046.0859
28046.1875
28045.2793
28045.6816
28045.9824
28045.7812
28046.2812
28046.1699
28046.1562
28046.7578
28047.3496
28047.4473
28047.8418
28048.1445
28048.2441
28049.0449
28048.9414
28048.9375
28049.7402
28049.7324
28049.9316
28049.4199
28049.0098
28048.3066
28048.5117
28048.0039
28048.4102
28048.2051
28047.6934
28048.0039
28047.8008
28047.9961
28047.6914
28047.4863
28047.3867
28047.1816
28046.6777
28046.4746
28045.9727
28046.0742
28045.7715
28045.7715
28045.1621
28046.0742
28045.6621
28045.7676
28045.0605
28045.3633
28045.9746
28045.7695
28045.0605
28045.8672
28045.4648
28045.2637
28045.3594
28045.0586
28044.6543
28044.9551
28044.3438
28043.8379
28043.1289
28043.0312
28043.0332
28042.9375
28042.2285
28041.6211
28041.8242
28041.5254
28041.7227
28042.0273
28042.1289
28042.0234
28041.9297
28042.1270
28042.2266
28042.4277
28042.7285
28043.2266
28042.6191
28043.0234
28042.8203
28042.7266
28042.5195
28042.5234
28042.3145
28042.7207
28042.8145
28042.6133
28042.5488
28042.6191
28042.5156
28042.4160
28042.3125
28042.6211
28042.8223
28042.7148
28042.4121
28042.4062
28042.7109
28042.8105
28042.8145
28042.9062
28043.0059
28043.3047
28043.1953
28043.1895
28042.7871
28042.8867
28043.2891
28042.8926
28042.7832
28042.9941
28042.7910
28043.0996
28043.1055
28042.3984
28043.3086
28042.4961
28042.9004
28042.6895
28042.4863
28043.0977
28042.2871
28042.3887
28041.7832
28042.0859
28042.3945
28041.9922
28041.4102
28042.2324
28042.2383
28041.6406
28041.9512
28041.9473
28041.8418
28041.7285
28041.6191
28041.9160
28042.3145
28041.8027
28041.8965
28042.0898
28042.1836
28042.1777
28042.7773
28042.2637
28041.9609
28041.9570
28041.8496
28041.4395
28041.3379
28041.1367
28041.7383
28040.9277
28040.6270
28041.0312
28040.8223
28040.8223
28040.0098
28040.1113
28040.5156
28041.1250
28040.5137
28040.7109
28040.9141
28040.8184
28040.4121
28040.3145
28039.9043
28039.9043
28040.1074
28040.0156
28040.1230
28040.2285
28038.5176
28039.5332
28039.7383
28039.7422
28039.2344
28039.1387
28038.4277
28038.1250
28038.2207
28037.9180
28037.9121
28037.9062
28037.5977
28037.5918
28037.4883
28037.0840
28036.9805
28036.4785
28036.5859
28036.5938
28036.1914
28036.5000
28036.0996
28035.7949
28035.6016
28035.3984
28035.1992
28034.6855
28034.5820
28034.1758
28034.2773
28033.9629
28033.6523
28034.0527
28033.8633
28033.7246
28033.6621
28033.3613
28032.9688
28032.7676
28032.1641
28032.2656
28031.7559
28032.1582
28031.6445
28031.7461
28031.8457
28031.4375
28032.1504
28031.4414
28031.8398
28031.4395
28031.4453
28031.9590
28032.0625
28031.6523
28032.0625
28032.4668
28032.4688
28032.6816
28032.3887
28032.1895
28032.7051
28032.5000
28032.3066
28032.2969
28031.7910
28031.6797
28031.6738
28031.3750
28030.5605
28030.9707
28030.4668
28030.3613
28030.2559
28029.7441
28029.8379
28029.9316
28029.4180
28029.5176
28029.3145
28029.3125
28029.0098
28029.0117
28029.0000
28028.5957
28028.9023
28028.3984
28028.7051
28029.2227
28029.0215
28028.8203
28028.8281
28029.1309
28028.6250
28028.6270
28028.7266
28029.2441
28029.3438
28029.2402
28029.0391
28029.0469
28028.4395
28028.4414
28027.9258
28027.9258
28028.1348
28027.7305
28027.7344
28027.4277
28027.3242
28027.3320
28026.8203
28026.2129
28026.5176
28026.1094
28025.7012
28025.4961
28025.3945
28025.0918
28025.1875
28025.0898
28025.2949
28025.4004
28025.4961
28025.7148
28025.3125
28025.3164
28025.4238
28025.2109
28025.3125
28025.7246
28025.5176
28025.2090
28025.3086
28025.4121
28025.3184
28025.2344
28025.1445
28025.2539
28025.5625
28025.3555
28025.4512
28025.4355
28025.8496
28025.2461
28025.5312
28025.4434
28025.5469
28025.1387
28024.9355
28024.9375
28024.8359
28024.3223
28024.3125
28024.7031
28024.3984
28024.0840
28024.7793
28024.7754
28025.1816
28024.7715
28024.9707
28025.0684
28024.7715
28024.6719
28024.5801
28024.8887
28024.3789
28024.4844
28024.5938
28023.8984
28024.6152
28023.8945
28023.5859
28023.6777
28023.6680
28023.1348
28023.0293
28022.8223
28023.1309
28022.5176
28023.0449
28022.7422
28023.0293
28023.2285
28023.2285
28023.2227
28023.4219
28023.5195
28023.9238
28024.1289
28024.4355
28024.7422
28024.9453
28024.4395
28024.9453
28024.6484
28024.8457
28024.7441
28024.4336
28024.4453
28025.2598
28025.2461
28024.9414
28024.4297
28024.4375
28024.4375
28024.3359
28024.1270
28023.6172
28023.5000
28023.4863
28023.5840
28023.2754
28023.8848
28023.0664
28023.2695
28022.9707
28022.7617
28022.4512
28022.7617
28022.5527
28022.5430
28022.6426
28022.6406
28022.7344
28022.7461
28022.8359
28022.9453
28022.3320
28022.3301
28022.3320
28022.3320
28022.0176
28021.8184
28021.8086
28022.2168
28022.3164
28022.1172
28022.3223
28022.4180
28022.8359
28022.7324
28022.9297
28022.5176
28022.9297
28022.8281
28022.9277
28022.8242
28023.3340
28023.2227
28022.9043
28023.0117
28023.2246
28023.5254
28023.6230
28023.7168
28023.6074
28023.6094
28023.1934
28023.3926
28023.2910
28023.0801
28023.7012
28023.3926
28023.2871
28023.9980
28023.4824
28023.6738
28023.9727
28024.0586
28024.0703
28024.1660
28023.9707
28024.0820
28023.6738
28024.0859
28024.0879
28023.9980
28023.8242
28023.5820
28024.1074
28024.1055
28023.9961
28023.8770
28023.8691
28024.1895
28024.1855
28024.2812
28024.3594
28024.2637
28024.3594
28024.3730
28024.1758
28024.2773
28024.3633
28024.6699
28024.8828
28024.8848
28024.7812
28024.6855
