28098.0273
28098.0488
28098.1934
28098.2715
28098.3262
28098.4043
28098.4609
28098.5957
28098.6953
28098.7949
28098.7383
28098.7812
28098.8477
28098.7695
28098.7129
28098.7129
28098.7129
28098.7129
28098.6543
28098.6758
28098.8223
28098.9082
28099.0742
28099.1406
28099.2051
28099.3262
28099.3262
28099.2266
28099.0684
28099.0469
28098.9902
28098.9141
28098.8242
28098.8457
28098.8105
28098.7090
28098.7539
28098.6758
28098.5762
28098.5762
28098.4180
28098.2969
28098.3398
28098.3398
28098.2832
28098.3613
28098.4609
28098.5039
28098.5039
28098.5039
28098.5039
28098.4609
28098.3828
28098.3613
28098.3164
28098.2949
28098.2500
28098.2617
28098.2188
28098.2520
28098.1523
28098.1289
28098.1074
28098.1074
28098.1641
28098.1855
28098.2637
28098.3633
28098.3418
28098.5410
28098.6191
28098.7188
28098.8398
28098.8848
28098.9062
28098.8945
28098.9160
28098.7578
28098.6816
28098.7793
28098.7363
28098.5371
28098.4922
28098.4492
28098.4258
28098.3262
28098.3047
28098.1250
28098.1250
28098.1035
28098.1035
28098.1602
28098.1367
28098.1152
28098.1152
28098.1934
28098.2363
28098.2578
28098.2363
28098.3359
28098.4141
28098.4355
28098.6250
28098.7031
28098.6582
28098.7363
28098.8125
28098.7578
28098.8125
28098.8340
28098.8574
28098.8574
28098.8008
28098.8223
28099.0020
28099.1016
28099.0449
28099.1660
28099.2324
28099.2324
28099.2324
28099.3320
28099.2539
28099.3320
28099.3535
28099.3965
28099.5195
28099.5625
28099.7188
28099.7402
28099.7402
28099.7637
28099.7637
28099.7637
28099.9180
28100.0176
28100.1738
28100.2520
28100.3281
28100.4062
28100.4844
28100.4609
28100.6172
28100.5957
28100.5957
28100.7285
28100.7070
28100.7832
28100.8633
28100.8398
28100.8965
28100.8965
28100.9277
28100.9062
28100.8848
28100.7285
28100.6270
28100.4727
28100.4277
28100.2285
28100.0605
28099.9160
28099.8281
28099.6836
28099.4941
28099.2715
28099.1270
28098.9062
28098.8613
28098.6953
28098.5723
28098.5273
28098.4609
28098.4609
28098.3926
28098.4277
28098.5156
28098.4492
28098.4043
28098.4824
28098.4609
28098.4824
28098.5820
28098.6035
28098.6035
28098.5469
28098.4688
28098.4258
28098.4023
28098.3242
28098.2246
28098.1465
28098.0898
28098.1328
28098.0781
28098.0781
28098.0781
28098.2324
28098.3105
28098.4219
28098.6328
28098.7441
28098.8984
28099.1094
28099.1875
28099.0879
28099.2090
28099.1309
28099.1543
28099.2520
28099.2520
28099.2734
28099.1973
28099.1953
28099.2188
28099.3184
28099.3945
28099.3164
28099.3164
28099.4160
28099.4160
28099.4375
28099.4590
28099.5820
28099.6270
28099.5137
28099.5254
28099.4922
28099.4141
28099.3574
28099.3574
28099.4355
28099.4902
28099.4688
28099.6016
28099.5566
28099.5332
28099.5332
28099.5879
28099.5430
28099.5215
28099.4766
28099.5117
28099.4102
28099.3867
28099.3418
28099.3203
28099.2969
28099.3320
28099.2070
28099.1855
28099.1855
28099.0840
28099.0840
28099.0625
28098.9844
28098.9844
28098.9844
28099.0059
28099.1270
28099.2266
28099.2715
28099.2930
28099.3145
28099.3594
28099.4043
28099.4473
28099.4922
28099.5352
28099.6582
28099.5586
28099.5137
28099.4141
28099.2461
28099.1230
28099.0566
28098.9570
28098.8906
28098.9668
28098.9668
28098.8672
28098.9434
28098.8652
28098.9102
28099.0098
28098.9316
28099.0762
28099.1211
28099.1191
28099.0645
28099.1641
28099.2637
28099.2852
28099.4082
28099.5293
28099.6523
28099.6074
28099.7617
28099.7168
28099.7500
28099.5938
28099.6934
28099.7383
28099.7832
28099.8262
28099.8926
28099.7832
28099.8281
28099.7715
28099.8145
28099.7148
28099.5938
28099.5156
28099.2363
28099.2910
28099.2695
28099.2695
28099.3691
28099.4688
28099.5684
28099.6465
28099.7441
28099.8008
28099.8242
28099.7441
28099.8223
28099.8457
28099.8672
28099.8887
28099.9121
28099.9102
28099.8535
28099.7773
28099.6992
28099.5449
28099.3652
28099.2109
28099.1113
28099.0879
28099.0078
28099.0430
28099.0195
28099.0195
28099.1523
28099.1523
28099.2285
28099.3066
28099.3281
28099.3848
28099.5156
28099.5156
28099.5488
28099.5254
28099.5801
28099.5566
28099.5566
28099.5566
28099.6582
28099.5781
28099.5234
28099.5449
28099.5898
28099.6133
28099.6133
28099.6562
28099.5801
28099.6562
28099.6777
28099.7012
28099.7227
28099.6230
28099.7227
28099.7441
28099.8223
28099.8652
28099.9336
28100.0000
28099.9219
28099.8906
28099.9121
28099.9121
28099.9121
28099.8887
28099.8887
28099.8438
28099.8203
28099.7754
28099.7754
28099.6758
28099.5195
28099.3965
28099.2754
28099.0742
28098.9727
28098.8730
28098.8730
28098.7637
28098.8086
28098.8535
28098.8750
28098.9297
28098.9844
28098.9395
28098.8945
28098.7500
28098.6484
28098.6035
28098.5488
28098.5488
28098.6250
28098.7246
28098.9355
28099.1445
28099.6660
28099.9062
28100.4492
28100.7148
28101.1797
28101.3105
28101.6211
28101.6992
28101.7754
28101.8535
28101.7969
28101.9199
28101.9414
28101.9648
28101.9863
28101.9863
28102.0176
28102.1719
28102.2051
28102.4141
28102.5469
28102.5234
28102.5000
28102.6328
28102.5332
28102.5117
28102.3555
28102.1543
28101.9531
28101.5996
28101.2988
28101.0977
28100.8203
28100.5195
28100.2969
28100.1211
28099.9727
28099.7500
28099.7285
28099.6289
28099.5508
28099.5059
28099.3945
28099.3164
28099.3379
28099.3301
28099.2969
28099.4961
28099.3633
28099.3301
28099.3301
28099.2285
28099.1523
28099.1523
28099.2051
28099.1836
28099.0820
28099.0820
28099.0059
28098.9512
28098.9961
28098.9941
28098.9375
28098.9609
28098.9609
28098.9590
28098.9062
28098.9043
28098.9043
28098.8047
28098.8047
28098.8594
28098.8574
28098.8574
28098.8027
28098.9023
28098.8262
28098.8242
28098.8242
28098.8242
28098.8457
28099.0000
28099.0234
28099.0215
28099.0215
28099.0215
28098.9980
28098.9980
28099.0215
28099.0664
28099.0879
28099.1562
28099.2012
28099.1465
28099.0918
28099.1133
28099.2129
28099.2344
28099.3340
28099.3574
28099.3574
28099.3242
28099.3242
28099.3477
28099.3691
28099.3691
28099.3691
28099.3457
28099.3223
28099.3984
28099.5000
28099.5234
28099.6230
28099.6660
28099.7129
28099.8887
28099.9102
28099.9570
28099.8555
28099.8555
28099.8555
28099.9551
28100.0312
28100.2090
28100.3633
28100.3945
28100.4512
28100.3828
28100.4355
28100.3359
28100.2793
28100.2031
28100.2031
28100.1484
28100.2148
28100.2070
28100.2969
28100.3652
28100.5000
28100.5684
28100.7363
28100.8027
28100.8398
28100.9941
28101.0840
28101.1289
28101.2734
28101.3750
28101.3984
28101.3750
28101.3965
28101.3418
28101.3633
28101.3633
28101.2852
28101.3301
28101.3301
28101.3086
28101.2402
28101.1172
28101.0488
28100.9258
28100.9805
28100.8809
28100.7012
28100.7012
28100.7012
28100.5469
28100.6465
28100.6699
28100.6914
28100.7910
28100.9141
28100.9609
28101.0586
28101.0820
28101.1270
28101.2500
28101.3496
28101.4395
28101.5078
28101.5527
28101.5762
28101.6523
28101.6758
28101.6973
28101.7754
28101.7754
28101.8750
28101.9746
28101.8965
28102.0195
28101.9648
28101.9883
28102.0098
28102.0098
28101.9570
28102.0020
28102.0020
28101.9785
28102.0332
28102.0859
28102.0410
28102.0410
28102.0391
28102.0625
28102.0625
28102.0625
28102.0625
28102.0156
28101.9941
28101.9473
28101.9473
28101.9785
28101.9316
28101.9316
28101.9629
28101.9414
28101.8633
28101.8945
28101.8711
28101.8496
28101.7715
28101.7266
28101.6035
28101.6797
28101.6035
28101.5488
28101.5938
28101.5938
28101.6387
28101.5840
28101.5840
28101.5840
28101.5059
28101.5059
28101.4824
28101.4043
28101.4043
28101.4043
28101.4824
28101.4512
28101.4180
28101.4648
28101.5098
28101.6777
28101.7461
28101.8691
28102.0605
28102.1289
28102.1523
28102.2207
28102.3105
28102.4102
28102.5332
28102.5781
28102.6016
28102.5781
28102.6328
28102.5098
28102.4863
28102.4629
28102.4414
28102.3633
28102.4180
28102.3711
28102.3262
28102.2793
28102.2559
28102.2344
28102.2344
28102.2109
28102.2871
28102.2402
28102.1406
28102.2188
28102.1406
28102.1172
28102.0176
28101.8945
28101.8496
28101.7578
28101.7109
28101.6426
28101.6973
28101.6738
28101.6504
28101.5508
28101.5820
28101.5352
28101.5664
28101.5195
28101.5508
28101.4746
28101.5508
28101.4727
28101.5488
28101.5488
28101.6270
28101.5566
28101.5117
28101.3887
28101.2656
28101.1973
28101.2188
28101.0742
28101.0273
28101.1035
28100.9805
28100.9805
28100.9277
28100.9941
28101.0176
28100.9551
28101.0449
28101.1602
28101.2285
28101.2734
28101.1426
28101.2207
28101.1738
28101.1289
28101.2129
28101.2676
28101.1660
28101.2988
28101.3984
28101.4199
28101.3887
28101.4121
28101.3574
28101.2793
28101.3027
28101.2930
28101.3633
28101.3555
28101.5234
28101.6152
28101.7598
28101.7520
28101.7988
28101.9766
28101.9980
28101.9199
28101.9746
28101.8516
28101.8047
28101.7812
28101.7539
28101.6816
28101.6270
28101.6504
28101.6738
28101.5957
28101.6719
28101.7500
28101.6484
28101.6484
28101.6035
28101.5254
28101.6035
28101.6250
28101.6016
28101.6016
28101.5254
28101.5020
28101.5020
28101.4023
28101.4785
28101.4551
28101.4551
28101.4316
28101.3867
28101.3633
28101.2168
28101.1699
28101.0684
28101.0684
28101.0391
28101.0137
28101.1367
28101.0840
28101.0996
28101.3203
28101.3125
28101.4121
28101.3887
28101.2734
28101.1504
28101.1582
28101.1133
28101.0898
28101.1445
28101.0977
28101.0742
28101.0273
28101.0273
28100.8730
28100.8965
28100.9492
28100.9258
28100.9023
28100.8340
28100.8652
28100.8730
28100.7500
28100.6934
28100.6699
28100.8184
28100.8320
28100.8008
28100.7930
28100.8848
28100.8242
28100.8613
28100.9766
28100.9922
28101.1074
28101.1914
28101.2070
28101.2773
28101.4688
28101.4609
28101.5078
28101.6523
28101.7461
28101.8379
28101.8613
28101.9297
28101.9980
28102.0684
28102.2676
28102.2832
28102.3281
28102.4512
28102.4746
28102.4746
28102.4668
28102.5898
28102.6367
28102.5820
28102.6289
28102.7051
28102.7285
28102.7520
28102.7754
28102.7988
28102.8906
28102.8828
28102.9590
28103.0059
28103.1836
28103.2363
28103.2676
28103.4453
28103.5449
28103.6445
28103.7207
28103.7441
28103.8281
28103.7832
28103.8652
28103.8496
28103.8574
28103.9121
28104.0410
28104.0176
28104.1250
28104.2559
28104.2637
28104.2480
28104.2305
28104.2402
28104.2461
28104.4062
28104.5918
28104.5742
28104.7070
28104.7656
28104.9102
28105.0195
28105.1406
28105.2500
28105.3789
28105.4082
28105.4941
28105.6230
28105.6758
28105.8301
28105.9824
28106.1387
28106.2676
28106.4746
28106.5820
28106.6875
28106.7422
28106.7949
28106.9023
28107.0566
28107.1094
28107.2148
28107.4453
28107.5996
28107.6289
28107.6602
28107.7656
28107.9512
28107.9277
28108.1094
28108.2168
28108.4707
28108.5234
28108.7305
28108.8828
28108.9375
28109.0898
28109.2188
28109.3496
28109.4805
28109.5879
28109.6172
28109.8691
28109.9766
28110.0293
28110.0820
28110.1348
28110.2422
28110.4961
28110.6270
28110.7559
28110.9336
28111.0859
28111.1387
28111.2676
28111.3750
28111.4805
28111.4102
28111.4414
28111.4238
28111.4082
28111.4141
28111.3672
28111.3496
28111.5098
28111.5391
28111.4707
28111.4766
28111.6523
28111.6289
28111.7812
28111.8574
28112.0352
28112.1875
28112.3633
28112.5391
28112.6387
28112.8398
28113.0156
28113.0898
28113.1895
28113.3203
28113.4727
28113.4961
28113.7500
28114.0254
28114.1719
28114.3945
28114.4941
28114.6465
28114.6699
28114.8984
28114.9746
28115.1738
28115.4258
28115.5508
28115.8027
28115.9023
28115.9785
28116.0781
28116.1016
28116.2539
28116.2988
28116.5000
28116.5469
28116.6445
28116.8672
28117.0684
28117.2676
28117.2891
28117.3652
28117.2949
28117.3008
28117.3086
28117.3672
28117.3262
28117.4336
28117.4102
28117.5391
28117.5898
28117.7207
28117.8496
28117.9023
28117.9785
28117.8770
28117.9766
28118.0312
28118.0078
28118.0586
28118.1582
28118.2871
28118.3887
28118.5859
28118.7324
28118.9102
28119.1309
28119.1777
28119.3008
28119.3242
28119.3984
28119.3926
28119.6152
28119.6387
28119.8848
28119.8770
28120.0234
28120.1465
28120.1621
28120.2324
28120.1543
28120.1777
28120.2012
28120.0000
28119.9590
28119.8340
28119.7109
28119.6875
28119.7402
28119.7617
28119.8086
28119.9336
28119.8770
28119.9004
28119.8242
28119.9219
28119.9219
28119.8750
28119.8516
28119.8281
28119.8262
28119.8730
28119.8418
28119.9121
28119.9355
28120.0059
28119.9512
28119.9512
28120.0742
28120.1211
28120.1719
28120.1719
28119.9727
28120.0234
28120.0293
28120.0527
28120.0820
28120.0820
28120.0586
28120.0117
28120.1387
28120.1680
28120.2754
28120.3262
28120.3789
28120.4082
28120.4609
28120.4121
28120.4355
28120.5430
28120.5176
28120.6699
28120.6992
28120.7520
28120.7812
28120.8340
28120.8086
28120.8906
28120.8672
28120.8184
28120.8730
28121.0020
28121.0547
28121.1836
28121.4414
28121.5469
28121.7363
28121.8691
28121.9531
28122.0566
28122.1855
28122.4082
28122.5312
28122.7012
28122.7480
28122.6934
28122.7461
28122.5703
28122.4746
28122.3047
28122.2383
28122.0449
28122.0488
28121.9551
28121.9062
28121.9355
28121.8340
28121.8105
28121.8340
28121.8320
28121.7793
28121.7715
28121.8965
28121.8105
28121.7812
28121.8223
28121.9395
28121.9102
28121.9551
28121.8535
28121.8066
28121.6582
28121.5879
28121.3633
28121.2402
28121.0391
28120.9141
28120.7148
28120.7422
28120.5645
28120.4941
28120.3164
28120.1172
28119.9395
28119.9375
28119.8613
28119.8555
28119.8027
28119.8711
28119.8359
28119.8535
28119.7227
28119.5156
28119.2852
28119.2324
28118.9805
28118.7969
28118.6680
28118.5840
28118.4785
28118.4473
28118.4707
28118.4160
28118.3164
28118.3672
28118.2676
28118.1445
28118.0430
28118.0195
28117.7715
28117.5234
28117.3281
28117.2344
28117.1094
28117.0547
28116.9492
28116.8438
28116.7129
28116.5605
28116.4062
28116.3066
28116.2051
28115.9043
28115.7578
28115.5098
28115.2383
28115.0195
28114.7949
28114.5176
28114.3125
28114.0293
28113.9766
28113.7461
28113.5469
28113.4219
28113.3262
28113.0742
28112.9258
28112.5723
28112.3418
28111.9883
28111.7363
28111.4824
28111.3535
28111.1992
28111.1445
28110.9453
28110.7676
28110.6191
28110.4434
28110.1895
28110.0898
28109.8828
28109.7539
28109.5234
28109.3945
28109.2891
28109.2344
28109.0293
28108.8516
28108.6230
28108.5234
28108.2461
28107.9922
28107.7402
28107.4863
28107.3086
28107.2324
28107.0312
28106.9023
28106.7480
28106.6426
28106.5137
28106.3848
28106.1797
28106.1016
28105.7969
28105.4902
28105.3125
28105.1133
28104.9609
28104.8828
28104.8066
28104.6016
28104.4473
28104.3418
28104.1875
28103.9062
28103.7773
28103.7012
28103.5488
28103.2949
28103.1426
28103.0645
28102.8359
28102.6816
28102.5293
28102.2988
28102.3223
28102.2227
28102.0938
28102.0176
28101.9629
28101.9102
28101.7812
28101.7285
28101.6758
28101.5469
28101.4707
28101.5938
28101.5410
28101.6406
28101.6875
28101.6582
28101.7812
28101.7051
28101.6523
28101.5742
28101.4512
28101.3496
28101.3496
28101.1973
28101.2969
28101.2695
28101.2148
28101.1855
28101.2559
28101.2793
28101.1758
28101.2227
28101.0918
28101.1152
28100.9355
28101.0352
28100.9590
28101.0332
28100.9863
28100.9863
28100.9609
28100.9375
28100.9375
28100.8613
28100.8848
28100.9590
28100.9355
28100.8125
28100.8867
28100.8633
28100.7402
28100.6387
28100.6914
28100.5664
28100.5430
28100.5957
28100.6699
28100.6934
28100.6699
28100.5938
28100.6406
28100.5117
28100.5352
28100.5352
28100.5332
28100.5332
28100.6113
28100.6348
28100.6328
28100.5566
28100.4043
28100.4043
28100.2285
28100.2520
28100.2500
28100.3496
28100.4258
28100.3262
28100.4238
28100.5234
28100.5762
28100.6523
28100.6816
28100.7324
28100.7598
28100.7891
28100.8164
28100.9688
28101.1973
28101.2734
28101.3965
28101.5957
28101.6191
28101.5664
28101.5664
28101.6660
28101.7422
28101.7656
28101.8652
28101.7344
28101.6348
28101.4824
28101.3828
28101.2051
28101.1582
28101.1328
28101.1328
28101.0332
28101.0098
28101.0605
28100.9121
28100.8359
28100.8125
28100.7363
28100.6582
28100.5820
28100.5586
28100.4824
28100.4824
28100.4062
28100.5039
28100.4043
28100.5801
28100.5801
28100.6035
28100.6016
28100.6504
28100.5215
28100.5977
28100.5449
28100.5684
28100.4688
28100.5684
28100.5684
28100.5156
28100.5898
28100.5137
28100.4375
28100.4355
28100.4355
28100.3359
28100.4121
28100.2598
28100.1602
28100.1348
28100.1348
28100.0820
28100.0820
28100.0762
28100.0000
28099.9199
28099.7383
28099.6582
28099.6074
28099.4531
28099.2012
28099.1250
28099.0488
28098.9727
28098.8438
28098.9434
28098.9668
28098.9668
28098.9902
28098.9395
28099.0098
28099.1055
28099.1250
28099.1953
28099.2148
28099.3398
