28096.5176
28096.5488
28096.7148
28096.7812
28096.8164
28096.8848
28096.9180
28097.0234
28097.1230
28097.2207
28097.1855
28097.2500
28097.3477
28097.2793
28097.2441
28097.2441
28097.2441
28097.2441
28097.2070
28097.2402
28097.4043
28097.5332
28097.7305
28097.8281
28097.9238
28098.0566
28098.0566
28097.9551
28097.8184
28097.7871
28097.7520
28097.6836
28097.6465
28097.6777
28097.6738
28097.5742
28097.6387
28097.5723
28097.4707
28097.4707
28097.3359
28097.2031
28097.2676
28097.2676
28097.2324
28097.2988
28097.3984
28097.4629
28097.4629
28097.4629
28097.4629
28097.3984
28097.3301
28097.2988
28097.2324
28097.2012
28097.1367
28097.1055
28097.0410
28097.0449
28096.9434
28096.9102
28096.8789
28096.8789
28096.9141
28096.9473
28097.0137
28097.1133
28097.0801
28097.2793
28097.3477
28097.4473
28097.5801
28097.6445
28097.6758
28097.7070
28097.7383
28097.6016
28097.5352
28097.6348
28097.5703
28097.3711
28097.3047
28097.2402
28097.2070
28097.1074
28097.0742
28096.9062
28096.9062
28096.8730
28096.8730
28096.9102
28096.8770
28096.8438
28096.8438
28096.9121
28096.9766
28097.0078
28096.9766
28097.0762
28097.1426
28097.1738
28097.3125
28097.3809
28097.3145
28097.3809
28097.4492
28097.4141
28097.4492
28097.4805
28097.5137
28097.5137
28097.4785
28097.5098
28097.6777
28097.7773
28097.7422
28097.8750
28097.9727
28097.9727
28097.9727
28098.0723
28098.0039
28098.0703
28098.1035
28098.1680
28098.3008
28098.3652
28098.5000
28098.5332
28098.5332
28098.5645
28098.5645
28098.5645
28098.6992
28098.7988
28098.9336
28099.0020
28099.0684
28099.1348
28099.2031
28099.1699
28099.3066
28099.2734
28099.2715
28099.3750
28099.3418
28099.4082
28099.4766
28099.4453
28099.4785
28099.4785
28099.4805
28099.4473
28099.4160
28099.2812
28099.1797
28099.0449
28098.9785
28098.7793
28098.5801
28098.4160
28098.2852
28098.1211
28097.8906
28097.6562
28097.4922
28097.2598
28097.1953
28096.9961
28096.8633
28096.7969
28096.6992
28096.6992
28096.6016
28096.6055
28096.6406
28096.5430
28096.4785
28096.5449
28096.5117
28096.5449
28096.6445
28096.6758
28096.6758
28096.6406
28096.5742
28096.5078
28096.4746
28096.4082
28096.3086
28096.2402
28096.2051
28096.2695
28096.2344
28096.2344
28096.2344
28096.3691
28096.4355
28096.5059
28096.6758
28096.7441
28096.8789
28097.0469
28097.1152
28097.0137
28097.1465
28097.0801
28097.1113
28097.2109
28097.2109
28097.2422
28097.1758
28097.1758
28097.2070
28097.3066
28097.3750
28097.3066
28097.3066
28097.4062
28097.4062
28097.4375
28097.4707
28097.6035
28097.6680
28097.5977
28097.6602
28097.6582
28097.5918
28097.5547
28097.5547
28097.6230
28097.6582
28097.6250
28097.7266
28097.6602
28097.6270
28097.6270
28097.6621
28097.5957
28097.5625
28097.4980
28097.5000
28097.3984
28097.3672
28097.3008
28097.2676
28097.2344
28097.2363
28097.1035
28097.0703
28097.0703
28096.9707
28096.9707
28096.9375
28096.8691
28096.8691
28096.8691
28096.9023
28097.0332
28097.1328
28097.1992
28097.2305
28097.2637
28097.3281
28097.3926
28097.4570
28097.5234
28097.5879
28097.7207
28097.6211
28097.5547
28097.4551
28097.2559
28097.1230
28097.0254
28096.9258
28096.8262
28096.8945
28096.8945
28096.7930
28096.8613
28096.7930
28096.8574
28096.9570
28096.8906
28097.0547
28097.1191
28097.1191
28097.0859
28097.1855
28097.2852
28097.3164
28097.4492
28097.5820
28097.7148
28097.6484
28097.7832
28097.7168
28097.7188
28097.5840
28097.6836
28097.7480
28097.8145
28097.8789
28097.9766
28097.9082
28097.9727
28097.9375
28098.0039
28097.9023
28097.7695
28097.7031
28097.4355
28097.4688
28097.4355
28097.4355
28097.5352
28097.6367
28097.7344
28097.8027
28097.9023
28097.9375
28097.9688
28097.9004
28097.9688
28098.0020
28098.0332
28098.0664
28098.0996
28098.0977
28098.0625
28097.9961
28097.9277
28097.7949
28097.6250
28097.4922
28097.3926
28097.3594
28097.2891
28097.2930
28097.2598
28097.2598
28097.3613
28097.3594
28097.4277
28097.4941
28097.5254
28097.5605
28097.6621
28097.6621
28097.6621
28097.6289
28097.6641
28097.6309
28097.6309
28097.6289
28097.7305
28097.6621
28097.6289
28097.6602
28097.7246
28097.7578
28097.7578
28097.8242
28097.7559
28097.8223
28097.8555
28097.8887
28097.9219
28097.8203
28097.9199
28097.9531
28098.0195
28098.0840
28098.1836
28098.2812
28098.2148
28098.2129
28098.2461
28098.2461
28098.2441
28098.2129
28098.2109
28098.1445
28098.1133
28098.0469
28098.0469
28097.9473
28097.8105
28097.6777
28097.5449
28097.3457
28097.2441
28097.1445
28097.1445
28097.0762
28097.1406
28097.2070
28097.2402
28097.2734
28097.3066
28097.2422
28097.1758
28097.0098
28096.9102
28096.8438
28096.8086
28096.8086
28096.8750
28096.9746
28097.1445
28097.3105
28097.7480
28097.9160
28098.3867
28098.5898
28098.9922
28099.0918
28099.3613
28099.4277
28099.4941
28099.5625
28099.5254
28099.6602
28099.6914
28099.7246
28099.7578
28099.7578
28099.7578
28099.8906
28099.8926
28100.0605
28100.1621
28100.1270
28100.0938
28100.1953
28100.0957
28100.0625
28099.9277
28099.7266
28099.5273
28099.1934
28098.8926
28098.6914
28098.4238
28098.1230
28097.8906
28097.7246
28097.5566
28097.3242
28097.2910
28097.1914
28097.1230
28097.0566
28096.9883
28096.9199
28096.9531
28096.9844
28096.9844
28097.1836
28097.0820
28097.0801
28097.0801
28096.9785
28096.9121
28096.9121
28096.9453
28096.9121
28096.8125
28096.8125
28096.7441
28096.7109
28096.7754
28096.7754
28096.7402
28096.7734
28096.7734
28096.7715
28096.7383
28096.7383
28096.7383
28096.6387
28096.6367
28096.6719
28096.6699
28096.6699
28096.6367
28096.7363
28096.6699
28096.6680
28096.6680
28096.6680
28096.7012
28096.8340
28096.8672
28096.8672
28096.8652
28096.8652
28096.8320
28096.8320
28096.8652
28096.9297
28096.9629
28097.0625
28097.1289
28097.0938
28097.0605
28097.0918
28097.1914
28097.2246
28097.3242
28097.3574
28097.3574
28097.3555
28097.3555
28097.3887
28097.4219
28097.4219
28097.4199
28097.3867
28097.3535
28097.4199
28097.5215
28097.5547
28097.6523
28097.7188
28097.7852
28097.9512
28097.9844
28098.0508
28097.9492
28097.9492
28097.9492
28098.0488
28098.1152
28098.2832
28098.4160
28098.4160
28098.4512
28098.3516
28098.3848
28098.2832
28098.2480
28098.1816
28098.1816
28098.1484
28098.2461
28098.2793
28098.4121
28098.5098
28098.7090
28098.8086
28099.0059
28099.1055
28099.2031
28099.3379
28099.4688
28099.5352
28099.7012
28099.8008
28099.8359
28099.8008
28099.8340
28099.7988
28099.8320
28099.8320
28099.7656
28099.8301
28099.8301
28099.7969
28099.6992
28099.5645
28099.4648
28099.3320
28099.3652
28099.2656
28099.0977
28099.0977
28099.0977
28098.9648
28099.0645
28099.0957
28099.1289
28099.2285
28099.3633
28099.4277
28099.5273
28099.5625
28099.6270
28099.7598
28099.8594
28099.9922
28100.0918
28100.1562
28100.1914
28100.2578
28100.2891
28100.3223
28100.3906
28100.3906
28100.4902
28100.5898
28100.5215
28100.6543
28100.6211
28100.6543
28100.6875
28100.6875
28100.6543
28100.7207
28100.7207
28100.6855
28100.7207
28100.7520
28100.6855
28100.6855
28100.6855
28100.7188
28100.7188
28100.7188
28100.7188
28100.6523
28100.6191
28100.5508
28100.5508
28100.5508
28100.4844
28100.4844
28100.4844
28100.4512
28100.3848
28100.3848
28100.3516
28100.3184
28100.2500
28100.1836
28100.0508
28100.1172
28100.0508
28100.0176
28100.0840
28100.0840
28100.1484
28100.1152
28100.1152
28100.1152
28100.0469
28100.0469
28100.0137
28099.9473
28099.9473
28099.9473
28100.0137
28100.0137
28100.0117
28100.0781
28100.1445
28100.3438
28100.4434
28100.5762
28100.8105
28100.9102
28100.9434
28101.0430
28101.1758
28101.2754
28101.4082
28101.4746
28101.5078
28101.4746
28101.5078
28101.3730
28101.3398
28101.3066
28101.2734
28101.2070
28101.2402
28101.1738
28101.1074
28101.0391
28101.0059
28100.9727
28100.9727
28100.9395
28101.0059
28100.9395
28100.8398
28100.9062
28100.8379
28100.8047
28100.7051
28100.5723
28100.5059
28100.3711
28100.3047
28100.2051
28100.2383
28100.2051
28100.1699
28100.0703
28100.0703
28100.0039
28100.0039
28099.9375
28099.9355
28099.8691
28099.9355
28099.8691
28099.9355
28099.9355
28100.0020
28099.9004
28099.8340
28099.7012
28099.5664
28099.4668
28099.5000
28099.3340
28099.2676
28099.3340
28099.1992
28099.1992
28099.1660
28099.2656
28099.2988
28099.2988
28099.4316
28099.5977
28099.6973
28099.7637
28099.6641
28099.7305
28099.6641
28099.5977
28099.6289
28099.6641
28099.5625
28099.6621
28099.7617
28099.7949
28099.7949
28099.8281
28099.7949
28099.7285
28099.7598
28099.7930
28099.8945
28099.9277
28100.1270
28100.2598
28100.4277
28100.4609
28100.5273
28100.6934
28100.7266
28100.6602
28100.6934
28100.5586
28100.4922
28100.4590
28100.4355
28100.3594
28100.3262
28100.3594
28100.3906
28100.3242
28100.3906
28100.4570
28100.3574
28100.3574
28100.2910
28100.2246
28100.2910
28100.3242
28100.2891
28100.2891
28100.2227
28100.1895
28100.1895
28100.0898
28100.1562
28100.1211
28100.1211
28100.0879
28100.0215
28099.9863
28099.8203
28099.7539
28099.6523
28099.6523
28099.6523
28099.6191
28099.7520
28099.7188
28099.7871
28100.0195
28100.0527
28100.1523
28100.1191
28099.9512
28099.8184
28099.7832
28099.7168
28099.6836
28099.7168
28099.6504
28099.6172
28099.5488
28099.5488
28099.4141
28099.4473
28099.4805
28099.4473
28099.4141
28099.3125
28099.3125
28099.2793
28099.1445
28099.1113
28099.0781
28099.2441
28099.3105
28099.3125
28099.3457
28099.4785
28099.4805
28099.5801
28099.7480
28099.8145
28099.9824
28100.1504
28100.2188
28100.3184
28100.5527
28100.5859
28100.6523
28100.8203
28100.9531
28101.0879
28101.1211
28101.2207
28101.3223
28101.4219
28101.6211
28101.6895
28101.7559
28101.8906
28101.9238
28101.9238
28101.9570
28102.0898
28102.1562
28102.1250
28102.1914
28102.2578
28102.2910
28102.3242
28102.3574
28102.3926
28102.5254
28102.5605
28102.6270
28102.6934
28102.8613
28102.8926
28102.8926
28103.0586
28103.1582
28103.2598
28103.3242
28103.3594
28103.3906
28103.3242
28103.3555
28103.2871
28103.2539
28103.2871
28103.3848
28103.3516
28103.4180
28103.5176
28103.4824
28103.4141
28103.3457
28103.3125
28103.2773
28103.3750
28103.5078
28103.4395
28103.5391
28103.5371
28103.6465
28103.7012
28103.7656
28103.8320
28103.9297
28103.9297
28103.9629
28104.0605
28104.0938
28104.2266
28104.3594
28104.4922
28104.5898
28104.7559
28104.8203
28104.8867
28104.9199
28104.9512
28105.0156
28105.1504
28105.1816
28105.2461
28105.4453
28105.5781
28105.5762
28105.5762
28105.6406
28105.7734
28105.7402
28105.8691
28105.9355
28106.1680
28106.1992
28106.3652
28106.4980
28106.5312
28106.6621
28106.7617
28106.8613
28106.9590
28107.0254
28107.0234
28107.2539
28107.3203
28107.3535
28107.3848
28107.4160
28107.4824
28107.7148
28107.8145
28107.9121
28108.0781
28108.2109
28108.2422
28108.3418
28108.4062
28108.4707
28108.3691
28108.3691
28108.2988
28108.2305
28108.1953
28108.1270
28108.0586
28108.1562
28108.1543
28108.0527
28108.0176
28108.1836
28108.1504
28108.2812
28108.3477
28108.5137
28108.6445
28108.8125
28108.9785
28109.0762
28109.2773
28109.4414
28109.5078
28109.6074
28109.7051
28109.8379
28109.8711
28110.1035
28110.3691
28110.5371
28110.7695
28110.8691
28111.0020
28111.0352
28111.2324
28111.2969
28111.4980
28111.7285
28111.8633
28112.0938
28112.1934
28112.2598
28112.3594
28112.3926
28112.5254
28112.5918
28112.7910
28112.8594
28112.9570
28113.1914
28113.3906
28113.5898
28113.6230
28113.6895
28113.5859
28113.5508
28113.5176
28113.5137
28113.4102
28113.4746
28113.4395
28113.5391
28113.5703
28113.6699
28113.7676
28113.7988
28113.8633
28113.7637
28113.8613
28113.8945
28113.8613
28113.8926
28113.9922
28114.0898
28114.1895
28114.3887
28114.5547
28114.7227
28114.9551
28115.0215
28115.1543
28115.1875
28115.2539
28115.2871
28115.5215
28115.5547
28115.8223
28115.8574
28116.0234
28116.1562
28116.2246
28116.3262
28116.2598
28116.2930
28116.3262
28116.1250
28116.0215
28115.8867
28115.7520
28115.7188
28115.7500
28115.7832
28115.8496
28115.9844
28115.9512
28115.9844
28115.9180
28116.0156
28116.0156
28115.9473
28115.9141
28115.8789
28115.8789
28115.9453
28115.9473
28116.0488
28116.0820
28116.1816
28116.1504
28116.1484
28116.2812
28116.3496
28116.3809
28116.3809
28116.1797
28116.2109
28116.1758
28116.2090
28116.2070
28116.2070
28116.1738
28116.1055
28116.2012
28116.1992
28116.2656
28116.2949
28116.3281
28116.3242
28116.3574
28116.2871
28116.3203
28116.3867
28116.3516
28116.4824
28116.4805
28116.5137
28116.5098
28116.5430
28116.5078
28116.5371
28116.5020
28116.4336
28116.4668
28116.5645
28116.5957
28116.6934
28116.8887
28116.9531
28117.0488
28117.1094
28117.1406
28117.2031
28117.3008
28117.5332
28117.6680
28117.8672
28117.9355
28117.9023
28117.9336
28117.7676
28117.6309
28117.4297
28117.2910
28117.0547
28117.0176
28116.8809
28116.8125
28116.8105
28116.7090
28116.6758
28116.7090
28116.7070
28116.6758
28116.7090
28116.8438
28116.8105
28116.8125
28116.9160
28117.0859
28117.0859
28117.1543
28117.0527
28116.9844
28116.8145
28116.7129
28116.4785
28116.3438
28116.1426
28116.0078
28115.8086
28115.8047
28115.6387
28115.5352
28115.3691
28115.1699
28115.0020
28115.0000
28114.9336
28114.9707
28114.9375
28115.0391
28115.0742
28115.1445
28115.0469
28114.8809
28114.6816
28114.6484
28114.4180
28114.2852
28114.1875
28114.1562
28114.0918
28114.0938
28114.1270
28114.0938
28113.9922
28114.0234
28113.9238
28113.7891
28113.6895
28113.6543
28113.3848
28113.1172
28112.8809
28112.7441
28112.6094
28112.5762
28112.5117
28112.4473
28112.3477
28112.2168
28112.0840
28111.9824
28111.8828
28111.5820
28111.4141
28111.1445
28110.8418
28110.5703
28110.3359
28110.0703
28109.9062
28109.6758
28109.6426
28109.4434
28109.2441
28109.1094
28108.9727
28108.7402
28108.5723
28108.2383
28108.0391
28107.7070
28107.4746
28107.2422
28107.1445
28107.0117
28106.9785
28106.7793
28106.6113
28106.4434
28106.2773
28106.0449
28105.9434
28105.7793
28105.6816
28105.4824
28105.3848
28105.3203
28105.2871
28105.1230
28104.9570
28104.7598
28104.6582
28104.3906
28104.1582
28103.9277
28103.6934
28103.5273
28103.4609
28103.2617
28103.1621
28103.0293
28102.9668
28102.8691
28102.7695
28102.6055
28102.5391
28102.2754
28102.0117
28101.8438
28101.6445
28101.5117
28101.4453
28101.3789
28101.2168
28101.0820
28101.0195
28100.8867
28100.6562
28100.5586
28100.4922
28100.3594
28100.1270
28099.9961
28099.9277
28099.7305
28099.5977
28099.4668
28099.2676
28099.3027
28099.2012
28099.1035
28099.0391
28099.0059
28098.9727
28098.8750
28098.8438
28098.8105
28098.7129
28098.6484
28098.7812
28098.7480
28098.8477
28098.9160
28098.9180
28099.0527
28098.9863
28098.9551
28098.8867
28098.7520
28098.6523
28098.6523
28098.5215
28098.6191
28098.6230
28098.5898
28098.5918
28098.6934
28098.7285
28098.6641
28098.7324
28098.6348
28098.6680
28098.5391
28098.6387
28098.5723
28098.6387
28098.5703
28098.5684
28098.5352
28098.5000
28098.5000
28098.4336
28098.4668
28098.5332
28098.4980
28098.3633
28098.4297
28098.3945
28098.2598
28098.1602
28098.1914
28098.0566
28098.0215
28098.0527
28098.1191
28098.1523
28098.1172
28098.0527
28098.1191
28098.0215
28098.0547
28098.0547
28098.0547
28098.0547
28098.1211
28098.1543
28098.1543
28098.0879
28097.9551
28097.9551
28097.7910
28097.8242
28097.8242
28097.9219
28097.9883
28097.8887
28097.9863
28098.0859
28098.1172
28098.1836
28098.1816
28098.2129
28098.2090
28098.2051
28098.2031
28098.3340
28098.5312
28098.5957
28098.7305
28098.9277
28098.9629
28098.9316
28098.9316
28099.0293
28099.0957
28099.1309
28099.2305
28099.1309
28099.0312
28098.9004
28098.8008
28098.6328
28098.5645
28098.5293
28098.5293
28098.4297
28098.3945
28098.4258
28098.2559
28098.1914
28098.1562
28098.0898
28098.0234
28097.9570
28097.9238
28097.8574
28097.8574
28097.7910
28097.8906
28097.7910
28097.9551
28097.9551
28097.9883
28097.9883
28098.0566
28097.9590
28098.0254
28097.9922
28098.0273
28097.9277
28098.0254
28098.0254
28097.9941
28098.0586
28097.9941
28097.9258
28097.9258
28097.9258
28097.8262
28097.8906
28097.7598
28097.6602
28097.6250
28097.6250
28097.5938
28097.5938
28097.6289
28097.5625
28097.5352
28097.4062
28097.3770
28097.3457
28097.2148
28096.9824
28096.9160
28096.8516
28096.7852
28096.6875
28096.7871
28096.8223
28096.8223
28096.8555
28096.8242
28096.9277
28097.0645
28097.1348
28097.2383
28097.3105
28097.4434
