28101.3496
28101.3496
28101.4473
28101.5488
28101.6504
28101.7500
28101.8516
28102.0566
28102.1562
28102.2539
28102.1523
28102.1504
28102.1465
28102.0469
28101.9453
28101.9453
28101.9434
28101.9434
28101.8398
28101.8398
28101.9375
28101.9336
28102.0312
28102.0273
28102.0234
28102.1230
28102.1230
28102.0234
28101.8184
28101.8203
28101.7188
28101.6172
28101.4141
28101.4121
28101.3066
28101.2070
28101.2051
28101.1055
28101.0039
28101.0039
28100.8008
28100.7031
28100.7012
28100.7012
28100.5977
28100.6992
28100.7988
28100.7969
28100.7969
28100.7969
28100.7969
28100.7969
28100.6973
28100.6973
28100.6992
28100.7012
28100.7031
28100.8047
28100.8066
28100.9121
28100.8105
28100.8105
28100.8105
28100.8105
28100.9141
28100.9141
28101.0137
28101.1133
28101.1133
28101.3125
28101.4160
28101.5156
28101.6133
28101.6113
28101.6094
28101.5059
28101.5059
28101.3027
28101.2012
28101.3008
28101.3027
28101.1035
28101.1055
28101.1074
28101.1074
28101.0078
28101.0078
28100.8066
28100.8066
28100.8066
28100.8066
28100.9102
28100.9102
28100.9121
28100.9102
28101.0117
28101.0098
28101.0078
28101.0098
28101.1094
28101.2090
28101.2070
28101.5137
28101.6133
28101.6152
28101.7148
28101.8145
28101.7129
28101.8145
28101.8145
28101.8125
28101.8125
28101.7109
28101.7109
28101.9121
28102.0117
28101.9102
28102.0078
28102.0059
28102.0059
28102.0059
28102.1055
28102.0039
28102.1035
28102.1035
28102.1016
28102.1992
28102.1973
28102.4004
28102.4004
28102.4004
28102.3984
28102.3984
28102.3984
28102.5996
28102.6992
28102.9004
28103.0020
28103.1016
28103.2012
28103.3027
28103.3027
28103.5059
28103.5059
28103.5059
28103.7070
28103.7090
28103.8086
28103.9102
28103.9121
28104.0117
28104.0117
28104.1133
28104.1152
28104.1152
28103.9141
28103.8125
28103.6113
28103.6133
28103.4141
28103.3145
28103.2168
28103.2188
28103.1211
28103.0234
28102.8242
28102.7246
28102.5273
28102.5273
28102.4297
28102.3301
28102.3301
28102.3320
28102.3320
28102.3340
28102.4395
28102.6406
28102.6426
28102.6445
28102.7441
28102.7461
28102.7441
28102.8438
28102.8418
28102.8418
28102.7402
28102.6406
28102.6426
28102.6426
28102.5410
28102.4414
28102.3398
28102.2383
28102.2363
28102.1348
28102.1348
28102.1348
28102.3340
28102.4355
28102.6387
28102.9414
28103.1445
28103.3438
28103.6484
28103.7480
28103.6484
28103.7461
28103.6465
28103.6445
28103.7441
28103.7441
28103.7422
28103.6426
28103.6426
28103.6406
28103.7402
28103.8398
28103.7402
28103.7402
28103.8379
28103.8379
28103.8379
28103.8359
28103.9375
28103.9355
28103.7305
28103.6270
28103.5254
28103.4258
28103.3223
28103.3223
28103.4238
28103.5234
28103.5254
28103.7266
28103.7266
28103.7266
28103.7266
28103.8281
28103.8281
28103.8301
28103.8301
28103.9336
28103.8320
28103.8320
28103.8340
28103.8340
28103.8340
28103.9375
28103.8359
28103.8379
28103.8359
28103.7363
28103.7363
28103.7363
28103.6367
28103.6367
28103.6348
28103.6348
28103.7324
28103.8320
28103.8320
28103.8301
28103.8301
28103.8281
28103.8262
28103.8242
28103.8223
28103.8203
28103.9219
28103.8203
28103.8203
28103.7207
28103.6230
28103.5234
28103.5254
28103.4258
28103.4277
28103.5273
28103.5273
28103.4277
28103.5273
28103.4258
28103.4258
28103.5234
28103.4238
28103.5215
28103.5195
28103.5195
28103.4199
28103.5176
28103.6172
28103.6172
28103.7148
28103.8145
28103.9141
28103.9160
28104.1152
28104.1172
28104.2188
28104.0176
28104.1172
28104.1152
28104.1133
28104.1113
28104.1094
28103.9082
28103.9062
28103.8047
28103.8027
28103.7031
28103.6035
28103.5020
28103.2012
28103.3008
28103.3027
28103.3027
28103.4023
28103.5020
28103.6016
28103.7012
28103.8008
28103.9043
28103.9023
28103.8008
28103.9023
28103.9023
28103.9004
28103.9004
28103.8984
28103.8984
28103.7949
28103.6953
28103.5957
28103.3945
28103.1914
28102.9922
28102.8926
28102.8926
28102.7891
28102.8926
28102.8926
28102.8926
28103.0938
28103.0938
28103.1934
28103.2930
28103.2930
28103.3945
28103.5957
28103.5957
28103.6953
28103.6953
28103.7969
28103.7969
28103.7969
28103.7969
28103.8984
28103.7949
28103.6953
28103.6934
28103.6914
28103.6914
28103.6914
28103.6895
28103.5898
28103.6895
28103.6895
28103.6875
28103.6875
28103.5879
28103.6875
28103.6855
28103.7852
28103.7852
28103.7832
28103.7812
28103.6816
28103.5801
28103.5781
28103.5781
28103.5781
28103.5781
28103.5781
28103.5781
28103.5801
28103.5801
28103.5801
28103.4805
28103.2773
28103.1777
28103.0781
28102.8789
28102.7773
28102.6777
28102.6777
28102.4766
28102.4746
28102.4746
28102.4727
28102.5742
28102.6738
28102.6738
28102.6758
28102.5762
28102.4766
28102.4766
28102.3770
28102.3750
28102.4766
28102.5742
28102.8770
28103.1777
28103.8828
28104.2832
28104.9883
28105.3906
28105.9922
28106.1914
28106.5938
28106.6934
28106.7930
28106.8945
28106.7930
28106.8926
28106.8926
28106.8926
28106.8906
28106.8906
28106.9922
28107.1914
28107.2910
28107.5938
28107.7949
28107.7949
28107.7949
28107.9961
28107.8965
28107.8965
28107.6934
28107.4941
28107.2930
28106.8926
28106.5918
28106.3926
28106.0918
28105.7910
28105.5918
28105.3906
28105.2891
28105.0898
28105.0898
28104.9902
28104.8906
28104.8906
28104.6875
28104.5879
28104.5859
28104.4844
28104.3848
28104.5840
28104.3828
28104.2793
28104.2793
28104.1797
28104.0781
28104.0781
28104.1797
28104.1797
28104.0781
28104.0781
28103.9785
28103.8770
28103.8770
28103.8770
28103.7734
28103.7734
28103.7734
28103.7715
28103.6719
28103.6719
28103.6719
28103.5723
28103.5703
28103.6719
28103.6699
28103.6699
28103.5703
28103.6699
28103.5684
28103.5684
28103.5684
28103.5684
28103.5664
28103.7676
28103.7656
28103.7656
28103.7656
28103.7656
28103.7656
28103.7656
28103.7637
28103.7637
28103.7637
28103.7617
28103.7617
28103.6602
28103.5605
28103.5586
28103.6582
28103.6582
28103.7578
28103.7559
28103.7559
28103.6562
28103.6562
28103.6543
28103.6543
28103.6543
28103.6543
28103.6543
28103.6543
28103.7539
28103.8555
28103.8535
28103.9531
28103.9531
28103.9512
28104.1504
28104.1504
28104.1504
28104.0488
28104.0488
28104.0488
28104.1484
28104.2480
28104.4492
28104.6484
28104.7480
28104.8516
28104.8516
28104.9512
28104.8516
28104.7480
28104.6484
28104.6484
28104.5488
28104.5469
28104.4453
28104.4453
28104.4434
28104.4414
28104.4414
28104.5391
28104.5391
28104.4375
28104.6367
28104.6367
28104.6348
28104.7344
28104.8359
28104.8359
28104.8359
28104.8340
28104.7324
28104.7324
28104.7324
28104.6309
28104.6309
28104.6309
28104.6309
28104.6309
28104.5312
28104.5312
28104.4316
28104.5332
28104.4316
28104.2305
28104.2305
28104.2305
28104.0312
28104.1309
28104.1289
28104.1289
28104.2285
28104.3301
28104.3281
28104.4277
28104.4277
28104.4277
28104.5273
28104.6270
28104.6250
28104.6250
28104.6230
28104.6230
28104.7227
28104.7227
28104.7227
28104.8242
28104.8242
28104.9238
28105.0234
28104.9219
28105.0215
28104.9219
28104.9219
28104.9219
28104.9199
28104.8203
28104.8203
28104.8203
28104.8203
28104.9199
28105.0195
28105.0195
28105.0195
28105.0195
28105.0195
28105.0195
28105.0176
28105.0176
28105.0176
28105.0176
28105.0176
28105.0176
28105.1172
28105.1172
28105.1172
28105.2168
28105.2168
28105.1172
28105.2168
28105.2168
28105.2168
28105.1172
28105.1172
28105.0176
28105.1172
28105.0176
28104.9180
28104.9160
28104.9160
28104.9160
28104.8164
28104.8164
28104.8164
28104.7129
28104.7129
28104.7129
28104.6133
28104.6133
28104.6133
28104.7129
28104.6133
28104.5117
28104.5117
28104.5117
28104.6113
28104.6113
28104.7090
28104.8105
28104.8105
28104.8105
28104.8105
28104.8086
28104.9082
28105.0078
28105.0078
28105.0078
28105.0078
28105.1074
28105.0078
28105.0078
28105.0078
28105.0078
28104.9082
28105.0078
28105.0059
28105.0059
28105.0059
28105.0059
28105.0059
28105.0059
28105.0059
28105.1055
28105.1055
28105.0059
28105.1055
28105.0059
28105.0059
28104.9062
28104.8066
28104.8047
28104.8047
28104.8047
28104.8047
28104.9043
28104.9043
28104.9043
28104.8047
28104.9043
28104.9043
28105.0039
28105.0039
28105.1035
28105.0020
28105.1016
28105.0020
28105.1016
28105.1016
28105.2012
28105.2012
28105.2012
28105.1016
28105.0000
28105.0000
28105.0000
28104.9004
28104.9004
28105.0000
28104.9004
28104.9004
28104.7988
28104.7988
28104.7988
28104.5977
28104.5977
28104.5977
28104.5977
28104.5977
28104.3984
28104.4980
28104.4961
28104.4961
28104.6953
28104.7969
28104.6953
28104.8965
28104.9961
28104.9961
28104.8965
28104.8945
28104.7949
28104.6934
28104.6934
28104.5938
28104.5938
28104.4941
28104.5938
28104.5938
28104.6934
28104.5938
28104.5938
28104.7949
28104.7949
28104.6934
28104.7949
28104.6914
28104.6914
28104.6914
28104.6562
28104.5918
28104.4922
28104.4922
28104.4922
28104.3926
28104.4922
28104.5898
28104.4902
28104.4902
28104.4902
28104.3906
28104.4902
28104.4902
28104.4902
28104.4902
28104.3906
28104.3887
28104.3887
28104.2891
28104.3887
28104.3887
28104.3887
28104.3887
28104.3887
28104.3867
28104.2871
28104.2871
28104.1855
28104.1855
28104.0859
28104.0859
28104.1855
28104.0859
28103.9863
28104.1855
28104.0859
28104.1855
28104.1855
28104.1836
28104.0840
28104.1836
28104.1836
28104.1816
28104.2832
28104.2832
28104.2832
28104.2832
28104.2832
28104.0820
28104.0820
28104.1797
28104.1797
28104.1797
28104.1797
28104.2793
28104.3789
28104.2793
28104.1777
28104.1777
28104.2793
28104.1777
28104.0781
28103.9785
28103.9785
28103.7812
28103.6797
28103.6797
28103.5820
28103.5820
28103.4844
28103.3848
28103.3848
28103.4863
28103.3867
28103.3867
28103.4863
28103.4863
28103.4883
28103.4883
28103.4883
28103.4883
28103.4883
28103.6875
28103.5898
28103.5898
28103.6895
28103.6895
28103.6895
28103.5898
28103.6895
28103.6895
28103.5918
28103.5918
28103.6914
28103.6914
28103.6914
28103.6914
28103.6914
28103.6914
28103.5938
28103.6934
28103.6934
28103.8945
28103.9922
28104.0918
28104.2930
28104.3926
28104.4922
28104.5918
28104.5918
28104.7910
28104.7910
28104.9883
28105.0879
28105.1855
28105.2871
28105.4863
28105.4844
28105.6836
28105.8828
28105.9824
28106.0801
28106.1797
28106.2793
28106.3770
28106.6758
28106.9746
28107.0723
28107.2734
28107.4707
28107.6855
28107.9180
28108.1660
28108.3652
28108.5645
28108.6621
28108.8633
28109.0605
28109.1602
28109.3594
28109.5586
28109.7578
28109.9570
28110.2559
28110.4551
28110.6523
28110.7520
28110.8516
28111.0488
28111.2500
28111.3496
28111.5469
28111.8457
28112.0449
28112.1426
28112.2441
28112.4414
28112.7402
28112.7402
28113.0371
28113.2363
28113.5352
28113.6328
28113.9316
28114.1309
28114.2305
28114.4297
28114.6270
28114.8281
28115.0254
28115.2246
28115.3242
28115.6211
28115.8203
28115.9199
28116.0176
28116.1172
28116.3164
28116.6133
28116.8145
28117.0117
28117.2129
28117.4102
28117.5078
28117.7090
28117.9062
28118.1035
28118.1016
28118.2031
28118.2988
28118.3965
28118.4941
28118.4941
28118.5918
28118.8887
28118.9883
28118.9863
28119.0840
28119.2852
28119.2832
28119.4824
28119.5801
28119.7812
28119.9785
28120.1797
28120.3770
28120.4766
28120.6777
28120.8750
28120.9746
28121.0742
28121.2734
28121.4707
28121.4707
28121.7695
28122.0684
28122.1699
28122.3691
28122.4688
28122.6680
28122.6680
28122.9648
28123.0645
28123.2637
28123.5625
28123.6641
28123.9609
28124.0605
28124.1602
28124.2598
28124.2598
28124.4570
28124.4570
28124.6582
28124.6582
28124.7578
28124.9570
28125.1582
28125.3574
28125.3555
28125.4551
28125.4531
28125.5508
28125.6504
28125.8457
28125.9434
28126.1426
28126.1406
28126.3379
28126.4375
28126.6367
28126.8340
28126.9316
28127.0293
28126.9297
28127.0293
28127.1289
28127.1289
28127.2266
28127.3262
28127.5234
28127.6230
28127.8223
28127.9219
28128.1230
28128.3223
28128.3223
28128.4219
28128.4219
28128.5195
28128.4219
28128.6230
28128.6230
28128.8223
28128.7227
28128.8242
28128.9238
28128.8242
28128.8262
28128.7266
28128.7266
28128.7266
28128.5234
28128.6230
28128.5195
28128.4199
28128.4180
28128.5156
28128.5156
28128.5176
28128.6191
28128.5176
28128.5176
28128.4180
28128.5156
28128.5156
28128.5137
28128.5137
28128.5117
28128.5117
28128.5117
28128.4141
28128.4141
28128.4141
28128.4160
28128.3164
28128.3164
28128.4160
28128.4160
28128.5137
28128.5137
28128.3145
28128.4121
28128.5078
28128.5078
28128.6074
28128.6074
28128.6074
28128.6055
28128.8027
28128.9004
28129.0977
28129.1953
28129.2949
28129.3906
28129.4902
28129.4883
28129.4883
28129.6855
28129.6855
28129.8828
28129.9805
28130.0801
28130.1777
28130.2754
28130.2734
28130.4707
28130.4688
28130.4668
28130.5664
28130.7637
28130.8613
28131.0605
28131.4551
28131.6543
28132.0488
28132.3418
28132.5410
28132.7363
28132.9336
28133.1348
28133.2344
28133.3340
28133.3340
28133.2363
28133.3340
28133.1348
28133.1309
28133.0293
28133.1250
28133.0215
28133.1172
28133.1152
28133.1133
28133.2109
28133.1094
28133.1094
28133.1094
28133.1074
28133.0078
28132.9082
28133.0098
28132.8105
28132.7129
28132.6172
28132.6191
28132.5195
28132.5215
28132.4180
28132.4160
28132.3145
28132.3125
28132.1113
28132.0117
28131.8086
28131.7090
28131.5078
28131.6055
28131.4043
28131.4023
28131.2031
28131.0020
28130.8008
28130.8008
28130.7012
28130.6035
28130.5039
28130.5059
28130.3086
28130.2109
28130.0137
28129.7148
28129.4141
28129.3164
28129.0176
28128.7188
28128.5215
28128.3223
28128.1250
28128.0273
28128.0273
28127.9258
28127.8262
28127.9238
28127.8242
28127.7227
28127.6230
28127.6211
28127.4180
28127.2168
28127.1152
28127.1113
28127.0098
28126.9102
28126.7129
28126.5156
28126.3145
28126.1172
28125.9160
28125.8164
28125.7168
28125.4141
28125.3125
28125.1113
28124.9082
28124.8047
28124.6035
28124.3027
28124.0059
28123.6094
28123.5098
28123.2109
28123.0117
28122.9082
28122.9043
28122.6074
28122.5059
28122.1055
28121.8066
28121.4062
28121.1094
28120.8086
28120.6113
28120.4102
28120.3125
28120.1113
28119.9121
28119.8086
28119.6113
28119.3105
28119.2109
28118.9121
28118.7148
28118.4160
28118.2168
28118.0215
28117.9199
28117.6230
28117.4219
28117.1250
28117.0254
28116.7246
28116.4258
28116.1270
28115.8281
28115.6289
28115.5293
28115.3281
28115.1289
28114.9297
28114.7324
28114.5352
28114.3359
28114.0391
28113.9375
28113.5430
28113.1445
28112.9434
28112.7441
28112.5469
28112.4453
28112.3457
28112.0488
28111.8496
28111.6523
28111.4531
28111.0566
28110.8574
28110.7598
28110.5605
28110.2617
28110.0625
28109.9609
28109.6641
28109.4648
28109.2676
28108.9688
28108.9688
28108.8691
28108.6719
28108.5723
28108.4707
28108.3730
28108.1758
28108.0781
28107.9766
28107.7793
28107.6816
28107.7812
28107.6816
28107.7812
28107.7832
28107.6855
28107.7852
28107.6855
28107.5879
28107.4863
28107.3867
28107.2852
28107.2852
28107.0879
28107.1875
28107.0898
28106.9883
28106.8926
28106.8945
28106.8945
28106.6973
28106.6992
28106.5000
28106.5020
28106.2070
28106.3047
28106.2070
28106.3047
28106.3027
28106.3027
28106.3008
28106.3008
28106.2988
28106.2012
28106.2012
28106.2988
28106.2988
28106.1973
28106.2949
28106.2949
28106.1934
28106.0938
28106.1914
28106.0898
28106.0898
28106.1875
28106.2852
28106.2852
28106.2852
28106.1855
28106.1875
28105.9883
28105.9883
28105.9883
28105.9883
28105.9883
28106.0879
28106.0879
28106.0879
28105.9863
28105.7891
28105.7891
28105.5898
28105.5898
28105.5898
28105.6895
28105.7871
28105.6875
28105.7871
28105.8867
28105.9844
28106.0840
28106.1816
28106.2793
28106.3750
28106.4707
28106.5703
28106.7676
28107.0645
28107.1621
28107.2637
28107.4609
28107.4629
28107.3652
28107.3633
28107.4629
28107.5625
28107.5645
28107.6641
28107.4648
28107.3652
28107.1660
28107.0664
28106.8672
28106.8633
28106.8633
28106.8633
28106.7617
28106.7617
28106.8594
28106.7559
28106.6582
28106.6562
28106.5566
28106.4570
28106.3574
28106.3555
28106.2559
28106.2559
28106.1582
28106.2559
28106.1562
28106.3555
28106.3535
28106.3555
28106.3555
28106.3555
28106.1602
28106.2578
28106.1602
28106.1602
28106.0605
28106.1602
28106.1602
28106.0605
28106.1602
28106.0605
28105.9590
28105.9590
28105.9590
28105.8594
28105.9570
28105.7598
28105.6602
28105.6582
28105.6582
28105.5605
28105.5605
28105.4609
28105.3633
28105.1680
28104.8730
28104.6777
28104.5801
28104.3809
28104.0840
28103.9824
28103.8848
28103.7852
28103.5879
28103.6875
28103.6895
28103.6875
28103.6895
28103.5918
28103.5938
28103.5977
28103.5020
28103.5039
28103.4102
28103.5098
