28030.7207
28030.9590
28030.8184
28030.5508
28030.4473
28030.4453
28030.2109
28030.2070
28030.0684
28030.5059
28031.0156
28031.2480
28030.9805
28030.9102
28031.0098
28031.0449
28031.0449
28031.0059
28030.5977
28030.5352
28030.5664
28030.4648
28030.1582
28030.1914
28030.0879
28030.3242
28030.1211
28030.3242
28030.3574
28029.9219
28030.2285
28029.9844
28030.2559
28030.1211
28030.1621
28030.0918
28030.3613
28030.5625
28030.4004
28029.9922
28030.0645
28030.3652
28030.5039
28030.6367
28030.6367
28030.7754
28030.8125
28031.1094
28031.2852
28031.4219
28031.6621
28031.6621
28031.6621
28031.6328
28031.5000
28031.6328
28031.5996
28031.9082
28031.9082
28031.8105
28031.9180
28031.9785
28032.0781
28032.1836
28032.2168
28032.4902
28032.8223
28032.8965
28032.5938
28031.1094
28030.5645
28030.5996
28030.3867
28030.4844
28030.0781
28029.6836
28029.9141
28029.8770
28030.2852
28030.2461
28030.2129
28030.4531
28030.0137
28030.0469
28030.5137
28030.9199
28030.5117
28030.7891
28030.9453
28030.7773
28030.5117
28030.8066
28031.1074
28031.2461
28031.6484
28031.7207
28032.2578
28031.9531
28032.0176
28031.8184
28031.5391
28031.9785
28032.0430
28032.4785
28032.7461
28032.9434
28032.9707
28032.8359
28032.7285
28032.6934
28033.1172
28032.9570
28032.4824
28032.5527
28033.0840
28032.6895
28032.3281
28032.6602
28032.4648
28032.2676
28032.0312
28032.2754
28032.0996
28032.0352
28031.8320
28031.8691
28032.0996
28031.9082
28032.0000
28032.1074
28031.9121
28032.0078
28031.7441
28031.7754
28031.8086
28031.8789
28031.6113
28031.2793
28031.3438
28031.3086
28031.1797
28031.5117
28031.4160
28031.5488
28031.7188
28031.9160
28031.9590
28032.0586
28031.8555
28031.8848
28031.7168
28031.8477
28031.7773
28032.0840
28031.9492
28032.0762
28031.9766
28031.9766
28031.8320
28031.8320
28031.8184
28031.6641
28031.3555
28031.9609
28031.9180
28031.9277
28032.0879
28032.2520
28032.2559
28032.4180
28032.5547
28032.6230
28032.7266
28032.8906
28032.8320
28032.7910
28032.7949
28032.8262
28032.5918
28032.7598
28032.4434
28032.5996
28032.4355
28032.6035
28032.4727
28032.5684
28032.4629
28032.8730
28032.6953
28032.5684
28032.7363
28032.8418
28032.6367
28032.5410
28032.9414
28032.5371
28032.5781
28032.4082
28032.4453
28032.4863
28032.3496
28032.3809
28032.3867
28032.5820
28032.4512
28032.3184
28032.5918
28032.6914
28032.3965
28032.6602
28032.6660
28032.8652
28032.7598
28032.7344
28032.8652
28032.7559
28032.9551
28032.9766
28033.0723
28033.0039
28032.8730
28032.8105
28033.0781
28033.2148
28033.2930
28033.1230
28033.1699
28032.9336
28033.5586
28032.9766
28033.2480
28033.0859
28033.0547
28033.2539
28033.1953
28033.4590
28033.4648
28033.5391
28033.6055
28033.6074
28033.4160
28033.3125
28033.2109
28033.2500
28033.1797
28033.1230
28033.1602
28033.0332
28033.0020
28033.0801
28032.8770
28032.9082
28033.1191
28033.1230
28033.3926
28033.1191
28032.9512
28032.4355
28032.6719
28032.3613
28032.4941
28032.5957
28032.6523
28032.4434
28032.4570
28032.1836
28032.2480
28032.0117
28031.9629
28032.0957
28031.9160
28032.2168
28031.7051
28031.9043
28031.5742
28031.6992
28031.4258
28030.7832
28030.8789
28030.4785
28030.1719
28030.0781
28030.4824
28030.5586
28031.2578
28031.1621
28031.2949
28031.7051
28031.6367
28032.1113
28031.9414
28031.9727
28032.4277
28031.6953
28032.0820
28031.9922
28031.8242
28031.5938
28031.9980
28032.2676
28032.6621
28032.3945
28032.6875
28032.7734
28032.9004
28032.9941
28033.0840
28033.2207
28032.6836
28032.6777
28032.3828
28032.4082
28032.4453
28032.5469
28032.5527
28032.7520
28032.6270
28032.5469
28032.5215
28032.0723
28032.0723
28032.1406
28031.8359
28031.7090
28031.4473
28031.3906
28031.1582
28031.3086
28031.1523
28031.3145
28031.1523
28031.1152
28031.2461
28031.1348
28031.0918
28031.2852
28031.2852
28031.5098
28031.8359
28031.7988
28032.0000
28031.9004
28032.0039
28032.1172
28032.2598
28032.3359
28032.5801
28032.7539
28032.7539
28032.6602
28032.3242
28032.1680
28031.9297
28031.7305
28031.4941
28031.3945
28031.7754
28031.6758
28031.6055
28031.6680
28031.9805
28031.6621
28031.5000
28030.9316
28031.3555
28031.0879
28031.1992
28030.8945
28030.7129
28030.5996
28030.3867
28030.0684
28030.0000
28029.9863
28029.7227
28029.7051
28029.4727
28029.4238
28029.3301
28029.3477
28029.1406
28029.2715
28029.2715
28029.1328
28029.0645
28029.1719
28029.3027
28029.1328
28029.1562
28029.0137
28028.8438
28029.0508
28029.0566
28028.9004
28028.7070
28028.4434
28028.5273
28028.4648
28028.2031
28028.0391
28028.0840
28027.9238
28028.0293
28027.9590
28027.9922
28027.9922
28028.2207
28027.9453
28027.8633
28027.9570
28028.2949
28028.6387
28028.8008
28029.9355
28030.2734
28030.5098
28032.9922
28032.0215
28033.0410
28033.4863
28032.7266
28034.0254
28033.6094
28033.8184
28033.7480
28033.4785
28033.5488
28033.5488
28033.6484
28033.4727
28033.9492
28033.8496
28033.5801
28033.0977
28033.1660
28033.2031
28032.9980
28032.5762
28032.8516
28032.7148
28032.8828
28032.6074
28032.8516
28032.5449
28032.7910
28032.8594
28032.9668
28033.2344
28032.9824
28033.0918
28033.3457
28033.7148
28033.2539
28033.2402
28032.9570
28033.1875
28033.1035
28032.7969
28033.0371
28032.9668
28033.3516
28032.9199
28032.9414
28032.4883
28032.7715
28031.9551
28031.6250
28032.0469
28031.5020
28031.4316
28031.2324
28031.0938
28031.2324
28031.0938
28031.2168
28030.9023
28031.3477
28030.6953
28031.8008
28030.9473
28031.6465
28031.6777
28031.6230
28031.8691
28031.3535
28031.5391
28031.7910
28031.3535
28031.7617
28031.7305
28031.2852
28031.4609
28031.4531
28031.4766
28031.0547
28031.1543
28031.5234
28031.5156
28031.4082
28031.9551
28031.1543
28031.2539
28031.3926
28030.9766
28031.4219
28031.3145
28031.2441
28031.4531
28030.9668
28031.5605
28031.2754
28032.2773
28031.6523
28031.8438
28031.9766
28032.2520
28032.5293
28032.6992
28032.5527
28032.8984
28033.0371
28033.0684
28032.9980
28033.1914
28032.7617
28032.8223
28032.2676
28032.1582
28031.9043
28031.8047
28031.4648
28031.2285
28031.0352
28031.3223
28031.0977
28030.8223
28031.3516
28031.1914
28031.4082
28031.1387
28031.5254
28031.2480
28031.1934
28031.1641
28030.9629
28031.1484
28031.2266
28031.4746
28031.3730
28031.3730
28031.2129
28031.3047
28031.2266
28031.0332
28031.3887
28031.7402
28032.2246
28032.3164
28032.3770
28033.0332
28032.9609
28033.0996
28033.3359
28033.2500
28033.0645
28032.8086
28032.5918
28032.5430
28032.3887
28032.1699
28032.1699
28032.1211
28031.9824
28032.0430
28031.9746
28032.0430
28032.1426
28032.1426
28032.0820
28032.1035
28031.9434
28031.8516
28031.9512
28031.8887
28031.7969
28032.0684
28032.0059
28032.1758
28032.5371
28032.3184
28032.5488
28032.8789
28032.9492
28032.8477
28032.9082
28033.0391
28033.1992
28033.1602
28033.2207
28033.1504
28033.1211
28033.1191
28033.2891
28033.2285
28033.2188
28033.2891
28033.1504
28033.2695
28033.1875
28033.2559
28033.1875
28033.0371
28032.8770
28033.0078
28033.1172
28032.9766
28033.0273
28033.1680
28032.8984
28033.0664
28033.4141
28033.0762
28033.2324
28032.7539
28032.8418
28032.7715
28032.5586
28032.4570
28032.4062
28032.2969
28032.2188
28031.9883
28032.1191
28031.9785
28031.7598
28031.4824
28031.6992
28031.6016
28032.0195
28032.0195
28032.1875
28032.2168
28032.3027
28032.2031
28032.3613
28032.0312
28032.5898
28032.6289
28032.6680
28032.9082
28032.9648
28032.9551
28032.1680
28032.3379
28032.2988
28031.9492
28032.0098
28032.0586
28031.2773
28031.3770
28031.3887
28031.4785
28031.5176
28031.6270
28031.8867
28031.9961
28032.7168
28032.2070
28033.0781
28031.5312
28032.0703
28032.6191
28032.3281
28032.9785
28032.8965
28033.1074
28033.0664
28032.7969
28033.4648
28033.3379
28033.4062
28033.2871
28033.3555
28033.4062
28033.7266
28033.3867
28033.3457
28033.5352
28033.6562
28033.6250
28033.6953
28033.7246
28033.5547
28033.4355
28032.9961
28033.4043
28033.1836
28033.2441
28033.0234
28032.9922
28032.9629
28032.9316
28032.8223
28032.6523
28032.5820
28033.0820
28032.9414
28033.2207
28033.1016
28033.0820
28033.1406
28032.6719
28032.9707
28032.5605
28033.0117
28032.8105
28033.3906
28032.8203
28032.7402
28033.3203
28033.5391
28033.6504
28033.7988
28034.1992
28034.2090
28034.4707
28034.5098
28034.6582
28034.4492
28034.7500
28034.9688
28034.6387
28035.0586
28034.9590
28034.8086
28035.3086
28035.3691
28035.2383
28035.1992
28035.2676
28034.9180
28035.1758
28035.5566
28035.7070
28035.9473
28035.9375
28036.0859
28036.4180
28036.2871
28036.3867
28036.5059
28036.9160
28037.3477
28037.5879
28037.5684
28037.5879
28037.8359
28037.5664
28037.5254
28036.9355
28037.4648
28037.3965
28037.2070
28037.2559
28037.1836
28037.3340
28037.3359
28037.3164
28037.4238
28037.3262
28037.2051
28037.3672
28037.5469
28037.3848
28037.1953
28037.3047
28037.2148
28037.2656
28036.9434
28036.8965
28037.0664
28037.1660
28037.4570
28037.3867
28037.8848
28039.3438
28039.3848
28039.6426
28039.3945
28039.5527
28039.2012
28039.3242
28039.4824
28039.4824
28039.5234
28039.4707
28039.3301
28039.4121
28039.5215
28039.7285
28039.7324
28039.3398
28039.5098
28039.6387
28039.6719
28039.5488
28039.3906
28039.2812
28039.2598
28039.2109
28039.0391
28038.9512
28039.2109
28038.9336
28039.2246
28039.2949
28039.2344
28039.5938
28039.8047
28040.1426
28039.9609
28039.8711
28039.8535
28039.7402
28038.8828
28039.1973
28039.1152
28039.1855
28039.4258
28039.3848
28039.8242
28039.6074
28039.9258
28039.7949
28039.8965
28039.7051
28039.5840
28039.5723
28039.9844
28039.7832
28040.3945
28040.2305
28040.2422
28040.4902
28040.3379
28040.5371
28040.8379
28040.6250
28041.0547
28041.1445
28041.3730
28041.3730
28041.3828
28041.7598
28041.8496
28041.8379
28042.1660
28042.2539
28042.1035
28042.6426
28042.6719
28043.1543
28042.8301
28043.3008
28043.0723
28043.7422
28044.1699
28044.4824
28044.7891
28045.0703
28044.8770
28045.2051
28045.1348
28045.4531
28045.8398
28046.0215
28046.0273
28046.4453
28046.4043
28046.3281
28047.0977
28047.2441
28047.3438
28047.6016
28047.1660
28047.2598
28047.2305
28047.1582
28047.5469
28047.6465
28047.6758
28047.8223
28048.3750
28048.2988
28048.3691
28048.3438
28048.5332
28048.6914
28048.7070
28048.9180
28049.2070
28048.9414
28049.1113
28048.9277
28049.0156
28049.1738
28049.1660
28049.3789
28049.4492
28049.7168
28049.4355
28050.0059
28050.0391
28050.1504
28050.5078
28050.5508
28050.8789
28050.8242
28051.1523
28051.1953
28051.1699
28051.4863
28051.8730
28051.6074
28051.8359
28051.9766
28052.0762
28051.7500
28052.0859
28052.0781
28052.3906
28051.8770
28051.9922
28051.9512
28051.9688
28052.0137
28051.9727
28051.9863
28052.3828
28052.0430
28052.4980
28052.2852
28052.3359
28052.1836
28052.1289
28052.3516
28052.3379
28052.2266
28052.2500
28052.6230
28052.1816
28052.3105
28052.5098
28052.3789
28052.6484
28052.4238
28052.6523
28052.2520
28052.3633
28052.4043
28052.1328
28052.4492
28052.8105
28053.0586
28053.6758
28053.6875
28053.0195
28053.2715
28053.5117
28053.3711
28053.8398
28054.0605
28054.4668
28054.9785
28055.8105
28055.9668
28056.4824
28056.7246
28056.7656
28057.5352
28057.4902
28057.5488
28058.2617
28058.4629
28058.6328
28058.4805
28058.4297
28057.7266
28057.8105
28057.4844
28057.6504
28057.5938
28057.3848
28057.3926
28057.1621
28057.5059
28057.3203
28057.2656
28057.0469
28056.9922
28056.6074
28056.4648
28055.9922
28056.0039
28055.7012
28055.7012
28055.3320
28055.8828
28055.7422
28055.6680
28055.1406
28055.3223
28055.5762
28055.4883
28054.9922
28055.5488
28055.2441
28055.0137
28055.1992
28054.8984
28054.5840
28054.8555
28054.4551
28054.1270
28053.6289
28053.4414
28053.3828
28053.1367
28052.6074
28052.1816
28052.2344
28051.9336
28052.1035
28052.3164
28052.2988
28052.3145
28052.0391
28052.2383
28052.3066
28052.5078
28052.7188
28053.2168
28052.8184
28053.0918
28052.9004
28052.6270
28052.5996
28052.4531
28052.3965
28052.6504
28052.8359
28052.6641
28052.5293
28052.4883
28052.4160
28052.3164
28052.2129
28052.3105
28052.4219
28052.4941
28052.2812
28052.3945
28052.5195
28052.5605
28052.4453
28052.7754
28052.8457
28053.1152
28053.2148
28053.3008
28052.9277
28053.0566
28053.3379
28052.8516
28052.8945
28052.8340
28052.6895
28052.7598
28052.6152
28052.0391
28052.6680
28052.1270
28052.4102
28052.4102
28052.2676
28052.6074
28052.0059
28052.0488
28051.5332
28051.7461
28051.8457
28051.4727
28050.4688
28050.6934
28050.5488
28049.9199
28049.9609
28050.0469
28049.9727
28050.1582
28050.2598
28050.6152
28051.0137
28050.7422
28050.9863
28051.2695
28051.4824
28051.5684
28052.1387
28051.9238
28051.6797
28051.7363
28051.7793
28051.5488
28051.4766
28051.2461
28051.7598
28051.1875
28050.8574
28051.1426
28051.1133
28051.1113
28050.5098
28050.5508
28050.8359
28051.2344
28050.8340
28051.0312
28051.1738
28050.9883
28050.6719
28050.5137
28050.2832
28050.2539
28050.3672
28050.0938
28049.9941
28049.9492
28048.4492
28049.1328
28049.1895
28049.1016
28048.7148
28048.5293
28048.0273
28047.7539
28047.9102
28047.6680
28047.7520
28047.8359
28047.6758
28047.7324
28047.7168
28047.3438
28047.3008
28046.8281
28046.7266
28046.5840
28046.1816
28046.3105
28045.8809
28045.6660
28045.3223
28045.1777
28044.9180
28044.6445
28044.5723
28044.2578
28044.3574
28044.2832
28044.1230
28044.4941
28044.1230
28044.0840
28043.8613
28043.5898
28043.0176
28042.8184
28042.2441
28042.3164
28041.9570
28042.2695
28041.9941
28042.0664
28042.1660
28041.8770
28042.3203
28041.7617
28042.1602
28041.7305
28041.6152
28041.8594
28041.8730
28041.6133
28041.8418
28042.1562
28042.0977
28042.0410
28041.6270
28041.3691
28041.5859
28041.4688
28041.1562
28041.2969
28040.8809
28040.9199
28041.0039
28040.6758
28040.0996
28040.3008
28039.8574
28039.8398
28039.7969
28039.4648
28039.6484
28039.8320
28039.5273
28039.6270
28039.4551
28039.4824
28039.1797
28039.1230
28039.2910
28038.9453
28039.1328
28038.6582
28038.8457
28039.0625
28038.8320
28038.6602
28038.5176
28038.7305
28038.2852
28038.2559
28038.3574
28038.5742
28038.6445
28038.5996
28038.3691
28038.2266
28037.7383
28037.6816
28037.4062
28037.4043
28037.4336
28037.0898
28037.0332
28036.7871
28036.7441
28036.6016
28036.2695
28035.7539
28035.9395
28035.6504
28035.3906
28035.2168
28035.1445
28034.8418
28035.0273
28034.8398
28034.9551
28034.9707
28035.0957
28035.0156
28034.6426
28034.5566
28034.5156
28034.5117
28034.5820
28034.7832
28034.6387
28034.4785
28034.5488
28034.5918
28034.3789
28034.0254
28033.7539
28033.7148
28033.8730
28033.7559
28033.9102
28034.1055
28034.3086
28033.7363
28034.2305
28033.9336
28033.9766
28033.6602
28033.5156
28033.4590
28033.3848
28033.0527
28033.1641
28033.7031
28033.4297
28033.3242
28034.0801
28034.1055
28034.4219
28034.1328
28034.3301
28034.4297
28034.1016
28033.9727
28033.7305
28033.8887
28033.5293
28033.5156
28033.4746
28032.7188
28033.1641
28032.7441
28032.5254
28032.7383
28032.8477
28032.7949
28032.7207
28032.6035
28032.7910
28032.3281
28032.4648
28032.1914
28032.6289
28032.8301
28032.8281
28032.8828
28033.0820
28033.1797
28033.5234
28033.6387
28033.8262
28034.0410
28034.1562
28033.7383
28034.1270
28033.7988
28033.9961
28033.9238
28033.7324
28033.5645
28034.1699
28034.3359
28034.0625
28033.7012
28033.5879
28033.5859
28033.4863
28033.3965
28033.0078
28033.0996
28033.2363
28033.3926
28033.1738
28033.6348
28033.0566
28033.1992
28032.8418
28032.7520
28032.5625
28032.7227
28032.6328
28032.7422
28032.8145
28032.8398
28032.9941
28032.8262
28033.0352
28032.9961
28032.5605
28032.5605
28032.5312
28032.5020
28032.3691
28032.1387
28032.2480
28032.5371
28032.6074
28032.4062
28032.5215
28032.6484
28032.8262
28032.7520
28032.9512
28032.7168
28032.9199
28032.8477
28032.9180
28032.8457
28033.2324
28033.2422
28033.1348
28033.1523
28033.1836
28033.4551
28033.5820
28033.7363
28033.7188
28033.6895
28033.4531
28033.6523
28033.5508
28033.4609
28033.8105
28033.5918
28033.5469
28034.1074
28033.7715
28034.0527
28034.3535
28034.5898
28034.4492
28034.5762
28034.3203
28034.2812
28033.9336
28034.1953
28034.1680
28033.9277
28033.8340
28033.6914
28033.8867
28033.8848
28033.8945
28033.9590
28034.0391
28034.1191
28034.1445
28034.2715
28034.5898
28034.4336
28034.5605
28034.3945
28034.1660
28034.2363
28034.4727
28034.6895
28034.7227
28034.6934
28034.6211
28034.4648
