 1 YEAR                          I4        
 2 DOY                           I4        
 3 Hour                          I3        
 4 Bartels rotation number       I5        
 5 ID for IMF spacecraft         I3        
 6 ID for SW Plasma spacecraft   I3        
 7 # of points in IMF averages   I4        
 8 # of points in Plasma averag. I4        
 9 Scalar B, nT                  F6.1      
10 Vector B Magnitude,nT         F6.1      
11 Lat. Angle of B (GSE)         F6.1      
12 Long. Angle of B (GSE)        F6.1      
13 BX, nT (GSE, GSM)             F6.1      
14 BY, nT (GSE)                  F6.1      
15 BZ, nT (GSE)                  F6.1      
16 BY, nT (GSM)                  F6.1      
17 BZ, nT (GSM)                  F6.1      
18 RMS_magnitude, nT             F6.1      
19 RMS_field_vector, nT          F6.1      
20 RMS_BX_GSE, nT                F6.1      
21 RMS_BY_GSE, nT                F6.1      
22 RMS_BZ_GSE, nT                F6.1      
23 SW Plasma Temperature, K      F9.0      
24 SW Proton Density, N/cm^3     F6.1      
25 SW Plasma Speed, km/s         F6.0      
26 SW Plasma flow long. angle    F6.1      
27 SW Plasma flow lat. angle     F6.1      
28 Alpha/Prot. ratio             F6.3      
29 sigma-T,K                     F9.0      
30 sigma-n, N/cm^3)              F6.1      
31 sigma-V, km/s                 F6.0      
32 sigma-phi V, degrees          F6.1      
33 sigma-theta V, degrees        F6.1      
34 sigma-ratio                   F6.3      
35 Flow pressure                 F6.2      
36 E elecrtric field             F7.2      
37 Plasma Beta                   F7.2      
38 Alfen mach number             F6.1      
39 Magnetosonic Much num.        F5.1      
40 Quasy-Invariant               F7.4      
41 Kp index                      I3        
42 R (Sunspot No.)               I4        
43 Dst-index, nT                 I6        
44 ap_index, nT                  I4        
45 f10.7_index                   F6.1      
46 AE-index, nT                  I5        
47 AL-index, nT                  I6        
48 AU-index, nT                  I6        
49 pc-index                      F6.1      
50 Lyman_alpha                   F9.6      
51 Proton flux (>1 Mev)          F10.2     
52 Proton flux (>2 Mev)          F9.2      
53 Proton flux (>4 Mev)          F9.2      
54 Proton flux (>10 Mev)         F9.2      
55 Proton flux (>30 Mev)         F9.2      
56 Proton flux (>60 Mev)         F9.2      
57 Flux FLAG                     I3        

1996 294  0 2228 51 52  61  41   4.8   4.0 -50.5 108.4  -0.8   2.4  -3.1   1.7  -3.5   0.4   2.5   1.0   1.9   1.3  183269.   3.0  618.   0.8   0.2 0.058   18404.   0.2    7.   1.1   0.9 0.003  2.36   2.16   1.69  11.2  7.1 0.0096 40   0   -43  27  70.6  508  -350   159   3.1 0.006257      0.82     0.81     0.79     0.75     0.65     0.52 -1
1996 294  1 2228 51 52  59  42   4.2   2.9 -65.3 217.0  -1.0  -0.7  -2.6  -1.3  -2.4   0.6   3.0   1.8   1.7   1.7  197731.   3.1  619.   2.5  -0.2 0.047   26801.   0.2   10.   1.2   1.4 0.004  2.36   1.49   2.38  13.0  7.4 0.0071 40   0   -51  27  70.6  587  -472   115   3.2 0.006257      0.91     0.88     0.86     0.82     0.72     0.61 -1
1996 294  2 2228 51 52  60  42   3.9   1.9  27.8 168.5  -1.6   0.3   0.9   0.5   0.8   0.4   3.3   1.8   2.0   1.8  197498.   3.2  622.   1.8  -2.0 0.046   17049.   0.2   11.   1.2   1.2 0.005  2.45  -0.50   2.85  14.3  7.7 0.0058 40   0   -50  27  70.6  400  -290   111   2.3 0.006257      0.88     0.86     0.83     0.78     0.68     0.55 -1
1996 294  3 2228 51 52  60  41   4.4   3.8  19.8 196.3  -3.5  -1.0   1.3  -0.5   1.5   0.3   2.1   1.0   1.1   1.5  192882.   3.4  613.   2.5  -2.1 9.999   15306.   0.2    6.   0.6   0.9 9.999  2.56  -0.92   2.35  12.8  7.4 0.0072 40   0   -47  27  70.6  430  -269   161   2.5 0.006257      0.89     0.85     0.82     0.78     0.70     0.57 -1
1996 294  4 2228 51 52  60  42   4.2   3.5 -20.2 136.1  -2.4   2.3  -1.2   1.7  -1.9   0.5   2.3   1.4   1.3   1.4  184135.   2.9  608.   0.9  -0.5 0.046   18425.   0.2    5.   0.6   0.6 0.005  2.12   1.16   2.14  12.3  7.3 0.0078 40   0   -42  27  70.6  296  -174   122   1.8 0.006257      0.84     0.83     0.80     0.76     0.67     0.54 -1
1996 294  5 2228 51 52  60  42   3.6   2.2  21.5 156.9  -1.9   0.8   0.8   1.1   0.4   0.5   2.8   1.1   2.1   1.4  188237.   2.7  610.   2.1  -1.3 0.043   15199.   0.2    8.   1.5   0.8 0.003  1.97  -0.24   2.74  13.9  7.6 0.0061 40   0   -41  27  70.6  445  -355    90   2.9 0.006257      0.83     0.82     0.79     0.75     0.65     0.52 -1
1996 294  6 2228 51 52  59  42   3.4   2.8  11.4 154.2  -2.5   1.2   0.6   1.3   0.0   0.3   1.9   0.9   1.1   1.2  199559.   2.5  597.   2.7  -1.0 0.044   17293.   0.2    5.   0.8   0.7 0.004  1.75  -0.00   2.95  13.9  7.4 0.0062 37   0   -41  22  70.6  385  -292    93   2.4 0.006257      0.84     0.82     0.79     0.75     0.67     0.55 -1
1996 294  7 2228 51 52  60  42   3.4   3.2   8.6 170.6  -3.2   0.5   0.5   0.7   0.2   0.3   1.0   0.4   0.6   0.7  182422.   2.3  596.   2.9  -0.7 0.030   13847.   0.1    3.   0.5   0.7 0.000  1.53  -0.12   2.57  13.3  7.4 0.0067 37   0   -36  22  70.6  311  -240    71   2.3 0.006257      0.87     0.86     0.83     0.79     0.69     0.55 -1
1996 294  8 2228 51 52  60  42   3.3   3.1 -12.6 142.4  -2.4   1.9  -0.7   1.3  -1.6   0.3   1.0   0.5   0.5   0.7  157920.   2.6  589.   1.9  -0.5 0.033   12812.   0.1    6.   0.5   0.6 0.004  1.71   0.94   2.84  14.4  7.7 0.0057 37   0   -36  22  70.6  203  -153    49   1.6 0.006257      0.84     0.83     0.81     0.76     0.67     0.55 -1
1996 294  9 2228 51 52  60  42   3.9   3.8  -3.6 160.3  -3.6   1.3  -0.2   1.0  -0.9   0.3   0.7   0.4   0.3   0.5  133463.   2.5  572.   2.0  -0.7 0.026   14681.   0.2    5.   0.4   0.4 0.004  1.51   0.51   1.79  11.6  7.3 0.0088 23   0   -34   9  70.6  210  -169    41   1.4 0.006257      0.79     0.78     0.76     0.72     0.65     0.58 -1
1996 294 10 2228 51 52  59  42   3.7   3.5  -3.1 144.6  -2.9   2.1  -0.2   1.7  -1.3   0.3   0.9   0.5   0.3   0.7  121333.   2.2  567.   1.0  -0.5 0.030   12623.   0.2    9.   0.7   0.7 0.003  1.32   0.74   1.67  11.4  7.3 0.0092 23   0   -27   9  70.6  343  -292    51   1.7 0.006257      0.82     0.81     0.78     0.74     0.64     0.50 -1
1996 294 11 2228 51 52  59  41   4.3   4.2   6.0 155.3  -3.8   1.8   0.4   1.7  -0.6   0.3   0.7   0.4   0.6   0.3   99681.   2.0  547.   0.2  -1.4 0.041   19906.   0.1    8.   0.5   0.6 0.017  1.16   0.33   1.03   9.0  6.5 0.0147 23   0   -26   9  70.6  196  -156    39   1.3 0.006257      0.82     0.81     0.79     0.75     0.66     0.55 -1
1996 294 12 2228 51 52  61  43   3.8   3.4 -21.0 130.9  -2.1   2.4  -1.2   1.5  -2.2   0.3   1.6   1.4   0.4   0.5  121131.   2.1  541.  -0.5  -1.0 0.064   11466.   0.2   11.   0.8   0.5 0.006  1.29   1.19   1.51  10.3  6.8 0.0112 27   0   -28  12  70.6  280  -212    69   1.8 0.006257      0.83     0.83     0.80     0.76     0.68     0.56 -1
1996 294 13 2228 51 52  60  41   3.4   1.6 -37.0 137.0  -0.9   0.9  -1.0   0.3  -1.3   0.2   3.0   1.9   2.0   1.2  123915.   2.4  545.   0.3  -1.2 0.078   10842.   0.2   12.   1.7   0.9 0.007  1.56   0.71   2.18  12.4  7.3 0.0077 27   0   -30  12  70.6  295  -214    81   1.4 0.006257      0.80     0.79     0.76     0.72     0.63     0.50 -1
1996 294 14 2228 51 52  60  42   3.6   3.0 -29.5  74.3   0.7   2.5  -1.5   1.6  -2.5   0.2   1.9   1.0   1.3   1.1  109530.   2.4  553.  -1.2  -0.4 0.072    9129.   0.1    9.   1.1   1.1 0.005  1.58   1.38   1.83  11.9  7.4 0.0084 27   0   -30  12  70.6  392  -333    58   2.3 0.006257      0.85     0.85     0.82     0.78     0.69     0.56 -1
1996 294 15 2228 51 52  59  41   3.6   3.1 -24.5 116.4  -1.2   2.5  -1.3   1.8  -2.2   0.1   1.7   0.7   1.1   1.2  108527.   2.4  534.  -1.2  -0.4 0.076    6676.   0.1    7.   1.1   1.3 0.004  1.49   1.17   1.82  11.5  7.2 0.0090 23   0   -30   9  70.6  401  -346    55   2.0 0.006257      0.80     0.79     0.76     0.72     0.65     0.54 -1
1996 294 16 2228 51 52  59  41   3.5   2.7 -11.1 151.3  -2.3   1.3  -0.5   1.0  -0.9   0.1   2.2   1.1   1.8   0.7  104323.   2.5  521.   0.3  -1.2 0.076    8685.   0.1   11.   2.0   0.9 0.006  1.48   0.47   1.98  11.8  7.2 0.0086 23   0   -29   9  70.6  201  -170    31   1.3 0.006257 999999.99 99999.99 99999.99 99999.99 99999.99 99999.99  0
1996 294 17 2228 51 52  61  41   3.8   3.1 -10.3 136.3  -2.2   2.1  -0.6   1.8  -1.2   0.2   2.1   0.7   1.8   0.7   94919.   2.6  518.  -0.9  -0.8 0.069    7763.   0.1    7.   2.1   0.8 0.004  1.49   0.62   1.67  11.0  7.0 0.0098 23   0   -29   9  70.6  239  -208    31   0.9 0.006257 999999.99 99999.99 99999.99 99999.99 99999.99 99999.99  0
1996 294 18 2228 51 52  60  41   3.8   3.2  -2.6 120.5  -1.6   2.7  -0.1   2.6  -0.8   0.1   1.9   0.9   0.8   1.5   96103.   2.7  524.  -1.5  -1.6 0.065    7816.   0.1    9.   0.9   1.6 0.004  1.56   0.42   1.75  11.3  7.2 0.0093 23   0   -27   9  70.6  260  -234    26   1.7 0.006257 999999.99 99999.99 99999.99 99999.99 99999.99 99999.99  0
1996 294 19 2228 51 52  60  40   4.0   3.3 -26.5 118.0  -1.4   2.6  -1.5   2.2  -2.1   0.2   2.2   1.7   0.7   1.1   89266.   2.5  519.  -1.0  -0.4 0.068    8175.   0.1   14.   0.5   0.7 0.004  1.43   1.09   1.41  10.3  6.9 0.0113 23   0   -28   9  70.6  277  -218    60   2.0 0.006257 999999.99 99999.99 99999.99 99999.99 99999.99 99999.99  0
1996 294 20 2228 51 52  60  43   4.0   3.7  -8.4 103.6  -0.9   3.6  -0.5   3.4  -1.2   0.2   1.3   1.2   0.4   0.4   88123.   2.4  520.  -1.2  -0.8 0.065   11700.   0.1   11.   0.4   0.5 0.004  1.37   0.62   1.35  10.1  6.8 0.0117 23   0   -32   9  70.6  298  -237    61   1.7 0.006257 999999.99 99999.99 99999.99 99999.99 99999.99 99999.99  0
1996 294 21 2228 51 52  58  40   4.1   3.9 -18.2 124.6  -2.1   3.0  -1.2   2.7  -1.7   0.2   1.4   0.7   0.5   1.1   74305.   2.3  500.  -1.3   0.5 0.061    9653.   0.2    8.   0.4   1.3 0.005  1.19   0.85   1.15   9.2  6.5 0.0139 27   0   -30  12  70.6  314  -212   102   1.8 0.006257 999999.99 99999.99 99999.99 99999.99 99999.99 99999.99  0
1996 294 22 2228 51 52  60  41   4.5   4.4  -4.7 138.2  -3.3   3.0  -0.4   2.9  -0.9   0.1   0.9   0.2   0.2   0.9   64997.   2.2  491.  -1.1  -0.3 0.057    5370.   0.1    4.   0.4   0.9 0.006  1.09   0.44   0.87   8.1  6.1 0.0182 27   0   -28  12  70.6  328  -241    87   2.1 0.006257      0.81     0.81     0.78     0.74     0.65     0.52 -1
1996 294 23 2228 51 52  59  40   4.1   3.9  10.6 154.3  -3.5   1.7   0.7   1.8   0.4   0.2   1.1   0.3   0.7   0.9   80144.   2.3  485.   0.0  -1.8 0.068    9824.   0.1    5.   0.6   1.2 0.006  1.15  -0.19   1.19   9.0  6.3 0.0148 27   0   -28  12  70.6   84   -30    54   0.4 0.006257      0.86     0.85     0.82     0.78     0.69     0.56 -1
1996 295  0 2229 51 52  61  41   4.1   3.9   2.4 155.0  -3.5   1.7   0.2   1.7  -0.1   0.1   1.2   0.7   0.8   0.5   80539.   2.4  481.  -0.2  -1.0 0.070    9959.   0.1    5.   1.0   0.4 0.003  1.19   0.05   1.24   9.1  6.3 0.0144 23   0   -26   9  69.0   40    -3    38   0.2 0.006218      0.82     0.82     0.79     0.75     0.67     0.53 -1
1996 295  1 2229 51 52  59  39   4.0   3.5 -16.1 129.4  -2.1   2.6  -1.0   2.3  -1.6   0.2   1.8   1.1   0.6   1.4   79617.   3.0  483.  -0.7  -0.5 0.076    7064.   0.3    7.   0.6   1.0 0.006  1.52   0.77   1.62  10.5  6.7 0.0109 23   0   -27   9  69.0   90   -53    36   0.6 0.006218      0.82     0.81     0.78     0.74     0.65     0.53 -1
1996 295  2 2229 51 52  60  41   3.8   3.6  12.2 148.9  -3.0   1.8   0.8   1.9   0.3   0.3   1.2   0.4   0.6   1.0   84703.   3.5  478.  -0.4  -1.6 0.078    6646.   0.3    4.   0.3   0.6 0.004  1.75  -0.14   2.15  11.8  7.0 0.0086 23   0   -30   9  69.0  207  -175    32   1.1 0.006218      0.81     0.80     0.77     0.73     0.64     0.50 -1
1996 295  3 2229 51 52  60  41   3.3   2.5 -21.3 176.4  -2.3   0.1  -0.9  -0.2  -0.9   0.6   2.1   1.5   0.8   1.4   92107.   4.1  480.  -0.1  -1.5 0.080    9243.   0.4    3.   0.3   0.5 0.005  2.08   0.43   3.45  14.7  7.4 0.0055 23   0   -27   9  69.0  184  -127    57   1.3 0.006218      0.81     0.81     0.79     0.74     0.65     0.51 -1
1996 295  4 2229 51 52  59  40   3.8   3.5   2.9 198.5  -3.3  -1.1   0.2  -1.0   0.6   0.5   1.4   0.6   0.8   1.0   83743.   4.3  478.   0.4  -1.9 0.075    3813.   0.5    4.   0.5   0.3 0.005  2.13  -0.29   2.63  13.0  7.2 0.0070 23   0   -26   9  69.0   95   -38    57   0.8 0.006218      0.86     0.86     0.82     0.78     0.69     0.58 -1
1996 295  5 2229 51 52  61  32   3.6   2.7  10.5 130.9  -1.8   2.0   0.5   2.0  -0.4   0.2   2.3   1.9   1.0   0.9   82344.   5.4  477.  -1.0  -1.5 0.053    9040.   0.2    8.   0.5   0.5 0.014  2.49   0.19   3.65  15.4  7.6 0.0050 23   0   -21   9  69.0  139   -56    83   1.9 0.006218      0.82     0.81     0.78     0.74     0.65     0.53 -1
1996 295  6 2229 51 52  60  41   3.3   3.2 -35.1   9.8   2.6   0.4  -1.8  -0.4  -1.8   0.4   0.9   0.7   0.4   0.4   79833.   5.6  494.  -0.4  -0.3 0.051    8074.   0.3    4.   0.4   0.7 0.008  2.75   0.89   4.45  17.7  8.0 0.0038 20   0   -23   7  69.0  209  -142    67   1.3 0.006218      0.80     0.79     0.76     0.72     0.63     0.52 -1
1996 295  7 2229 51 52  60  42   3.4   2.0 -42.9  33.1   1.3   0.8  -1.4   0.0  -1.6   0.3   2.7   2.0   1.5   0.9   78865.   5.7  488.  -0.2  -0.2 0.054    8412.   0.3    5.   0.6   0.6 0.008  2.76   0.78   4.25  17.1  7.9 0.0041 20   0   -20   7  69.0  163  -115    47   1.0 0.006218      0.85     0.85     0.82     0.78     0.69     0.56 -1
1996 295  8 2229 51 52  60  43   3.3   2.8 -30.1  55.8   1.4   2.0  -1.4   1.0  -2.2   0.4   1.7   0.6   1.5   0.7   82807.   6.0  489.  -0.6  -0.3 0.054    4627.   0.3    4.   0.4   0.2 0.002  2.91   1.08   4.84  18.1  8.0 0.0036 20   0   -20   7  69.0  180  -127    53   1.7 0.006218      0.82     0.82     0.79     0.74     0.66     0.53 -1
1996 295  9 2229 51 52  60  41   3.9   3.2  16.7 111.6  -1.1   2.8   0.9   2.9  -0.7   0.4   2.2   1.7   0.7   1.2   92917.   5.4  486.  -0.6  -0.9 0.045    4956.   0.3    3.   0.2   0.5 0.003  2.51   0.34   3.27  14.5  7.4 0.0057 23   0   -21   9  69.0  339  -290    49   1.7 0.006218      0.87     0.87     0.84     0.80     0.71     0.58 -1
1996 295 10 2229 51 52  60  42   4.2   3.3   4.9 105.1  -0.9   3.2   0.3   2.9  -1.4   0.4   2.6   1.6   1.0   1.8  102723.   5.7  494.  -0.8   0.1 0.043    6373.   0.5    5.   0.3   0.7 0.004  2.72   0.69   3.11  14.0  7.3 0.0060 23   0   -20   9  69.0  249  -189    60   2.3 0.006218      0.85     0.84     0.81     0.77     0.67     0.55 -1
1996 295 11 2229 51 52  59  42   4.6   4.5  20.2 156.4  -3.9   1.7   1.6   2.3   0.5   0.2   0.9   0.5   0.6   0.4   89393.   4.7  481.  -0.3   0.4 0.045    7549.   0.3    3.   0.2   0.2 0.002  2.14  -0.24   2.01  11.3  6.8 0.0093 23   0   -20   9  69.0  181   -99    82   0.9 0.006218      0.80     0.80     0.77     0.72     0.62     0.50 -1
1996 295 12 2229 51 52  60  43   4.5   4.5  21.1 147.3  -3.5   2.2   1.6   2.7   0.3   0.2   0.8   0.4   0.6   0.4   83624.   4.6  480.  -0.2   0.6 0.040    8467.   0.2    4.   0.4   0.4 0.005  2.05  -0.14   2.00  11.4  6.9 0.0091 10   0   -18   4  69.0   83   -54    28   0.6 0.006218      0.86     0.85     0.82     0.78     0.69     0.56 -1
1996 295 13 2229 51 52  58  38   5.0   4.9   9.7 149.6  -4.2   2.4   0.8   2.5  -0.4   0.3   0.9   0.4   0.2   0.8   58743.   4.2  457.  -1.9   0.0 0.032    6682.   0.4    9.   0.7   0.4 0.003  1.65   0.18   1.31   9.4  6.4 0.0136 10   0   -21   4  69.0   59   -34    25   0.5 0.006218      0.83     0.82     0.80     0.75     0.66     0.54 -1
1996 295 14 2229 51 52  61  43   5.2   5.1   3.4 146.8  -4.3   2.8   0.3   2.6  -1.0   0.1   0.8   0.2   0.2   0.8   48860.   4.2  445.  -3.1  -0.4 0.032    6330.   0.2    3.   0.3   0.8 0.002  1.57   0.45   1.15   8.8  6.2 0.0155 10   0   -24   4  69.0  131   -94    37   0.6 0.006218      0.83     0.82     0.80     0.75     0.67     0.56 -1
1996 295 15 2229 51 52  59  40   5.0   4.2 -15.0 153.7  -3.7   1.8  -1.1   1.2  -1.7   0.2   2.7   1.7   0.9   1.8   66384.   4.3  451.  -1.6   0.5 0.040   11851.   0.3    8.   0.9   1.3 0.006  1.69   0.77   1.39   9.4  6.3 0.0136 27   0   -28  12  69.0  302  -280    23   1.1 0.006218      0.88     0.88     0.85     0.81     0.71     0.59 -1
1996 295 16 2229 51 52  60  43   6.1   6.1  -6.6 143.0  -4.8   3.7  -0.7   3.2  -2.0   0.0   0.3   0.1   0.2   0.2   38524.   3.2  445.  -3.9   1.1 0.021    2656.   0.2    4.   0.3   0.3 0.002  1.15   0.89   0.60   6.5  5.3 0.0279 27   0   -34  12  69.0  367  -305    62   1.4 0.006218 999999.99 99999.99 99999.99 99999.99 99999.99 99999.99  0
1996 295 17 2229 51 52  59  41   6.0   6.0  -2.2 148.5  -5.1   3.1  -0.2   2.9  -1.2   0.1   0.5   0.1   0.2   0.4   39190.   3.3  435.  -3.8   1.0 0.023    2857.   0.3    5.   0.5   0.3 0.004  1.14   0.52   0.64   6.6  5.3 0.0274 27   0   -32  12  69.0  334  -276    58   1.6 0.006218 999999.99 99999.99 99999.99 99999.99 99999.99 99999.99  0
1996 295 18 2229 51 52  58  41   6.2   6.2  -4.5 152.8  -5.5   2.8  -0.5   2.6  -1.2   0.1   0.5   0.1   0.2   0.5   29945.   3.1  417.  -5.0   1.0 0.024    2519.   0.2    5.   0.3   0.4 0.002  0.99   0.50   0.53   5.9  4.9 0.0339 13   0   -30   5  69.0  187  -160    27   1.1 0.006218      0.82     0.81     0.78     0.75     0.66     0.54 -1
1996 295 19 2229 51 52  60  41   6.1   6.1  -8.7 156.5  -5.5   2.4  -0.9   2.1  -1.4   0.1   0.5   0.1   0.2   0.4   24389.   2.9  408.  -5.0   1.6 0.024    2397.   0.2    2.   0.3   0.5 0.002  0.88   0.57   0.50   5.7  4.8 0.0367 13   0   -26   5  69.0  109   -88    21   1.1 0.006218      0.95     0.94     0.91     0.87     0.78     0.64 -1
1996 295 20 2229 51 52  58  42   5.7   5.5 -25.4 156.8  -4.6   2.0  -2.4   1.5  -2.8   0.2   1.2   0.6   0.5   1.0   36689.   3.4  410.  -4.7   3.1 0.021   11796.   0.5    5.   0.4   0.9 0.003  1.03   1.15   0.72   6.6  5.2 0.0270 13   0   -26   5  69.0  153  -116    37   1.4 0.006218      0.92     0.92     0.88     0.85     0.75     0.58 -1
1996 295 21 2229 51 52  62  43   5.4   5.2  -9.0 149.3  -4.4   2.6  -0.8   2.4  -1.3   0.5   1.3   0.4   0.6   1.1   32095.   3.8  392.  -7.3   1.9 0.021   10348.   1.3    8.   0.5   0.9 0.003  1.06   0.51   0.87   7.1  5.3 0.0238 17   0   -23   6  69.0  165  -108    57   1.8 0.006218      0.86     0.85     0.82     0.79     0.71     0.62 -1
1996 295 22 2229 51 52  60  38   6.5   5.6 -16.2 146.7  -4.5   3.0  -1.6   2.7  -2.1   0.3   3.1   0.9   1.4   2.6   46429.   6.5  408.  -6.9   1.0 0.013   12412.   0.8    7.   1.2   2.1 0.004  1.90   0.86   1.12   8.0  5.7 0.0186 17   0   -24   6  69.0  314  -173   141   2.0 0.006218      0.72     0.72     0.68     0.62     0.56     0.46 -1
1996 295 23 2229 51 52  61  43   6.0   5.6  29.4 167.8  -4.8   1.0   2.7   1.5   2.5   0.5   2.3   0.5   2.0   0.8   64016.   6.5  419.  -5.2  -0.5 0.013   14837.   1.1    7.   1.7   0.9 0.002  2.00  -1.05   1.44   8.9  5.9 0.0150 17   0   -22   6  69.0  161   -63    98   0.8 0.006218 999999.99 99999.99 99999.99 99999.99 99999.99 99999.99  0
1996 296  0 2229 51 52  60  39   5.9   2.8 -48.4 185.1  -1.8  -0.2  -2.1  -0.6  -2.0   0.7   5.2   3.5   1.6   3.5   72483.   6.9  424.  -4.3   0.6 0.014   16677.   1.0    8.   0.8   1.4 0.001  2.19   0.85   1.66   9.4  6.1 0.0134 37   0   -21  22  69.1  261  -134   128   1.5 0.006205      0.85     0.85     0.82     0.78     0.68     0.56 -1
1996 296  1 2229 51 52  60  39   4.0   3.1  -2.6 172.0  -3.1   0.4  -0.1   0.4  -0.2   1.8   3.0   2.4   1.1   1.4   98441.   8.6  427.  -4.3  -1.5 0.019   13266.   1.2    6.   0.6   0.7 0.004  2.82   0.09   5.07  15.7  6.7 0.0049 37   0   -20  22  69.1  265  -165   100   1.6 0.006205      0.66     0.65     0.64     0.61     0.53     0.41 -1
1996 296  2 2229 51 52  62  40   5.7   3.2 -44.0 130.0  -1.5   1.7  -2.2   1.1  -2.6   0.8   4.8   3.8   1.5   2.4  104535.   7.5  442.  -3.5  -0.6 0.020   12954.   0.8   12.   0.8   0.7 0.005  2.64   1.15   2.24  10.6  6.2 0.0105 37   0   -19  22  69.1  277  -142   135   1.7 0.006205      0.77     0.76     0.74     0.70     0.62     0.52 -1
1996 296  3 2229 51 52  59  42   6.0   5.8 -52.2  87.4   0.2   3.6  -4.6   2.0  -5.5   0.4   1.4   1.2   0.5   0.6   96105.   8.2  449.  -4.6   1.1 0.016    7248.   0.9    5.   0.5   0.6 0.001  2.94   2.47   2.13  10.7  6.4 0.0104 40   0   -29  27  69.1  605  -510    95   2.8 0.006205      0.81     0.80     0.77     0.74     0.65     0.55 -1
1996 296  4 2229 51 52  61  43   6.8   6.3   3.5 158.2  -5.9   2.4   0.4   2.4  -0.5   0.5   2.5   1.6   0.9   1.7  105991.   6.8  464.  -1.0  -0.5 0.023   18629.   0.6    7.   0.9   0.8 0.003  2.67   0.23   1.43   8.9  5.9 0.0150 40   0   -33  27  69.1  394  -258   137   3.3 0.006205      0.79     0.79     0.75     0.71     0.62     0.50 -1
1996 296  5 2229 51 52  61  42   6.1   5.5 -15.6 156.3  -4.8   2.1  -1.5   1.3  -2.2   0.6   2.7   1.9   1.3   1.4  121323.   7.7  470.  -0.5   0.2 0.023   13532.   0.5    8.   0.6   0.6 0.002  3.10   1.03   2.15  10.7  6.3 0.0104 40   0   -32  27  69.1  288  -127   161   2.3 0.006205      0.81     0.80     0.77     0.73     0.64     0.52 -1
1996 296  6 2229 51 52  60  42   6.6   6.5 -19.2 314.7   4.3  -4.3  -2.1  -4.8   0.0   0.5   1.4   0.5   0.7   1.0  121887.   7.0  487.   0.3   0.1 0.024    9584.   0.5    4.   0.6   0.4 0.003  3.04  -0.00   1.67   9.8  6.2 0.0125 33   0   -29  18  69.1  338  -265    73   2.0 0.006205      0.85     0.84     0.81     0.77     0.68     0.56 -1
1996 296  7 2229 51 52  61  43   7.2   6.3 -16.2 136.7  -4.4   4.1  -1.8   2.7  -3.5   1.3   3.7   2.0   2.7   1.5  136006.   5.9  485.  -0.1   0.3 0.035   12123.   1.2   10.   0.7   0.8 0.005  2.64   1.70   1.25   8.2  5.7 0.0178 33   0   -31  18  69.1  277  -197    80   1.9 0.006205      0.84     0.83     0.80     0.76     0.67     0.54 -1
1996 296  8 2229 51 52  58  42   8.9   8.7  -6.8 135.2  -6.1   6.1  -1.0   4.8  -3.9   0.5   1.7   0.4   0.7   1.5  117036.   4.8  486.  -1.0   0.2 0.045   14243.   0.6    9.   1.4   0.7 0.004  2.23   1.90   0.62   6.0  4.8 0.0332 33   0   -39  18  69.1  513  -390   123   3.0 0.006205      0.82     0.82     0.79     0.75     0.66     0.52 -1
1996 296  9 2229 51 52  62  43   9.0   8.9  -3.4 135.3  -6.3   6.2  -0.5   5.0  -3.6   0.5   1.8   0.7   0.4   1.7   96058.   5.2  481.  -1.2  -0.5 0.050   23868.   0.6    7.   1.0   0.5 0.008  2.41   1.73   0.60   6.1  4.9 0.0320 40   0   -40  27  69.1  911  -690   221   4.1 0.006205      0.84     0.83     0.80     0.76     0.67     0.55 -1
1996 296 10 2229 51 52  59  42   8.6   8.5   8.6 128.4  -5.2   6.6   1.3   6.3  -2.3   0.2   1.7   1.2   0.7   0.9  104530.   5.8  492.   0.7  -0.8 0.071    9758.   0.5    6.   0.9   0.6 0.010  3.01   1.13   0.76   6.9  5.4 0.0251 40   0   -27  27  69.1  738  -571   167   4.2 0.006205      0.84     0.83     0.80     0.76     0.66     0.53 -1
1996 296 11 2229 51 52  60  40   8.8   8.4  -2.0 132.6  -5.7   6.2  -0.3   5.2  -3.5   0.3   2.4   1.0   1.2   1.9  100091.   5.7  488.   0.3   0.7 0.079   10640.   0.3    4.   0.8   1.1 0.006  2.98   1.71   0.70   6.6  5.2 0.0271 40   0   -30  27  69.1  405  -287   119   2.7 0.006205      0.87     0.86     0.83     0.80     0.70     0.56 -1
1996 296 12 2229 51 52  60  42   8.2   8.0 -16.6 125.4  -4.4   6.2  -2.3   4.2  -5.1   0.4   1.9   0.8   1.6   0.7  108616.   6.9  484.   0.2   1.8 0.068   11910.   0.4    5.   1.4   0.4 0.013  3.43   2.47   1.01   7.8  5.7 0.0198 40   0   -29  27  69.1  798  -656   141   4.0 0.006205      0.82     0.82     0.78     0.74     0.64     0.52 -1
1996 296 13 2229 51 52  59  41   6.6   5.9 -16.4 152.0  -5.0   2.7  -1.7   1.6  -2.8   0.6   3.0   1.1   1.6   2.2  135714.   8.8  473.   1.5   0.8 0.085   10081.   0.7    8.   0.7   1.1 0.006  4.41   1.32   2.22  10.6  6.2 0.0105 40   0   -38  27  69.1  661  -506   155   3.2 0.006205      0.81     0.81     0.78     0.74     0.65     0.53 -1
1996 296 14 2229 51 52  59  41   6.2   4.9 -28.9 146.3  -3.6   2.4  -2.4   1.1  -3.2   0.9   3.8   1.5   3.3   1.2  136031.   9.0  464.   0.4   1.9 0.081   14519.   0.5    6.   1.4   0.5 0.006  4.28   1.48   2.58  11.2  6.3 0.0094 40   0   -38  27  69.1  401  -244   157   1.5 0.006205      0.85     0.77     0.74     0.71     0.62     0.51 -1
1996 296 15 2229 51 52  60  41   8.5   6.4 -13.5 156.9  -5.7   2.4  -1.5   1.6  -2.3   0.6   5.5   2.7   3.9   2.9  129564.  10.5  453.   0.8   2.0 0.084   13122.   1.2    8.   1.3   0.8 0.010  4.81   1.04   1.56   8.6  5.6 0.0160 43   0   -35  32  69.1  639  -426   213   2.6 0.006205      0.81     0.80     0.77     0.73     0.64     0.52 -1
1996 296 16 2229 51 52  62  44   9.3   5.9   0.7 238.0  -3.1  -5.0   0.1  -4.6   1.9   1.3   7.2   2.1   5.0   4.8  146605.  11.2  474.   0.8   1.7 0.078   17284.   1.0   12.   1.3   1.1 0.011  5.51  -0.90   1.48   8.5  5.6 0.0164 43   0   -30  32  69.1  491  -316   175   1.6 0.006205      0.82     0.81     0.77     0.73     0.63     0.48 -1
1996 296 17 2229 51 52  59  41   8.1   6.6 -39.1 287.7   1.5  -4.9  -4.1  -5.9  -2.4   0.7   4.6   2.0   3.1   2.8  157101.  12.2  487.  -2.4   3.6 0.071   13199.   1.0    6.   0.8   0.7 0.008  6.20   1.17   2.21  10.5  6.2 0.0108 43   0   -24  32  69.1  357  -265    92   1.3 0.006205      0.65     0.65     0.63     0.58     0.45     0.19 -1
1996 296 18 2229 51 52  61  41   6.5   4.6 -36.7 128.3  -2.3   2.9  -2.8   2.1  -3.5   1.7   4.8   2.6   2.7   3.0  170691.  13.0  477.  -2.8   3.6 0.074   21034.   0.8    6.   0.5   0.9 0.009  6.40   1.67   3.83  13.2  6.4 0.0068 47   0   -29  39  69.1  734  -478   256   3.2 0.006205      0.78     0.77     0.75     0.70     0.66     0.61 -1
1996 296 19 2229 51 52  60  39  10.2   9.9  16.0 133.2  -6.5   6.9   2.7   7.3   1.1   0.9   2.1   0.8   0.8   1.8  141474.  11.3  482.  -2.0   1.2 0.063   13528.   0.9    5.   0.6   1.0 0.007  5.49  -0.53   1.22   7.9  5.5 0.0189 47   0   -25  39  69.1  483  -382   101   2.9 0.006205      0.68     0.67     0.64     0.60     0.51     0.41 -1
1996 296 20 2229 51 52  62  45   8.9   6.4  27.0 153.0  -5.0   2.6   2.9   3.1   2.3   2.9   6.7   2.2   3.9   5.0  240330.  10.7  515.   0.9  -0.1 0.051   64692.   1.7   19.   1.9   1.8 0.022  5.71  -1.18   2.07   9.5  5.7 0.0133 47   0   -21  39  69.1  154   -79    75   0.5 0.006205      0.83     0.82     0.80     0.75     0.66     0.52 -1
1996 296 21 2229 51 52  62  39  13.1  10.7  -2.3 136.0  -7.7   7.4  -0.4   7.2  -1.7   0.3   7.3   2.0   2.2   6.7  265654.   7.9  566.   4.4   1.6 0.042   23157.   0.5   12.   1.1   2.4 0.007  4.94   0.96   0.75   6.1  4.7 0.0323 67   0   -17 111  69.1  198   -75   123   1.6 0.006205      0.80     0.79     0.77     0.75     0.66     0.50 -1
1996 296 22 2229 51 52  60  43  12.3  10.4 -41.2 140.3  -6.0   5.0  -6.9   3.8  -7.7   0.3   5.8   2.8   3.3   4.0  305195.   7.7  578.   5.7   2.5 0.047   36197.   0.7   17.   2.4   2.3 0.011  5.10   4.45   0.92   6.5  4.9 0.0280 67   0   -44 111  69.1  991  -883   108   7.4 0.006205      0.78     0.77     0.75     0.70     0.59     0.45 -1
1996 296 23 2229 51 52  60  42  13.9  13.1 -54.0 138.5  -5.8   5.1 -10.6   3.2 -11.3   0.5   4.2   2.0   2.6   2.7  281598.   7.8  589.   5.8   1.8 0.045   32659.   0.4   15.   1.8   1.6 0.008  5.33   6.66   0.69   5.9  4.7 0.0340 67   0   -61 111  69.1 1222 -1039   183   8.7 0.006205      0.89     0.89     0.85     0.81     0.72     0.60 -1
1996 297  0 2229 51 52  60  39  13.2  11.9 -24.3 131.2  -7.1   8.1  -4.9   7.0  -6.4   0.3   5.1   2.3   2.1   4.1  344707.   7.6  579.   4.6   0.0 0.049   33050.   0.8   15.   1.4   2.6 0.010  5.09   3.71   0.86   6.0  4.6 0.0325 73   0   -81 154  67.1  950  -683   268   6.2 0.006252      0.87     0.86     0.84     0.80     0.69     0.54 -1
1996 297  1 2229 51 52  61  44  12.9  12.1 -28.8 140.8  -8.2   6.7  -5.8   5.3  -7.1   0.5   4.3   1.5   2.5   3.2  304815.   6.9  595.   4.5   0.3 0.044   44633.   0.9   10.   1.7   1.5 0.000  4.80   4.22   0.75   6.1  4.7 0.0324 73   0   -78 154  67.1  885  -546   339   5.1 0.006252      0.86     0.84     0.82     0.78     0.69     0.57 -1
1996 297  2 2229 51 52  60  42  12.6  12.2 -49.6 158.7  -7.4   2.9  -9.3   0.4  -9.7   0.4   2.7   1.6   1.8   1.2  208747.   5.3  609.   4.8   0.3 0.090   31339.   0.8   12.   1.7   0.9 0.000  4.46   5.91   0.47   5.6  4.7 0.0384 73   0   -86 154  67.1  982  -859   123   9.7 0.006252      0.74     0.74     0.71     0.68     0.58     0.45 -1
1996 297  3 2229 51 52  60  41  12.2  11.6 -44.7 157.9  -7.6   3.1  -8.1   0.5  -8.7   0.9   3.7   1.4   2.6   2.2  234505.   4.6  606.   4.1   0.7 0.055   39216.   0.7   14.   2.0   1.1 0.019  3.44   5.27   0.47   5.3  4.5 0.0419 57   0  -104  67  67.1 1007  -891   116   7.1 0.006252      0.82     0.81     0.79     0.74     0.64     0.53 -1
1996 297  4 2229 51 52  61  43   8.1   2.9 -18.4 208.2  -2.4  -1.3  -0.9  -1.5  -0.4   1.7   7.6   4.2   4.6   4.4  351987.   5.8  634.   4.4  -0.3 0.041   72293.   0.9   23.   1.7   1.4 0.007  4.53   0.25   1.77   9.4  5.9 0.0134 57   0  -105  67  67.1  760  -568   193   5.3 0.006252      0.78     0.76     0.73     0.70     0.61     0.51 -1
1996 297  5 2229 51 52  59  18   6.1   2.9  38.5  29.6   2.0   1.1   1.8   1.7   1.2   1.2   5.3   2.6   4.1   1.9  335935.   4.1  667.   3.1  -0.9 9.999  100433.   0.9   21.   2.4   0.8 9.999  3.65  -0.80   2.13  11.1  6.6 0.0097 57   0   -91  67  67.1  346  -139   207   3.0 0.006252      0.90     0.86     0.81     0.73 99999.99 99999.99 -1
1996 297  6 2229 51 52  60  38   6.0   3.6  44.3 228.7  -1.7  -1.9   2.5  -0.6   3.1   0.5   4.6   2.2   3.8   1.6  215388.   3.9  644.   2.1  -1.9 9.999   31144.   0.4   11.   1.5   1.0 9.999  3.23  -2.00   1.55  10.6  6.9 0.0106 37   0   -78  22  67.1  262  -186    76   2.2 0.006252      0.75     0.74     0.71     0.68     0.59     0.50 -1
1996 297  7 2229 51 52  61  42   5.6   4.3  23.1 160.8  -3.7   1.3   1.7   2.0   0.9   0.5   3.4   1.7   1.8   2.3  199778.   3.5  646.   0.3  -1.1 9.999   37911.   0.5   17.   1.8   1.9 9.999  2.92  -0.58   1.52  10.8  7.1 0.0102 37   0   -69  22  67.1  288  -210    78   1.5 0.006252      0.74     0.73     0.71     0.68     0.60     0.44 -1
1996 297  8 2229 51 52  59  43   5.7   5.0  19.2 163.2  -4.6   1.4   1.7   2.1   0.8   0.2   2.4   1.2   1.7   1.2  216503.   3.1  638.  -0.0  -1.1 0.030   45262.   0.4   13.   1.7   1.0 0.000  2.36  -0.51   1.37   9.9  6.7 0.0123 37   0   -72  22  67.1  224  -146    78   2.0 0.006252      0.63     0.63     0.60     0.57     0.50     0.37 -1
1996 297  9 2229 51 52  60  42   5.6   5.2   4.7 151.1  -4.6   2.5   0.4   2.3  -0.9   0.3   1.8   0.5   0.9   1.5  197148.   3.0  631.  -1.2   0.6 9.999   28480.   0.3    8.   1.0   1.8 9.999  2.39   0.57   1.30   9.8  6.7 0.0125 33   0   -64  18  67.1  746  -660    86   2.4 0.006252      0.84     0.83     0.80     0.76     0.66     0.54 -1
1996 297 10 2229 51 52  60  42   5.4   5.2 -10.6 171.7  -5.1   0.7  -1.0   0.1  -1.2   0.1   1.1   0.2   0.7   0.8  216937.   2.9  620.  -0.1   2.9 9.999   56372.   0.3    7.   0.9   1.2 9.999  2.23   0.74   1.43   9.8  6.5 0.0124 33   0   -52  18  67.1  439  -387    53   2.0 0.006252      0.76     0.75     0.72     0.69     0.61     0.50 -1
1996 297 11 2229 51 52  60  41   5.5   5.0  11.0 201.5  -4.5  -1.8   0.9  -1.1   1.7   0.2   2.2   0.8   1.7   1.2  215943.   3.1  625.   1.7   1.0 9.999   42828.   0.2    8.   1.4   1.2 9.999  2.42  -1.06   1.47  10.0  6.6 0.0119 33   0   -48  18  67.1  152  -108    44   0.7 0.006252      0.81     0.79     0.76     0.72     0.63     0.51 -1
1996 297 12 2229 51 52  61  43   5.6   4.8  50.9 116.9  -1.4   2.7   3.7   4.2   1.9   0.3   2.7   1.5   2.0   1.0  184278.   3.4  637.  -1.1  -0.5 0.057   18687.   0.2   13.   1.2   0.8 0.005  2.83  -1.21   1.41  10.5  7.0 0.0108 17   0   -42   6  67.1   96   -55    41   0.5 0.006252      0.85     0.85     0.82     0.78     0.68     0.54 -1
1996 297 13 2229 51 52  58  42   5.6   4.3  40.5 209.1  -2.9  -1.6   2.8  -0.1   3.2   0.2   3.3   2.4   1.8   1.3  173949.   3.2  618.   1.9  -0.3 0.065   22826.   0.3   24.   1.8   1.5 0.011  2.57  -1.98   1.28   9.9  6.8 0.0122 17   0   -40   6  67.1  141   -78    63   0.4 0.006252      0.79     0.79     0.76     0.72     0.64     0.51 -1
1996 297 14 2229 51 52  61  41   5.5   3.2  70.3 135.8  -0.8   0.7   3.0   1.9   2.4   0.2   4.4   2.4   3.3   1.6  154661.   4.0  626.   0.1  -0.8 0.053   17110.   0.4   17.   2.1   1.2 0.007  3.17  -1.50   1.56  11.4  7.4 0.0092 17   0   -38   6  67.1   84   -32    53   0.3 0.006252      0.79     0.78     0.76     0.72     0.63     0.52 -1
1996 297 15 2229 51 52  59  40   5.5   3.3  13.0 218.4  -2.5  -2.0   0.7  -1.6   1.4   0.2   4.2   1.3   3.6   1.7  150093.   4.2  605.   2.1   1.2 0.047   15563.   0.3   12.   2.3   1.3 0.005  3.05  -0.85   1.61  11.3  7.3 0.0094 30   0   -37  15  67.1   89   -56    33   0.6 0.006252      0.82     0.81     0.78     0.74     0.66     0.52 -1
1996 297 16 2229 51 52  60  42   4.9   3.0  40.0 157.3  -2.1   0.9   1.9   1.5   1.5   0.5   3.8   1.4   2.8   2.2  166068.   4.3  603.   0.5   0.5 0.044   20051.   0.4   10.   1.8   1.7 0.006  3.07  -0.90   2.19  12.8  7.5 0.0073 30   0   -39  15  67.1  242  -166    75   1.1 0.006252      0.77     0.75     0.73     0.69     0.62     0.51 -1
1996 297 17 2229 51 52  59  41   5.0   3.5   1.1 178.8  -3.5   0.1   0.1   0.1   0.1   0.5   3.5   1.1   2.4   2.3  171248.   4.3  591.   1.3   2.7 0.052   11377.   0.2    8.   1.4   1.9 0.005  3.03  -0.06   2.14  12.3  7.3 0.0079 30   0   -38  15  67.1  427  -354    73   1.1 0.006252      0.81     0.79     0.76     0.74     0.63     0.49 -1
1996 297 18 2229 51 52  60  41   5.2   4.6  45.7 208.7  -2.8  -1.5   3.3  -0.6   3.6   0.3   2.2   1.1   1.2   1.4  162626.   4.0  590.   2.9   0.9 0.054   11538.   0.3    8.   0.9   1.2 0.006  2.83  -2.12   1.79  11.3  7.1 0.0092 23   0   -38   9  67.1  291  -229    62   0.6 0.006252      0.74     0.73     0.70     0.66     0.58     0.46 -1
1996 297 19 2229 51 52  60  40   5.0   4.2  -2.5 194.2  -4.0  -1.0  -0.2  -1.0   0.0   0.4   2.5   1.3   1.5   1.5  172271.   3.8  583.   2.9   3.4 0.050   17448.   0.2   12.   1.4   1.3 0.006  2.59  -0.00   1.90  11.4  7.0 0.0092 23   0   -35   9  67.1  184  -139    44   0.6 0.006252      0.83     0.82     0.79     0.75     0.67     0.55 -1
1996 297 20 2229 51 52  54  35   5.1   4.3  14.6 129.8  -2.7   3.2   1.1   3.4   0.5   0.1   2.4   1.4   1.4   1.3  160289.   3.8  581.  -0.1   2.0 0.045   17699.   0.2   11.   1.8   1.4 0.003  2.53  -0.29   1.75  11.1  7.0 0.0096 23   0   -33   9  67.1   76   -45    31   0.5 0.006252      0.76     0.76     0.73     0.69     0.61     0.51 -1
1996 297 21 2229 50 50  55   7   4.9   4.2  23.2 109.6  -1.3   3.6   1.7   3.8   1.0   0.2   2.4   1.6   1.3   1.0  123479.   3.5  575.  -0.1   5.0 9.999   17061.   0.3   19.   1.9   3.8 9.999  2.31  -0.57   1.53  11.0  7.2 0.0099 20   0   -33   7  67.1  209  -166    43   1.2 0.006252      0.82     0.82     0.79     0.75     0.65     0.54 -1
1996 297 22 2229 51 50   1   7   5.7   5.7  12.1 107.0  -1.6   5.3   1.2   5.4   0.3   0.0   0.0   0.0   0.0   0.0  109802.   3.2  561.   3.3   2.6 9.999   16909.   0.3    8.   2.8   2.3 9.999  2.01  -0.17   0.98   8.8  6.5 0.0153 20   0   -34   7  67.1  173  -150    23   1.2 0.006252      0.81     0.81     0.78     0.74     0.66     0.52 -1
1996 297 23 2229 51 50  60  10   4.5   3.4  41.0 122.0  -1.4   2.2   2.2   2.5   1.8   0.6   2.9   1.0   2.1   1.8  163346.   3.1  571.  -0.2   5.0 9.999   41421.   0.6   27.   0.9   1.1 9.999  2.02  -1.03   1.86  11.2  6.9 0.0095 20   0   -33   7  67.1  108   -73    35   1.1 0.006252      0.81     0.80     0.77     0.73     0.66     0.54 -1
1996 298  0 2229 51 50  60  17   4.4   3.6 -20.1 124.7  -1.9   2.8  -1.2   2.5  -1.7   0.4   2.4   1.2   1.4   1.5  134805.   3.2  567.   0.3   5.8 9.999   22703.   0.3   10.   1.0   1.6 9.999  2.06   0.96   1.81  11.5  7.2 0.0090 37   0   -34  22  69.1  129   -69    60   1.5 0.006242      0.81     0.80     0.77     0.73     0.63     0.49 -1
1996 298  1 2229 51 50  59   3   4.3   3.3  23.1 103.1  -0.7   2.9   1.3   3.1   0.6   0.4   2.7   1.4   1.2   1.9  110914.   3.0  566.   1.6   2.4 9.999   14692.   0.4    8.   1.3   1.4 9.999  1.92  -0.34   1.62  11.4  7.4 0.0092 37   0   -36  22  69.1  321  -260    60   1.5 0.006242      0.79     0.79     0.75     0.71     0.63     0.54 -1
1996 298  2 2229 51 50  60   3   4.6   4.1  39.3 172.1  -3.2   0.4   2.6   1.0   2.4   0.3   2.0   1.2   1.1   1.1  125828.   3.3  532.   5.6   1.6 9.999   11357.   0.2    2.   1.0   2.2 9.999  1.87  -1.28   1.65  10.5  6.7 0.0108 37   0   -37  22  69.1   74   -43    31   0.3 0.006242      0.81     0.80     0.78     0.74     0.65     0.52 -1
1996 298  3 2229 51 50  60   4   4.8   3.2 -15.5  88.0   0.1   3.0  -0.8   2.6  -1.7   0.2   3.6   2.9   1.4   1.6  129983.   2.7  536.   3.2   2.7 9.999   38070.   0.4   18.   3.3   2.5 9.999  1.55   0.91   1.26   9.2  6.3 0.0141 27   0   -37  12  69.1   97   -54    43   0.5 0.006242      0.84     0.84     0.80     0.76     0.67     0.54 -1
1996 298  4 2229 51 50  60   6   4.3   3.4  -2.2  70.5   1.1   3.2  -0.1   3.0  -1.2   0.4   2.5   1.7   0.7   1.7  141560.   2.7  570.  -0.3   2.0 9.999   25742.   0.2    9.   0.9   1.7 9.999  1.75   0.68   1.64  10.9  7.0 0.0100 27   0   -40  12  69.1  393  -299    95   2.5 0.006242      0.82     0.81     0.79     0.75     0.64     0.51 -1
1996 298  5 2229 51 50  60   5   3.9   3.3   7.2 110.1  -1.1   3.1   0.4   3.0  -0.9   0.2   1.9   1.2   0.5   1.4   97886.   2.6  539.  -0.1  -2.4 0.041   11220.   0.2    8.   0.9   1.5 0.001  1.47   0.49   1.61  11.1  7.2 0.0096 27   0   -40  12  69.1  229  -159    70   2.5 0.006242      0.86     0.85     0.82     0.78     0.69     0.55 -1
1996 298  6 2229 51 52  60  27   4.6   4.0  23.9  67.4   1.4   3.3   1.6   3.7   0.0   0.2   2.2   1.5   0.6   1.6  120755.   2.8  548.  -0.4  -2.8 0.023   10265.   0.2    6.   0.4   0.8 0.004  1.53  -0.00   1.37  10.0  6.7 0.0120 23   0   -37   9  69.1  119   -66    53   1.5 0.006242      0.83     0.83     0.81     0.77     0.67     0.52 -1
1996 298  7 2229 51 52  60  43   4.5   4.0  -3.0  74.0   1.1   3.8  -0.2   3.3  -2.0   0.3   1.9   1.4   0.4   1.2  128649.   2.8  539.  -0.5  -2.3 0.023   18675.   0.2    9.   0.6   1.1 0.003  1.48   1.08   1.48  10.0  6.6 0.0118 23   0   -39   9  69.1  215  -166    49   2.5 0.006242      0.81     0.80     0.78     0.74     0.65     0.52 -1
1996 298  8 2229 51 52  61  44   4.1   2.9   0.6  89.1   0.0   2.9   0.0   2.5  -1.4   0.3   2.7   1.8   1.1   1.7  132412.   2.8  539.  -0.1  -1.7 0.023   14907.   0.2   16.   1.1   1.5 0.003  1.48   0.75   1.81  11.0  6.9 0.0098 23   0   -40   9  69.1  443  -409    33   3.0 0.006242      0.77     0.77     0.74     0.70     0.61     0.51 -1
1996 298  9 2229 51 52  57  41   4.2   2.7 -22.0 101.2  -0.5   2.4  -1.0   1.5  -2.1   0.2   3.2   2.8   0.8   1.3  115996.   2.9  531.   0.3  -0.2 0.024   15620.   0.3   28.   0.8   1.2 0.004  1.50   1.12   1.67  10.8  6.9 0.0103 20   0   -42   7  69.1  385  -339    46   3.1 0.006242      0.80     0.80     0.77     0.74     0.63     0.51 -1
1996 298 10 2229 51 52  60  42   3.9   3.6  25.8 156.7  -3.0   1.3   1.6   1.9   0.7   0.2   1.2   0.4   0.8   0.8  120564.   2.9  510.   0.9  -2.7 0.027   10583.   0.2    5.   0.9   0.8 0.003  1.40  -0.36   1.97  11.1  6.8 0.0096 20   0   -42   7  69.1  177  -150    27   1.0 0.006242      0.82     0.81     0.78     0.74     0.65     0.53 -1
1996 298 11 2229 51 52  60  44   4.2   4.1  19.4 173.7  -3.8   0.4   1.4   1.1   1.0   0.2   0.8   0.2   0.6   0.4  105934.   2.9  503.   1.4  -2.7 0.028   13280.   0.2    3.   0.5   0.7 0.003  1.36  -0.50   1.60  10.2  6.6 0.0114 20   0   -36   7  69.1   55   -28    27   0.4 0.006242      0.82     0.81     0.79     0.75     0.66     0.53 -1
1996 298 12 2229 51 52  60  44   4.3   3.6  31.0 141.1  -2.4   1.9   1.8   2.5   0.6   0.4   2.3   0.7   1.5   1.6   97171.   3.6  503.   0.4  -3.4 0.028   11294.   0.4    4.   0.9   1.1 0.002  1.69  -0.30   1.83  11.1  6.9 0.0097 20   0   -31   7  69.1   38   -21    17   0.5 0.006242      0.87     0.86     0.84     0.80     0.70     0.56 -1
1996 298 13 2229 51 52  60  40   4.7   3.7  -3.9 108.2  -1.2   3.5  -0.3   3.0  -1.9   0.2   2.8   2.3   0.7   1.6   90236.   3.6  504.  -1.0  -2.0 0.029   14749.   0.3   10.   0.8   0.6 0.003  1.70   0.96   1.48  10.2  6.7 0.0115 20   0   -28   7  69.1   89   -49    40   1.0 0.006242      0.75     0.75     0.72     0.67     0.59     0.48 -1
1996 298 14 2229 51 52  60  44   5.2   4.6 -10.1  81.3   0.7   4.5  -0.8   3.7  -2.7   0.3   2.3   1.2   0.9   1.8   87283.   3.9  509.  -1.6  -1.5 0.026   13559.   0.3    6.   1.0   1.0 0.003  1.86   1.37   1.29   9.7  6.6 0.0127 20   0   -30   7  69.1  255  -198    57   1.7 0.006242      0.87     0.86     0.83     0.79     0.72     0.61 -1
1996 298 15 2229 51 52  58  41   4.9   4.7 -28.1 108.2  -1.3   3.9  -2.2   2.7  -3.5   0.4   1.3   1.0   0.7   0.5   86870.   3.4  494.  -1.0  -1.0 0.032   10090.   0.3    6.   0.6   0.5 0.003  1.56   1.73   1.27   9.3  6.4 0.0138 27   0   -36  12  69.1  550  -449   101   2.6 0.006242      0.80     0.80     0.77     0.74     0.65     0.51 -1
1996 298 16 2229 51 52  60  44   4.5   4.0 -22.8  48.8   2.5   2.8  -1.6   2.1  -2.5   0.1   1.9   1.4   0.8   1.1   71387.   3.3  498.  -1.1  -1.1 0.028   12857.   0.4    4.   0.7   0.7 0.003  1.52   1.25   1.35  10.1  6.8 0.0118 27   0   -46  12  69.1  696  -538   158   3.0 0.006242      0.84     0.84     0.81     0.77     0.66     0.53 -1
1996 298 17 2229 51 52  59  41   3.9   3.4 -33.8  83.7   0.3   2.8  -1.9   2.1  -2.7   0.5   1.8   1.5   0.5   0.9   80563.   3.4  482.  -0.8  -1.8 0.032   15693.   0.4    7.   0.5   0.7 0.003  1.49   1.30   1.94  11.4  7.0 0.0092 27   0   -49  12  69.1  693  -529   164   2.5 0.006242      0.95     0.95     0.92     0.88     0.79     0.67 -1
1996 298 18 2229 51 52  60  44   4.5   4.4  20.2 177.1  -4.1   0.2   1.5   0.6   1.4   0.3   1.1   0.5   0.9   0.4   69994.   3.4  469.   0.3  -3.5 0.029   12373.   0.2    4.   0.6   0.8 0.003  1.39  -0.66   1.39   9.6  6.5 0.0129 20   0   -49   7  69.1  308  -242    66   0.8 0.006242      0.77     0.76     0.73     0.69     0.60     0.49 -1
1996 298 19 2229 51 52  60  41   4.7   4.6   9.2 193.2  -4.4  -1.0   0.7  -0.8   0.9   0.1   1.0   0.1   0.2   1.0   69454.   3.3  465.   1.4  -3.5 0.030   11169.   0.2    4.   0.4   0.8 0.003  1.33  -0.42   1.23   9.0  6.3 0.0147 20   0   -44   7  69.1  148   -91    57   0.2 0.006242      0.81     0.81     0.78     0.74     0.66     0.54 -1
1996 298 20 2229 51 52  59  44   4.8   4.7   5.9 198.2  -4.4  -1.5   0.5  -1.4   0.8   0.1   0.7   0.2   0.4   0.6   75868.   3.0  461.   2.2  -3.4 0.032    8221.   0.1    5.   0.7   0.8 0.004  1.20  -0.37   1.11   8.3  5.9 0.0172 20   0   -41   7  69.1  118   -63    55   0.2 0.006242      0.81     0.81     0.78     0.73     0.65     0.55 -1
1996 298 21 2229 51 52  61  44   4.6   4.3   3.7 174.5  -4.3   0.4   0.3   0.4   0.2   0.2   1.8   0.6   1.6   0.4   86046.   3.1  465.   0.6  -3.4 0.037   11868.   0.3    5.   1.7   0.7 0.005  1.29  -0.09   1.31   8.9  6.1 0.0150 13   0   -40   5  69.1   82   -51    31   0.2 0.006242      0.81     0.81     0.78     0.74     0.65     0.50 -1
1996 298 22 2229 51 52  58  43   4.7   4.3  -3.2 191.8  -4.2  -0.9  -0.2  -0.9  -0.1   0.3   1.8   0.5   1.7   0.3   68049.   3.0  455.   1.9  -2.5 0.029   14255.   0.2    7.   1.4   0.4 0.008  1.16   0.05   1.11   8.4  6.0 0.0169 13   0   -38   5  69.1   52   -17    35   0.1 0.006242      0.75     0.75     0.72     0.68     0.59     0.47 -1
1996 298 23 2229 51 52  61  44   4.6   4.0  -1.9 189.4  -4.0  -0.7  -0.1  -0.7   0.0   0.2   2.0   0.4   1.6   1.3   71870.   3.3  456.   1.6  -2.7 0.031   11937.   0.3    5.   1.5   1.3 0.006  1.29  -0.00   1.30   9.0  6.2 0.0147 13   0   -36   5  69.1   63   -33    30   0.2 0.006242      0.79     0.78     0.75     0.72     0.65     0.53 -1
1996 299  0 2229 51 52  60  41   4.4   3.9 -25.9 175.1  -3.5   0.3  -1.7   0.0  -1.7   0.2   1.9   0.8   1.6   0.7   79260.   3.5  459.   0.6  -2.1 0.032    7198.   0.2    4.   1.1   0.6 0.003  1.39   0.78   1.56   9.8  6.4 0.0125 13   7   -33   5  69.1   49   -25    24   0.2 0.006185      0.76     0.76     0.74     0.70     0.61     0.50 -1
1996 299  1 2229 51 52  60  44   4.1   3.4 -12.6 195.2  -3.2  -0.9  -0.7  -1.0  -0.5   0.2   2.3   0.7   1.5   1.6   78466.   3.5  459.   1.4  -2.8 0.030    7001.   0.3    5.   1.2   1.2 0.003  1.38   0.23   1.79  10.5  6.6 0.0108 13   7   -32   5  69.1   56   -22    34   0.3 0.006185      0.85     0.85     0.82     0.78     0.70     0.59 -1
1996 299  2 2229 51 52  60  41   3.9   3.4 -20.4 197.8  -3.1  -1.0  -1.2  -1.3  -0.9   0.2   1.8   0.7   1.4   1.0   86471.   3.5  455.   2.1  -2.2 0.032    7600.   0.2    5.   1.1   1.0 0.003  1.36   0.41   2.06  10.9  6.5 0.0100 13   7   -34   5  69.1   54   -27    26   0.2 0.006185      0.87     0.86     0.83     0.77     0.67     0.55 -1
1996 299  3 2229 51 52  60  42   4.0   3.5  -8.8 117.3  -1.6   3.0  -0.5   2.7  -1.4   0.3   1.9   1.1   0.9   1.1   85355.   3.6  459.  -1.5  -2.6 0.031    5931.   0.3    9.   1.1   1.1 0.003  1.42   0.64   2.00  10.9  6.6 0.0100 20   7   -36   7  69.1   74   -41    33   0.6 0.006185      0.81     0.81     0.77     0.73     0.66     0.55 -1
1996 299  4 2229 51 52  60  44   4.2   3.9 -18.0 130.5  -2.4   2.8  -1.2   2.2  -2.1   0.1   1.7   1.3   0.7   0.7   76534.   3.4  447.  -1.6  -1.2 0.029    4064.   0.1    7.   0.6   0.7 0.002  1.27   0.94   1.64   9.8  6.3 0.0124 20   7   -38   7  69.1  146  -110    35   1.3 0.006185      0.87     0.87     0.83     0.79     0.71     0.60 -1
1996 299  5 2229 51 52  61  43   4.4   4.2 -31.2  84.8   0.3   3.6  -2.2   2.4  -3.4   0.2   1.1   0.7   0.4   0.8   71542.   3.6  463.  -1.8  -0.8 0.027    6173.   0.2    4.   0.5   0.9 0.003  1.43   1.57   1.55  10.0  6.5 0.0119 20   7   -38   7  69.1  232  -180    52   2.3 0.006185      0.83     0.83     0.80     0.76     0.67     0.57 -1
1996 299  6 2229 51 52  60  43   4.0   3.5 -20.3  48.5   2.2   2.5  -1.2   1.7  -2.2   0.2   1.8   0.6   0.7   1.5   69839.   3.8  473.  -0.6  -1.6 0.030    6075.   0.3    6.   0.7   1.3 0.002  1.59   1.04   1.96  11.5  7.0 0.0090 30   7   -42  15  69.1  314  -261    53   3.3 0.006185      0.79     0.78     0.75     0.71     0.62     0.49 -1
1996 299  7 2229 51 52  59  41   4.1   3.3 -24.8  62.1   1.4   2.7  -1.4   1.7  -2.5   0.2   2.2   1.6   0.9   1.3   71154.   3.8  470.  -1.1  -1.6 0.029    7260.   0.2   11.   1.0   1.1 0.002  1.56   1.18   1.88  11.2  6.9 0.0095 30   7   -44  15  69.1  313  -188   125   2.5 0.006185      0.82     0.82     0.79     0.75     0.66     0.53 -1
1996 299  8 2229 51 52  60  44   3.8   2.8  -1.3  97.6  -0.4   2.8  -0.1   2.4  -1.5   0.3   2.6   1.6   1.1   1.6   70811.   3.8  452.  -1.0  -2.5 0.028    4599.   0.2   11.   1.3   1.6 0.002  1.44   0.68   2.18  11.6  6.8 0.0088 30   7   -43  15  69.1  300  -235    65   2.2 0.006185      0.83     0.83     0.80     0.76     0.66     0.54 -1
1996 299  9 2229 51 52  59  41   3.9   3.6 -15.3  59.3   1.8   3.0  -1.0   2.1  -2.4   0.2   1.2   0.9   0.5   0.8   66635.   3.9  459.  -1.1  -1.6 0.029    5014.   0.2    6.   0.6   0.8 0.001  1.53   1.10   2.08  11.6  6.9 0.0088 20   7   -41   7  69.1  328  -269    59   2.6 0.006185      0.90     0.90     0.87     0.83     0.73     0.56 -1
1996 299 10 2229 51 52  59  43   3.9   3.5 -14.0 166.5  -3.3   0.8  -0.9   0.2  -1.2   0.1   1.5   1.1   0.9   0.7   78352.   3.4  424.   0.9  -2.0 0.034    5129.   0.2    6.   0.7   0.6 0.002  1.16   0.51   1.92  10.0  6.1 0.0118 20   7   -42   7  69.1  237  -179    58   1.9 0.006185      0.66     0.65     0.61     0.57     0.47     0.36 -1
1996 299 11 2229 51 52  60  42   3.9   3.7  -9.4 171.1  -3.6   0.6  -0.6   0.2  -0.8   0.1   1.1   0.2   0.7   0.8   71694.   3.3  421.   0.8  -2.3 0.035    9383.   0.1    3.   1.0   1.0 0.002  1.11   0.34   1.81   9.8  6.1 0.0124 20   7   -39   7  69.1  205  -162    42   0.6 0.006185      0.92     0.91     0.88     0.85     0.76     0.64 -1
1996 299 12 2229 51 52  61  43   3.8   3.4  -9.2 107.7  -1.0   3.2  -0.5   2.5  -2.0   0.2   1.6   1.4   0.6   0.6   64960.   3.5  433.  -2.1  -2.2 0.028    6697.   0.2    9.   0.7   0.8 0.003  1.22   0.87   1.95  10.7  6.5 0.0105 13   7   -34   5  69.1  161  -101    60   1.5 0.006185 999999.99 99999.99 99999.99 99999.99 99999.99 99999.99  0
1996 299 13 2229 51 52  60  42   3.5   2.6 -16.5  67.0   1.0   2.3  -0.7   1.7  -1.7   0.1   2.3   2.0   1.0   0.6   65095.   3.9  441.  -0.3  -1.7 0.027    7902.   0.3   11.   0.9   0.7 0.002  1.40   0.75   2.56  12.4  6.9 0.0077 13   7   -33   5  69.1  212  -140    72   1.4 0.006185      0.90     0.89     0.87     0.84     0.75     0.66 -1
1996 299 14 2229 51 52  59  41   3.4   2.7 -19.3  83.1   0.3   2.5  -0.9   1.9  -1.9   0.3   2.0   1.5   0.7   1.1   62462.   4.2  436.  -0.7  -1.8 0.027    4619.   0.2    7.   0.6   0.8 0.002  1.48   0.83   2.88  13.1  7.0 0.0069 13   7   -35   5  69.1  220  -174    45   1.6 0.006185      0.86     0.85     0.82     0.78     0.70     0.58 -1
1996 299 15 2229 51 52  60  42   3.1   2.5 -22.9  91.0   0.0   2.3  -1.0   1.7  -1.8   0.3   1.7   1.3   0.6   0.9   67749.   4.5  432.  -0.4  -1.9 0.029    4799.   0.1    6.   0.5   0.7 0.002  1.57   0.78   3.82  14.8  7.1 0.0054  7   7   -35   3  69.1  231  -194    37   1.7 0.006185      0.78     0.77     0.75     0.70     0.61     0.50 -1
1996 299 16 2229 51 52  60  43   3.2   3.0  -4.7 112.8  -1.2   2.8  -0.2   2.6  -1.1   0.2   0.9   0.3   0.5   0.6   61494.   4.3  426.  -1.1  -1.9 0.026    2986.   0.2    2.   0.5   0.3 0.002  1.44   0.47   3.32  13.8  7.0 0.0062  7   7   -34   3  69.1  192  -170    21   1.3 0.006185      0.86     0.86     0.83     0.79     0.69     0.56 -1
1996 299 17 2229 51 52  60  39   3.1   2.7 -10.5  96.6  -0.3   2.7  -0.5   2.4  -1.3   0.2   1.3   0.8   0.3   1.0   60831.   4.4  429.  -0.8  -1.7 0.025    3703.   0.1    5.   0.4   0.8 0.001  1.49   0.56   3.60  14.5  7.2 0.0056  7   7   -32   3  69.1  141  -121    21   1.2 0.006185      0.83     0.82     0.79     0.75     0.67     0.54 -1
1996 299 18 2229 51 52  58  41   3.2   2.6  -2.9 147.2  -2.2   1.4  -0.1   1.3  -0.5   0.1   1.8   1.5   1.0   0.4   58486.   4.2  415.   0.2  -2.1 0.027    3086.   0.2    9.   0.8   0.4 0.003  1.34   0.21   3.19  13.3  6.9 0.0067 17   7   -33   6  69.1  120  -100    20   0.8 0.006185      0.85     0.84     0.82     0.78     0.68     0.55 -1
1996 299 19 2229 51 52  61  43   3.2   2.3 -18.5 103.2  -0.5   2.1  -0.7   1.9  -1.1   0.1   2.2   1.9   1.0   0.5   54689.   4.1  416.  -0.4  -1.7 0.024    7321.   0.2    6.   0.9   0.3 0.003  1.30   0.46   3.05  13.2  6.9 0.0069 17   7   -33   6  69.1  140  -104    36   0.6 0.006185      0.86     0.86     0.83     0.79     0.70     0.57 -1
1996 299 20 2229 51 52  60  24   3.3   3.1 -11.6  43.0   2.3   2.1  -0.6   2.0  -1.0   0.1   0.9   0.6   0.6   0.3   44723.   4.0  421.  -0.8  -1.7 0.019    7276.   0.1    3.   0.5   0.4 0.002  1.27   0.42   2.64  12.8  7.0 0.0073 17   7   -31   6  69.1  184  -157    27   1.1 0.006185      0.86     0.86     0.83     0.79     0.69     0.56 -1
1996 299 21 2229 51 52  58  41   3.2   2.8 -16.4  91.7  -0.1   2.7  -0.8   2.5  -1.2   0.1   1.3   1.1   0.6   0.4   53235.   4.1  403.  -0.7  -1.4 0.022    8898.   0.2    6.   0.7   0.4 0.003  1.21   0.48   3.02  12.8  6.7 0.0073 10   7   -31   4  69.1  122   -96    26   0.8 0.006185      0.84     0.83     0.81     0.76     0.67     0.54 -1
1996 299 22 2229 51 52  60  43   3.1   3.0  -5.4 152.5  -2.7   1.4  -0.3   1.3  -0.5   0.1   0.8   0.3   0.6   0.4   54158.   4.0  391.   0.6  -1.9 0.026    4530.   0.2    3.   0.4   0.3 0.002  1.13   0.20   3.16  12.6  6.5 0.0075 10   7   -30   4  69.1   66   -38    28   0.8 0.006185      0.90     0.90     0.87     0.82     0.72     0.58 -1
1996 299 23 2229 51 52  60  44   3.3   3.2  -7.9 146.3  -2.6   1.7  -0.4   1.6  -0.7   0.2   0.9   0.4   0.6   0.5   52113.   3.9  389.   0.2  -1.3 0.025    3579.   0.1    3.   0.5   0.5 0.003  1.08   0.27   2.69  11.6  6.4 0.0088 10   7   -27   4  69.1   50   -21    29   0.6 0.006185      0.82     0.81     0.79     0.75     0.65     0.52 -1
1996 300  0 2229 51 52  61  42   3.4   2.7  -5.3 129.2  -1.7   2.1  -0.3   2.0  -0.7   0.1   2.0   1.4   1.0   1.0   51902.   3.9  392.  -0.6  -1.3 0.026    8625.   0.2    6.   0.8   0.8 0.003  1.10   0.27   2.53  11.4  6.4 0.0092 27   7   -26  12  70.3   57   -32    26   0.4 0.006188      0.81     0.81     0.78     0.74     0.66     0.55 -1
1996 300  1 2229 51 52  59  41   3.7   3.3  -3.8  98.8  -0.5   3.3  -0.2   3.2  -0.9   0.1   1.5   0.7   0.6   1.2   41543.   4.0  390.  -1.3  -1.1 0.024    4568.   0.2    4.   0.4   1.0 0.002  1.11   0.35   2.07  10.5  6.3 0.0107 27   7   -24  12  70.3  183  -142    40   1.7 0.006188      0.76     0.75     0.73     0.69     0.61     0.49 -1
1996 300  2 2229 51 52  59  44   4.0   3.4   9.5 140.0  -2.6   2.2   0.6   2.3   0.0   0.3   2.1   0.7   1.0   1.7   40436.   4.2  379.  -0.7  -0.9 0.022    5944.   0.3    5.   0.7   1.1 0.002  1.10  -0.00   1.84   9.7  6.0 0.0126 27   7   -23  12  70.3   73   -33    40   0.7 0.006188 999999.99 99999.99 99999.99 99999.99 99999.99 99999.99  0
1996 300  3 2229 51 52  60  40   4.4   4.2 -40.9 132.0  -2.1   2.4  -2.8   1.5  -3.4   0.2   1.0   0.6   0.7   0.5   39045.   4.3  379.  -1.2   1.0 0.022    2896.   0.2    4.   0.5   0.4 0.002  1.12   1.29   1.55   8.9  5.8 0.0149 13   7   -23   5  70.3   78   -32    46   0.9 0.006188 999999.99 99999.99 99999.99 99999.99 99999.99 99999.99  0
1996 300  4 2229 51 52  59  43   4.0   3.8 -42.6 168.5  -2.7   0.6  -2.6  -0.3  -2.6   0.1   1.3   0.6   1.1   0.4   36978.   3.7  372.  -0.3   1.5 0.024    3892.   0.3    4.   1.1   0.8 0.003  0.94   0.97   1.59   8.9  5.8 0.0149 13   7   -27   5  70.3  100   -56    44   0.8 0.006188      0.86     0.86     0.83     0.80     0.68     0.53 -1
1996 300  5 2229 51 52  60  43   3.9   3.0 -26.1 115.4  -1.1   2.4  -1.3   1.7  -2.1   0.1   2.5   1.9   1.2   1.0   35521.   3.8  375.  -1.3   0.9 0.022    3813.   0.2    7.   0.9   1.0 0.002  0.97   0.79   1.70   9.4  6.0 0.0135 13   7   -27   5  70.3  123   -48    75   1.1 0.006188      0.88     0.87     0.84     0.80     0.69     0.58 -1
1996 300  6 2229 51 52  62  43   3.4   2.4  -6.3  97.5  -0.3   2.4  -0.3   2.0  -1.3   0.2   2.3   1.9   0.6   1.2   45772.   4.2  384.  -1.4  -0.3 0.025    7209.   0.2   11.   0.6   1.0 0.003  1.14   0.50   2.63  11.6  6.4 0.0089 10   7   -27   4  70.3  137   -49    89   1.3 0.006188      0.78     0.78     0.75     0.71     0.62     0.51 -1
1996 300  7 2229 51 52  58  40   3.4   2.8   0.4 102.0  -0.6   2.8   0.0   2.5  -1.3   0.1   1.8   1.3   0.6   1.1   42138.   4.2  379.  -1.5  -0.2 0.024    5668.   0.2    9.   0.7   1.2 0.002  1.10   0.49   2.58  11.4  6.4 0.0091 10   7   -26   4  70.3  141   -86    55   1.0 0.006188      0.88     0.87     0.84     0.80     0.71     0.57 -1
1996 300  8 2229 51 52  60  45   3.3   2.7 -14.1  78.8   0.5   2.6  -0.7   1.9  -1.9   0.1   1.9   1.6   0.8   0.6   41642.   4.6  380.  -1.7   0.5 0.024    6077.   0.2    8.   0.8   0.5 0.002  1.22   0.72   2.99  12.3  6.5 0.0078 10   7   -25   4  70.3  152  -130    23   1.1 0.006188      0.84     0.83     0.82     0.77     0.67     0.56 -1
1996 300  9 2229 51 52  61  41   3.4   3.0 -12.0  70.0   1.0   2.8  -0.6   2.1  -1.9   0.2   1.5   0.6   0.3   1.3   36611.   4.7  382.  -2.2   0.2 0.022    4625.   0.1    3.   0.3   1.2 0.001  1.25   0.73   2.79  12.2  6.6 0.0080  7   7   -27   3  70.3  175  -152    23   1.7 0.006188      0.87     0.87     0.83     0.79     0.67     0.52 -1
1996 300 10 2229 51 52  59  43   3.3   3.0 -15.5  98.6  -0.4   2.8  -0.8   2.0  -2.1   0.4   1.4   0.8   0.5   1.0   43936.   4.5  370.  -2.3   0.7 0.024    6183.   0.2    5.   0.5   0.9 0.003  1.13   0.78   2.96  11.9  6.3 0.0084  7   7   -30   3  70.3  130  -103    27   1.0 0.006188      0.73     0.73     0.72     0.68     0.64     0.58 -1
1996 300 11 2229 51 52  58  37   3.7   3.4 -42.1 139.7  -1.9   1.6  -2.3   0.2  -2.8   0.2   1.4   0.9   0.8   0.7   40175.   4.4  363.  -1.6   1.9 0.023    3006.   0.3    5.   0.5   0.6 0.002  1.06   1.02   2.25  10.3  6.0 0.0112  7   7   -32   3  70.3  148  -107    41   0.7 0.006188      1.56     1.56     1.55     1.52     1.24     0.89 -1
1996 300 12 2229 51 52  60  44   3.8   3.5  -3.9 163.0  -3.4   1.0  -0.2   0.8  -0.7   0.2   1.4   0.3   0.5   1.3   35167.   4.2  348.  -1.5   0.7 0.024    3413.   0.3    3.   0.7   1.6 0.002  0.93   0.24   1.98   9.4  5.7 0.0135  7   7   -29   3  70.3   83   -58    25   0.2 0.006188      0.84     0.83     0.81     0.77     0.67     0.54 -1
1996 300 13 2229 51 52  61  43   3.7   3.1 -21.6 132.0  -2.0   2.2  -1.2   1.4  -2.1   0.1   1.9   1.2   0.7   1.2   37829.   4.4  355.  -2.0   1.3 0.022    4364.   0.3    8.   0.6   1.3 0.002  1.01   0.75   2.22  10.1  5.9 0.0117  7   7   -25   3  70.3   61   -26    34   0.6 0.006188      0.82     0.81     0.79     0.75     0.66     0.53 -1
1996 300 14 2229 51 52  61  42   3.7   3.4   3.3  89.0   0.1   3.4   0.2   3.2  -1.3   0.1   1.4   0.6   0.3   1.2   33492.   4.7  365.  -3.0  -0.2 0.019    4005.   0.2    4.   0.4   1.1 0.001  1.13   0.47   2.31  10.7  6.2 0.0104  7   7   -24   3  70.3  118  -100    18   0.9 0.006188      0.87     0.86     0.83     0.79     0.69     0.57 -1
1996 300 15 2229 51 52  59  42   3.8   3.6  -1.6 104.6  -0.9   3.5  -0.1   3.2  -1.4   0.2   1.1   0.8   0.2   0.7   33287.   5.2  361.  -2.8  -0.8 0.019    4007.   0.3    3.   0.2   0.5 0.002  1.22   0.51   2.42  10.8  6.2 0.0101 13   7   -22   5  70.3  141  -136     5   0.9 0.006188      0.84     0.83     0.81     0.77     0.68     0.55 -1
1996 300 16 2229 51 52  61  45   3.8   3.6   5.4  61.5   1.7   3.2   0.3   3.1  -0.8   0.1   1.1   0.7   0.4   0.8   25008.   5.5  372.  -2.2  -1.6 0.018    2615.   0.2    4.   0.3   0.8 0.001  1.36   0.30   2.43  11.5  6.5 0.0090 13   7   -21   5  70.3  138  -126    12   0.9 0.006188      0.85     0.85     0.81     0.77     0.67     0.53 -1
1996 300 17 2229 51 52  59  43   4.0   4.0  -3.8  58.4   2.1   3.4  -0.3   3.2  -1.3   0.1   0.7   0.6   0.3   0.3   23717.   5.6  372.  -2.4  -1.2 0.018    1844.   0.2    4.   0.3   0.4 0.001  1.39   0.48   2.21  11.0  6.4 0.0098 13   7   -20   5  70.3   73   -61    12   0.9 0.006188      0.82     0.81     0.79     0.74     0.65     0.53 -1
1996 300 18 2229 51 52  59  41   4.0   3.9  -8.3  80.7   0.6   3.8  -0.6   3.5  -1.5   0.2   0.9   0.5   0.2   0.8   23909.   5.8  363.  -2.9  -1.0 0.018    3217.   0.3    3.   0.4   0.6 0.001  1.37   0.54   2.30  10.9  6.3 0.0100  3   7   -19   2  70.3   78   -63    14   0.9 0.006188      0.83     0.83     0.80     0.76     0.65     0.52 -1
1996 300 19 2229 51 52  61  44   3.9   3.4  -1.2 101.2  -0.7   3.4  -0.1   3.3  -0.8   0.1   1.7   1.2   0.5   1.1   28260.   5.4  354.  -2.5  -1.5 0.019    5603.   0.3    7.   0.5   1.1 0.002  1.22   0.28   2.31  10.5  6.1 0.0107  3   7   -20   2  70.3   52   -41    10   0.5 0.006188      0.83     0.82     0.80     0.75     0.66     0.54 -1
1996 300 20 2229 51 52  59  42   4.1   4.0   2.5 107.6  -1.2   3.8   0.2   3.8  -0.5   0.1   0.9   0.7   0.2   0.5   26683.   5.6  352.  -2.7  -1.4 0.018    2944.   0.2    4.   0.3   0.4 0.002  1.24   0.18   2.15  10.2  6.0 0.0115  3   7   -20   2  70.3  105   -86    19   0.8 0.006188      0.86     0.86     0.83     0.79     0.69     0.57 -1
1996 300 21 2229 51 52  59  43   4.0   3.9  18.0 102.8  -0.8   3.6   1.2   3.7   0.6   0.1   1.1   0.9   0.2   0.5   27561.   5.8  350.  -3.1  -2.0 0.016    2631.   0.3    7.   0.2   0.5 0.001  1.26  -0.21   2.35  10.5  6.1 0.0107  3   7   -21   2  70.3   35   -19    16   0.5 0.006188      0.82     0.81     0.78     0.74     0.65     0.53 -1
1996 300 22 2229 51 52  59  43   3.8   3.5  21.5  95.4  -0.3   3.3   1.3   3.5   0.8   0.1   1.3   1.1   0.3   0.7   26837.   5.8  349.  -2.8  -1.7 0.017    4543.   0.4    5.   0.4   0.7 0.003  1.26  -0.28   2.59  11.1  6.1 0.0097  3   7   -21   2  70.3   20    -4    16   0.2 0.006188      0.83     0.83     0.80     0.75     0.66     0.56 -1
1996 300 23 2229 51 52  62  46   4.0   3.3  17.7  78.1   0.6   3.0   1.0   3.1   0.5   0.1   2.2   1.8   0.4   1.2   21953.   5.9  354.  -2.8  -1.2 0.019    3485.   0.4   10.   0.4   1.4 0.002  1.33  -0.18   2.31  10.7  6.2 0.0103  3   7   -19   2  70.3   25     0    25   0.2 0.006188      0.85     0.85     0.82     0.77     0.70     0.58 -1
1996 301  0 2229 51 52  60  40   4.1   3.5   1.6 125.8  -2.0   2.8   0.1   2.8  -0.4   0.2   2.1   1.4   1.3   0.8   30066.   5.7  339.  -2.8  -0.5 0.021    5645.   0.5   10.   1.3   1.1 0.003  1.19   0.14   2.23   9.9  5.8 0.0122  7   7   -19   3  71.2   27    -4    23   0.2 0.006180      1.26     1.25     1.23     1.18     1.08     0.92 -1
1996 301  1 2229 51 52  59  43   4.2   3.7  -4.9 126.2  -2.2   3.0  -0.3   2.9  -0.9   0.2   1.8   0.9   0.7   1.3   32034.   6.1  344.  -3.5  -0.7 0.020    2960.   0.4    5.   0.5   1.1 0.002  1.30   0.31   2.31  10.1  5.8 0.0116  7   7   -20   3  71.2   38   -17    22   0.7 0.006180      0.86     0.86     0.82     0.78     0.68     0.55 -1
1996 301  2 2229 51 52  60  44   4.2   4.1   3.2 142.5  -3.2   2.5   0.2   2.5  -0.4   0.1   0.9   0.3   0.4   0.8   30758.   6.3  339.  -3.5  -1.3 0.021    1946.   0.3    2.   0.3   0.5 0.002  1.31   0.14   2.36  10.1  5.8 0.0116  7   7   -21   3  71.2   39   -15    23   0.6 0.006180      0.89     0.88     0.86     0.82     0.71     0.56 -1
1996 301  3 2229 51 52  60  42   4.3   4.1 -26.6 103.4  -0.8   3.5  -1.8   2.8  -2.7   0.2   1.5   0.7   0.8   1.1   27625.   7.6  350.  -3.6   0.3 0.020    2932.   0.5    3.   0.6   0.6 0.002  1.68   0.95   2.67  11.2  6.2 0.0094  7   7   -20   3  71.2   67   -28    39   0.8 0.006180 999999.99 99999.99 99999.99 99999.99 99999.99 99999.99  0
1996 301  4 2229 51 52  61  43   4.4   4.1  18.4  96.4  -0.4   3.9   1.3   4.1  -0.1   0.3   1.5   1.2   0.6   0.7   28400.   8.3  350.  -4.0  -1.1 0.020    2283.   0.6    5.   0.3   0.4 0.002  1.83   0.04   2.80  11.5  6.2 0.0091  7   7   -21   3  71.2   77   -36    41   0.6 0.006180 999999.99 99999.99 99999.99 99999.99 99999.99 99999.99  0
1996 301  5 2229 51 52  60  43   4.2   3.9  25.5  76.6   0.8   3.5   1.7   3.9   0.2   0.1   1.5   0.5   0.8   1.2   27736.   9.5  353.  -3.7  -0.5 0.020    3275.   0.5    2.   0.5   0.6 0.002  2.14  -0.07   3.50  13.0  6.5 0.0071  7   7   -18   3  71.2   88   -45    44   0.7 0.006180 999999.99 99999.99 99999.99 99999.99 99999.99 99999.99  0
1996 301  6 2229 51 52  61  41   4.1   3.8  42.8  40.4   2.1   1.8   2.6   2.7   1.6   0.2   1.4   0.7   1.0   0.7   27690.  11.5  359.  -3.7  -0.4 0.020    2271.   0.8    3.   0.4   0.5 0.001  2.67  -0.57   4.44  14.8  6.8 0.0054  7   7   -15   3  71.2   80   -37    43   0.4 0.006180 999999.99 99999.99 99999.99 99999.99 99999.99 99999.99  0
1996 301  7 2229 51 52  60  43   4.4   3.5   8.5 109.8  -1.2   3.2   0.5   3.1  -1.0   0.4   2.5   2.0   0.7   1.5   28615.  12.3  355.  -4.8   1.1 0.016    2526.   0.8    4.   0.6   0.8 0.003  2.75   0.35   4.15  14.1  6.6 0.0059  7   7   -14   3  71.2  144   -90    53   0.6 0.006180 999999.99 99999.99 99999.99 99999.99 99999.99 99999.99  0
1996 301  8 2229 51 52  60  44   5.3   4.8 -25.7 126.2  -2.5   3.5  -2.1   2.0  -3.5   0.5   2.3   1.0   0.7   2.0   26620.  15.5  360.  -6.2   2.8 0.017    3063.   2.1    3.   0.5   1.0 0.002  3.58   1.26   3.56  13.4  6.6 0.0067  7   7   -14   3  71.2  177  -142    36   1.3 0.006180 999999.99 99999.99 99999.99 99999.99 99999.99 99999.99  0
1996 301  9 2229 51 52  61  41   4.4   3.6  51.3  75.1   0.6   2.2   2.8   3.3   1.3   1.0   2.7   1.3   1.2   2.0   18629.  22.3  367.  -6.1   2.3 0.015    3356.   1.7    3.   0.6   0.5 0.004  5.32  -0.48   7.04  19.7  7.4 0.0031 23   7   -14   9  71.2  261  -182    79   1.4 0.006180 999999.99 99999.99 99999.99 99999.99 99999.99 99999.99  0
1996 301 10 2229 51 52  61  43   4.8   4.3   0.9 298.8   2.1  -3.8   0.1  -3.2   2.0   1.3   2.5   1.1   1.5   1.7   26040.  24.5  375.  -4.4   2.1 0.032    2801.   3.2    2.   0.4   0.8 0.008  6.49  -0.75   6.83  19.3  7.4 0.0032 23   7    -6   9  71.2  114   -39    75   0.8 0.006180 999999.99 99999.99 99999.99 99999.99 99999.99 99999.99  0
1996 301 11 2229 51 52  59  42   5.8   5.3  22.4 317.9   3.6  -3.3   2.0  -1.9   3.4   2.6   3.5   2.5   1.6   1.9   34400.  17.8  372.  -6.6   3.3 0.024    5995.   6.0    4.   0.7   0.8 0.004  4.51  -1.26   3.58  13.5  6.7 0.0065 23   7    -7   9  71.2   43   -12    31   0.1 0.006180 999999.99 99999.99 99999.99 99999.99 99999.99 99999.99  0
1996 301 12 2229 51 52  61  44   7.6   7.1  -1.7 301.5   3.7  -6.1  -0.2  -5.4   2.8   3.0   4.0   2.3   3.1   1.1   44844.  16.3  378.  -5.6   4.7 0.033   11783.   6.9    4.   1.0   0.6 0.004  4.40  -1.06   2.03  10.0  6.0 0.0118 20   7    -8   7  71.2   38   -12    25   0.1 0.006180      0.79     0.79     0.75     0.71     0.62     0.50 -1
1996 301 13 2229 51 52  59  43   9.4   9.0   3.0 302.1   4.8  -7.6   0.5  -6.5   3.9   0.3   2.7   1.3   1.1   2.1   61792.  11.7  382.  -4.0   5.1 0.034    4502.   0.8    3.   0.7   0.6 0.006  3.24  -1.49   1.05   7.0  5.0 0.0246 20   7    -7   7  71.2   49   -31    18  -0.0 0.006180      0.87     0.86     0.83     0.79     0.70     0.56 -1
1996 301 14 2229 51 52  60  43   9.9   9.7   2.7 310.7   6.3  -7.4   0.5  -6.5   3.6   0.5   1.5   0.6   0.9   1.0   71995.  10.6  381.  -3.9   4.9 0.034    3157.   1.0    2.   0.7   0.6 0.003  2.92  -1.37   0.90   6.3  4.7 0.0303 20   7    -8   7  71.2   41   -19    23  -0.0 0.006180      0.82     0.82     0.79     0.75     0.66     0.54 -1
1996 301 15 2229 51 52  60  41   9.2   9.2  -2.5 312.3   6.2  -6.8  -0.4  -6.4   2.2   0.2   0.8   0.4   0.4   0.6   70072.  11.6  376.  -4.8   4.3 0.036    1927.   0.3    2.   0.2   0.5 0.002  3.13  -0.83   1.13   7.0  4.9 0.0246  3   7    -6   2  71.2   68   -31    37   0.1 0.006180      0.85     0.84     0.81     0.77     0.67     0.54 -1
1996 301 16 2229 51 52  59  43   7.8   7.5  -1.5 342.9   7.2  -2.2  -0.2  -2.1   0.6   0.7   2.3   0.4   2.1   0.8   84029.  11.3  368.  -1.1   4.5 0.055   12094.   0.7    3.   1.8   0.7 0.010  3.12  -0.22   1.64   7.9  5.1 0.0189  3   7    -6   2  71.2   37   -11    26   0.2 0.006180      0.85     0.85     0.82     0.78     0.70     0.57 -1
1996 301 17 2229 51 52  62  45   6.8   6.2  -9.8  13.5   5.9   1.4  -1.1   1.0  -1.5   0.8   2.8   1.9   1.6   1.1   79937.  11.7  366.   1.1   3.2 0.051    7963.   0.4    7.   0.8   0.5 0.006  3.15   0.55   2.19   9.2  5.4 0.0140  3   7    -9   2  71.2   31   -12    19   0.4 0.006180      0.82     0.81     0.79     0.74     0.64     0.51 -1
1996 301 18 2229 51 52  58  40   5.6   4.6  23.5  74.3   1.1   4.0   1.8   4.3   0.8   0.7   3.3   2.7   1.8   0.6   74278.  12.5  378.   1.9   4.1 0.040   11064.   0.6    7.   0.9   0.3 0.008  3.46  -0.30   3.36  11.9  6.0 0.0084  7   7   -10   3  71.2   27   -16    12   0.4 0.006180      0.84     0.83     0.80     0.76     0.66     0.54 -1
1996 301 19 2229 51 52  60  43   5.7   5.4  15.4 350.5   5.1  -0.9   1.4  -0.6   1.6   1.2   2.1   1.0   1.7   0.9   76419.  11.6  367.  -0.2   3.7 0.051    8516.   0.7    2.   0.9   0.5 0.002  3.14  -0.59   3.04  11.0  5.8 0.0099  7   7    -6   3  71.2   22    -4    18  -0.0 0.006180      0.85     0.84     0.82     0.77     0.69     0.56 -1
1996 301 20 2229 51 52  61  43   7.6   7.2  -8.3 318.6   5.3  -4.7  -1.0  -4.8  -0.1   0.7   2.4   1.0   1.2   1.8   66520.  11.0  372.  -3.7   1.6 0.029   10403.   0.9    4.   1.3   1.5 0.007  2.84   0.04   1.54   8.1  5.3 0.0181  7   7    -6   3  71.2   42   -21    21   0.3 0.006180      0.86     0.85     0.82     0.77     0.68     0.56 -1
1996 301 21 2229 51 52  60  41   8.1   8.0 -16.5 318.8   5.8  -5.0  -2.3  -5.3  -1.5   0.2   1.2   0.6   0.5   0.9   70900.   8.6  373.  -3.8   0.2 0.034    7310.   0.7    3.   0.7   0.6 0.006  2.27   0.56   1.09   6.8  4.8 0.0261 17   7   -12   6  71.2   82   -38    43   0.5 0.006180      0.92     0.91     0.88     0.84     0.75     0.62 -1
1996 301 22 2229 51 52  62  46   7.8   7.2 -18.0 314.6   4.8  -4.9  -2.2  -5.2  -1.4   0.6   2.7   1.8   1.0   1.8   93943.  10.9  383.  -3.3  -0.7 0.052   11128.   2.0    8.   0.5   1.2 0.010  3.23   0.54   1.66   8.1  5.2 0.0181 17   7   -10   6  71.2  202  -118    84   1.1 0.006180      0.81     0.80     0.78     0.74     0.66     0.54 -1
1996 301 23 2229 51 52  60  44   9.2   8.3 -15.9 308.7   5.0  -6.2  -2.3  -6.5  -1.3   0.9   3.9   2.7   0.8   2.7   99469.  14.2  405.  -4.0  -2.3 0.052   13697.   1.7   11.   1.0   1.0 0.008  4.70   0.53   1.59   8.3  5.4 0.0173 17   7   -10   6  71.2  205  -101   104   1.5 0.006180      0.87     0.87     0.83     0.79     0.70     0.57 -1
1996 302  0 2229 51 52  64  43  12.8   8.3 -37.5 288.1   2.0  -6.3  -5.1  -7.1  -3.9   1.8   9.8   6.2   2.9   6.9  126270.  12.0  434.  -1.5  -2.7 0.052   44669.   2.9   17.   1.8   1.0 0.015  4.56   1.69   0.78   5.9  4.5 0.0345 37   0   -12  22  67.5  212   -93   119   1.3 0.006098      0.83     0.82     0.79     0.74     0.65     0.54 -1
1996 302  1 2229 51 52  61  43  13.2  10.6  30.9 312.9   6.2  -6.7   5.5  -5.5   6.7   1.0   7.8   2.7   3.3   6.5  166552.  10.0  467.   0.5  -3.2 0.065   22570.   1.0    8.   2.0   2.8 0.018  4.59  -3.13   0.70   5.6  4.4 0.0380 37   0   -17  22  67.5  297  -155   142   1.9 0.006098      0.84     0.83     0.80     0.76     0.68     0.54 -1
1996 302  2 2229 51 52  62  42  12.8   8.5  15.1 311.9   5.5  -6.1   2.2  -5.4   3.6   1.2   9.4   1.7   2.6   8.9  230621.  10.3  491.   3.5  -1.5 0.061   41796.   0.8   14.   1.2   1.5 0.014  5.16  -1.77   0.94   6.2  4.6 0.0314 37   0    -9  22  67.5  142   -24   118   0.9 0.006098      0.87     0.86     0.83     0.79     0.71     0.58 -1
1996 302  3 2229 51 52  60  40  12.4  10.5   2.5 321.4   8.2  -6.5   0.5  -6.1   2.3   1.6   6.7   2.7   3.2   5.2  200713.  12.1  499.   5.0   0.2 0.069   31880.   1.2    6.   0.6   1.6 0.013  6.42  -1.15   1.08   7.0  5.0 0.0243 37   0    -6  22  67.5  156   -35   121   0.9 0.006098      0.79     0.79     0.75     0.71     0.61     0.47 -1
1996 302  4 2229 51 52  59  43   8.7   6.8 -15.6 315.9   4.7  -4.6  -1.8  -4.9  -0.2   1.0   5.3   1.9   3.4   3.6  277711.  13.8  499.   4.1   1.5 0.075   16556.   0.7    5.   0.5   1.3 0.004  7.46   0.10   3.08  10.7  5.6 0.0105 37   0   -10  22  67.5  155   -38   117   1.1 0.006098      0.82     0.81     0.79     0.75     0.66     0.54 -1
1996 302  5 2229 51 52  62  41  11.5  10.0 -22.8 315.5   6.6  -6.5  -3.9  -7.5  -1.1   1.0   5.5   1.9   1.4   5.0  259398.  11.1  504.   2.9  -0.2 0.071   38348.   1.6   17.   1.0   1.3 0.017  6.05   0.55   1.35   7.3  5.0 0.0223 37   0   -14  22  67.5  266  -124   142   1.2 0.006098      0.86     0.85     0.83     0.79     0.70     0.58 -1
1996 302  6 2229 51 52  61  45  11.4  10.1  -4.5 314.9   7.1  -7.2  -0.8  -6.9   2.3   0.7   5.1   2.1   1.4   4.4  351335.   7.8  548.   3.6  -1.4 0.053   36317.   0.8   11.   1.4   1.1 0.015  4.74  -1.26   1.20   6.7  4.7 0.0264 30   0   -18  15  67.5  376  -177   198   2.7 0.006098      0.89     0.88     0.85     0.81     0.72     0.62 -1
1996 302  7 2229 51 52  61  44   8.6   6.7  -1.9 338.9   6.2  -2.4  -0.2  -2.2   0.9   1.1   5.1   1.4   3.4   3.5  403374.   6.8  578.   4.3   0.5 0.060   35481.   0.6   13.   1.5   1.3 0.020  4.70  -0.52   2.03   8.8  5.3 0.0155 30   0   -17  15  67.5  185   -74   111   1.8 0.006098 999999.99 99999.99 99999.99 99999.99 99999.99 99999.99  0
1996 302  8 2229 51 52  60  43   8.1   6.2  -5.8 337.2   5.7  -2.4  -0.6  -2.4   0.6   0.5   5.0   1.6   3.4   3.3  404988.   6.6  595.   3.4   0.3 0.046   29602.   0.3    9.   1.8   1.5 0.009  4.62  -0.36   2.23   9.4  5.5 0.0134 30   0   -20  15  67.5  220  -101   119   2.3 0.006098 999999.99 99999.99 99999.99 99999.99 99999.99 99999.99  0
1996 302  9 2229 51 52  60  42   8.6   7.7  12.6 314.7   5.3  -5.3   1.7  -3.7   4.1   0.3   3.4   1.5   1.5   2.7  353437.   7.0  594.   2.2   0.9 0.040   22178.   0.5    7.   0.8   1.4 0.008  4.78  -2.44   1.90   9.1  5.6 0.0142 27   0   -20  12  67.5  165   -60   104   0.3 0.006098 999999.99 99999.99 99999.99 99999.99 99999.99 99999.99  0
1996 302 10 2229 51 52  61  43   7.4   6.7  14.6 322.8   5.1  -3.9   1.7  -2.5   3.4   0.7   3.0   1.3   2.1   1.7  303772.   5.6  601.   2.1  -2.1 0.034   32587.   0.7   10.   1.4   1.1 0.001  3.84  -2.04   1.84   9.6  6.0 0.0129 27   0   -20  12  67.5  234  -157    77   0.6 0.006098 999999.99 99999.99 99999.99 99999.99 99999.99 99999.99  0
1996 302 11 2229 51 52  59  41   6.8   5.7  22.5 319.6   4.0  -3.4   2.2  -1.9   3.6   0.5   3.5   1.3   2.3   2.3  266551.   4.5  606.   1.4  -2.6 0.038   22410.   0.4    9.   1.0   1.6 0.000  3.18  -2.18   1.60   9.5  6.1 0.0133 27   0   -19  12  67.5  297  -199    98   0.8 0.006098 999999.99 99999.99 99999.99 99999.99 99999.99 99999.99  0
1996 302 12 2229 51 52  60  43   6.3   5.2  35.0 325.7   3.5  -2.4   3.0  -0.7   3.8   0.4   3.4   1.7   2.3   1.9  249859.   4.4  607.   1.3  -2.2 0.032   27979.   0.4   15.   1.9   1.4 0.005  3.05  -2.31   1.74  10.1  6.4 0.0116 23   0   -19   9  67.5  204  -146    58   0.2 0.006098 999999.99 99999.99 99999.99 99999.99 99999.99 99999.99  0
1996 302 13 2229 51 52  61  40   6.9   6.5  14.1 316.7   4.6  -4.3   1.6  -3.1   3.4   0.4   2.4   1.2   1.7   1.2  219636.   4.0  597.  -0.2  -3.0 0.032   47082.   0.4   10.   1.6   1.2 0.002  2.69  -2.03   1.22   8.7  6.0 0.0159 23   0   -17   9  67.5   97   -38    59   0.4 0.006098      0.85     0.83     0.80     0.76     0.67     0.54 -1
1996 302 14 2229 51 52  58  43   5.9   3.9  16.5 359.4   3.7   0.0   1.1   0.5   1.0   1.5   4.6   2.9   3.4   0.9  258017.   5.1  580.   2.5  -1.4 0.034   41791.   0.5   21.   2.2   0.8 0.007  3.25  -0.58   2.35  11.1  6.4 0.0097 23   0   -14   9  67.5   71   -18    53   0.2 0.006098      0.87     0.85     0.82     0.78     0.69     0.56 -1
1996 302 15 2229 51 52  59  42   6.9   4.6  33.2  30.4   3.3   1.9   2.5   2.7   1.6   0.5   4.9   1.8   4.1   2.1  256442.   5.4  566.   4.6  -0.2 0.046   31438.   0.5   15.   2.2   1.5 0.012  3.42  -0.91   1.82   9.5  5.9 0.0131 23   0   -13   9  67.5  158  -118    41   0.8 0.006098      0.82     0.81     0.78     0.74     0.65     0.52 -1
1996 302 16 2229 51 52  60  44   7.7   7.0   0.8 307.6   4.3  -5.5   0.1  -5.2   1.9   0.4   3.1   1.7   1.7   2.0  263640.   5.3  549.   0.6  -2.6 0.055   28531.   0.6   13.   1.1   1.9 0.011  3.25  -1.04   1.46   8.2  5.5 0.0177 23   0   -15   9  67.5  186  -158    28   0.4 0.006098      0.79     0.78     0.75     0.71     0.63     0.52 -1
1996 302 17 2229 51 52  61  43   8.3   7.0  -2.9 319.5   5.3  -4.6  -0.4  -4.5   0.9   0.5   4.0   2.2   2.8   1.8  283212.   5.7  542.   1.2  -3.3 0.055   36051.   0.4   16.   2.0   1.8 0.015  3.41  -0.49   1.42   7.8  5.2 0.0196 23   0   -14   9  67.5  206  -121    85   1.1 0.006098      0.85     0.84     0.81     0.77     0.67     0.54 -1
1996 302 18 2229 51 52  60  43   9.3   8.1   3.3 285.2   2.1  -7.8   0.5  -7.4   2.4   0.5   4.3   3.2   1.3   2.6  253353.   6.0  561.  -0.7  -3.1 0.043   27947.   0.6   22.   0.9   1.9 0.009  3.70  -1.35   1.10   7.4  5.3 0.0218 27   0    -9  12  67.5  219  -141    79   1.5 0.006098      0.80     0.79     0.76     0.72     0.64     0.53 -1
1996 302 19 2229 51 52  61  41   8.6   7.4  11.6 315.6   5.2  -5.1   1.5  -4.7   2.5   0.4   3.9   1.7   2.6   2.3  262482.   5.9  538.   0.6  -2.9 0.049   40769.   0.5   14.   1.9   2.0 0.008  3.41  -1.34   1.30   7.6  5.2 0.0206 27   0    -7  12  67.5  219  -162    57   1.2 0.006098      0.84     0.83     0.80     0.76     0.67     0.54 -1
1996 302 20 2229 51 52  60  44   7.5   5.8 -31.3 298.5   2.4  -4.4  -3.0  -4.9  -2.2   0.8   4.5   2.9   2.9   1.8  307079.   6.2  578.   2.0  -5.0 0.042   32050.   0.7   17.   1.6   1.1 0.011  4.04   1.27   2.00   9.6  5.8 0.0129 27   0    -6  12  67.5  205  -112    93   2.2 0.006098      0.83     0.82     0.79     0.75     0.66     0.56 -1
1996 302 21 2229 51 52  60  41   6.2   3.6  16.1  22.9   3.2   1.3   1.0   1.4   0.8   1.0   4.9   2.8   2.7   3.1  295803.   5.0  594.   5.4  -1.6 0.030   67843.   0.6   16.   1.8   2.2 0.008  3.30  -0.48   2.30  10.7  6.2 0.0104 30   0   -14  15  67.5  331  -182   149   1.7 0.006098      0.77     0.71     0.68     0.65     0.56     0.43 -1
1996 302 22 2229 51 52  61  45   6.2   3.2  18.0   6.9   3.0   0.4   1.0   0.5   0.9   0.6   5.2   2.9   2.0   3.8  286923.   4.2  598.   5.9  -1.0 0.030   46469.   0.5   22.   1.7   2.8 0.010  2.81  -0.54   1.89   9.9  6.1 0.0122 30   0   -16  15  67.5  215  -124    91   1.7 0.006098      0.83     0.79     0.77     0.73     0.65     0.54 -1
1996 302 23 2229 51 52  60  42   6.5   5.3 -41.2 264.3  -0.4  -3.9  -3.5  -4.4  -2.9   0.3   3.5   1.7   1.6   2.6  285831.   4.4  618.   2.9  -4.6 0.031   23992.   0.4   18.   1.3   1.9 0.008  3.15   1.79   1.79  10.0  6.2 0.0120 30   0   -18  15  67.5  346  -220   127   2.4 0.006098      0.90     0.89     0.86     0.82     0.72     0.58 -1
1996 303  0 2229 51 52  60  41   6.6   4.8 -14.9 286.5   1.3  -4.4  -1.2  -4.5  -0.4   0.3   4.3   3.1   1.7   2.5  253630.   3.8  594.   2.5  -2.5 0.029   51690.   0.6   30.   1.2   2.4 0.007  2.50   0.24   1.39   8.8  5.9 0.0155 33   0   -24  18  69.4  438  -281   157   2.6 0.006043      0.86     0.85     0.83     0.79     0.68     0.56 -1
1996 303  1 2229 51 52  59  42   7.1   5.8 -24.7 276.1   0.6  -5.2  -2.4  -5.6  -1.3   0.3   3.7   1.5   1.6   3.0  254190.   4.2  596.   2.0  -3.9 0.029   34121.   0.4   14.   1.5   2.5 0.006  2.78   0.77   1.33   8.6  5.9 0.0161 33   0   -23  18  69.4  279  -132   146   1.3 0.006043      0.88     0.87     0.85     0.81     0.73     0.62 -1
1996 303  2 2229 51 52  60  43   6.7   5.6 -21.0 280.4   0.9  -5.1  -2.0  -5.4  -0.7   0.2   3.2   1.6   1.6   2.3  254223.   4.4  587.   1.7  -3.6 0.031   27816.   0.4   14.   1.4   2.0 0.005  2.85   0.41   1.56   9.2  6.0 0.0141 33   0   -25  18  69.4  295  -149   146   2.0 0.006043      0.73     0.72     0.70     0.66     0.58     0.52 -1
1996 303  3 2229 51 52  60  42   6.8   6.1 -24.8 294.5   2.3  -5.0  -2.6  -5.5  -1.1   0.3   2.7   1.3   1.0   2.1  231322.   4.1  577.   1.4  -4.5 0.037   18692.   0.4   11.   0.8   1.7 0.007  2.62   0.63   1.33   8.6  5.9 0.0161 27   0   -26  12  69.4  341  -160   181   2.7 0.006043      0.86     0.85     0.83     0.79     0.71     0.58 -1
1996 303  4 2229 51 52  59  41   7.1   6.0   0.8 308.0   3.7  -4.8   0.1  -4.5   1.7   0.2   3.4   1.5   1.5   2.7  189235.   3.5  562.   1.3  -2.2 0.047   19712.   0.3   15.   1.4   3.0 0.008  2.19  -0.96   0.92   7.4  5.5 0.0217 27   0   -26  12  69.4  190   -89   101   1.0 0.006043      0.81     0.81     0.77     0.73     0.65     0.53 -1
1996 303  5 2229 51 52  59  39   6.8   6.2   8.3 309.7   3.9  -4.7   0.9  -4.0   2.6   0.1   2.5   1.2   0.7   2.1  167811.   3.4  558.   0.3  -1.1 0.046   14109.   0.3   13.   0.6   1.8 0.003  2.09  -1.45   0.91   7.6  5.7 0.0208 27   0   -21  12  69.4   66    -2    64   0.4 0.006043      0.80     0.79     0.77     0.74     0.67     0.51 -1
1996 303  6 2229 51 52  62  44   7.0   6.4 -17.3 299.9   3.1  -5.3  -1.9  -5.6   0.5   0.2   2.5   1.7   1.1   1.5  153153.   3.4  567.  -0.1  -3.9 0.044   17445.   0.3   19.   0.5   1.5 0.004  2.15  -0.28   0.81   7.5  5.7 0.0213 20   0   -18   7  69.4   99   -20    78   0.7 0.006043      0.78     0.77     0.75     0.71     0.61     0.49 -1
1996 303  7 2229 51 52  60  41   6.7   4.7   7.6 297.5   2.2  -4.2   0.6  -3.5   2.5   0.5   4.6   2.1   2.4   3.2  165569.   3.8  581.   1.0  -1.5 0.044   28271.   0.4   18.   2.2   3.0 0.006  2.52  -1.45   1.04   8.5  6.1 0.0166 20   0   -19   7  69.4  119   -48    71   0.8 0.006043      0.76     0.76     0.73     0.70     0.63     0.52 -1
1996 303  8 2229 51 52  59  43   6.1   4.1  22.4 321.6   3.0  -2.3   1.6  -1.2   2.5   0.2   4.3   1.7   2.9   2.6  176618.   4.2  575.   2.8  -0.8 0.049   16412.   0.3   15.   2.4   2.0 0.007  2.77  -1.44   1.43   9.7  6.5 0.0127 20   0   -20   7  69.4   74    -5    69   0.7 0.006043      0.81     0.81     0.78     0.74     0.65     0.53 -1
1996 303  9 2229 51 52  60  38   6.0   4.7  -1.3 351.2   4.6  -0.7  -0.1  -0.7   0.3   0.2   3.6   1.0   2.3   2.6  182704.   4.3  563.   3.8  -2.0 0.051   12101.   0.4    9.   1.7   2.4 0.007  2.74  -0.17   1.55   9.7  6.4 0.0126 23   0   -17   9  69.4   63    -6    57   0.5 0.006043 999999.99 99999.99 99999.99 99999.99 99999.99 99999.99  0
1996 303 10 2229 51 52  60  43   6.1   5.2 -42.1 329.2   3.3  -2.0  -3.5  -3.5  -2.0   0.1   3.0   1.7   2.3   1.0  161821.   4.8  569.   2.7  -4.9 0.038   13016.   0.3   13.   2.0   0.8 0.003  2.99   1.14   1.56  10.2  6.7 0.0114 23   0   -21   9  69.4  208  -102   106   1.6 0.006043 999999.99 99999.99 99999.99 99999.99 99999.99 99999.99  0
1996 303 11 2229 51 52  60  42   5.5   3.4   1.7 304.2   1.9  -2.8   0.1  -2.4   1.5   0.5   4.0   1.3   1.7   3.4  184279.   4.7  578.   2.0  -1.4 0.044   23916.   0.3   11.   1.6   2.8 0.006  3.08  -0.87   2.02  11.4  6.9 0.0092 23   0   -28   9  69.4  474  -310   164   1.4 0.006043 999999.99 99999.99 99999.99 99999.99 99999.99 99999.99  0
1996 303 12 2229 51 52  59  43   5.5   4.7  24.8 338.9   4.0  -1.5   2.0  -0.4   2.5   0.3   2.6   0.8   2.1   1.2  206890.   4.7  562.   2.8  -0.5 0.053   15149.   0.3    6.   1.3   0.8 0.005  3.00  -1.41   2.17  11.1  6.5 0.0097 33   0   -24  18  69.4  284  -159   125   1.3 0.006043      0.92     0.92     0.91     0.89     0.72     0.56 -1
1996 303 13 2229 51 52  61  43   5.5   4.0  10.9 353.4   3.9  -0.4   0.7   0.0   0.8   0.3   3.7   0.9   2.9   2.1  203692.   4.7  559.   3.2  -1.5 0.052   17471.   0.2    7.   2.1   1.4 0.006  2.96  -0.45   2.15  11.0  6.5 0.0098 33   0   -21  18  69.4  156   -63    93   0.5 0.006043      0.86     0.85     0.82     0.78     0.69     0.56 -1
1996 303 14 2229 51 52  59  40   6.0   4.8   5.5  67.9   1.8   4.4   0.5   4.2  -1.4   0.3   3.3   1.5   2.0   2.2  178005.   4.7  573.   5.3  -1.1 0.040   14176.   0.3   12.   1.7   1.8 0.004  2.99   0.80   1.66  10.4  6.6 0.0111 33   0   -16  18  69.4  303  -210    94   2.0 0.006043      0.81     0.79     0.76     0.71     0.63     0.51 -1
1996 303 15 2229 51 52  61  40   5.3   4.1  -7.2 349.7   4.0  -0.7  -0.5  -0.8  -0.2   0.2   3.2   1.4   2.4   1.6  178508.   3.9  554.   1.6  -1.6 0.047   26202.   0.3   13.   2.3   1.6 0.005  2.37   0.11   1.77  10.3  6.5 0.0112 30   0   -23  15  69.4  568  -512    56   1.9 0.006043      0.80     0.79     0.76     0.72     0.63     0.50 -1
1996 303 16 2229 51 52  61  42   4.9   4.0   7.5 314.8   2.8  -2.8   0.5  -2.5   1.4   0.3   2.6   1.2   1.4   1.8  157530.   3.7  564.  -0.4  -0.4 0.042    9997.   0.2   10.   1.3   1.6 0.003  2.30  -0.79   1.83  11.1  6.9 0.0097 30   0   -24  15  69.4  437  -384    53   1.6 0.006043      0.85     0.84     0.81     0.76     0.68     0.54 -1
1996 303 17 2229 51 52  58  38   4.2   2.4  13.2 337.7   2.1  -0.9   0.5  -0.7   0.7   0.5   3.4   1.9   2.4   1.5  157406.   3.3  567.   1.0  -0.7 0.044   20907.   0.3   13.   1.7   1.4 0.005  2.08  -0.40   2.22  12.3  7.2 0.0079 30   0   -25  15  69.4  123   -89    34   0.7 0.006043      0.84     0.83     0.80     0.76     0.67     0.56 -1
1996 303 18 2229 51 52  61  41   4.6   2.9   2.3 318.3   2.2  -2.0   0.1  -1.9   0.6   0.1   3.3   2.2   2.0   1.4  146022.   3.3  569.   0.2  -0.4 0.046   18196.   0.3   20.   1.8   1.4 0.005  2.11  -0.34   1.78  11.2  7.1 0.0094 30   0   -24  15  69.4  269  -174    96   1.7 0.006043      0.83     0.82     0.79     0.75     0.66     0.54 -1
1996 303 19 2229 51 52  61  44   4.6   2.5   0.7 348.0   2.4  -0.5   0.0  -0.5   0.1   0.2   3.7   1.3   3.3   1.0  142654.   3.5  568.   0.7  -0.3 0.041   12203.   0.2   14.   3.0   1.1 0.005  2.19  -0.06   1.86  11.6  7.1 0.0089 30   0   -23  15  69.4  424  -327    97   2.6 0.006043      0.80     0.78     0.75     0.71     0.62     0.51 -1
1996 303 20 2229 51 52  59  31   4.6   3.1 -16.4 350.4   2.9  -0.5  -0.9  -0.6  -0.8   0.1   3.3   1.7   2.8   0.7  135152.   3.4  555.   1.4  -0.8 0.031   29325.   0.2   17.   2.8   0.8 0.008  1.97   0.44   1.76  11.1  7.0 0.0096 30   0   -23  15  69.4  125   -63    62   1.0 0.006043      0.85     0.85     0.82     0.78     0.69     0.56 -1
1996 303 21 2229 51 52  60  38   4.6   4.0 -31.3  19.9   3.2   1.2  -2.1   0.9  -2.3   0.4   2.1   0.9   1.7   0.9  120495.   3.4  549.   2.9  -1.8 0.029   22732.   0.2    8.   1.6   1.0 0.003  1.91   1.26   1.66  11.0  7.0 0.0098 33   0   -24  18  69.4  205  -108    96   1.2 0.006043      0.79     0.78     0.75     0.71     0.63     0.51 -1
1996 303 22 2229 51 52  60  45   4.6   3.6  12.9 288.4   1.1  -3.3   0.8  -3.2   1.3   0.2   2.7   1.7   1.6   1.4  136740.   3.2  562.  -1.0   0.7 0.042   14923.   0.3   14.   1.7   1.3 0.007  1.97  -0.73   1.67  10.9  7.0 0.0100 33   0   -24  18  69.4  463  -353   109   2.9 0.006043      0.83     0.83     0.80     0.76     0.68     0.55 -1
1996 303 23 2229 51 52  60  40   4.7   3.8   0.5 260.0  -0.7  -3.8   0.0  -3.8   0.6   0.3   2.5   1.8   0.7   1.6  127103.   3.2  575.  -1.3   0.1 0.041   13711.   0.2   16.   1.2   1.6 0.005  2.06  -0.34   1.54  10.9  7.2 0.0099 33   0   -22  18  69.4  138   -72    66   1.0 0.006043      0.85     0.85     0.82     0.78     0.69     0.56 -1
