 1 YEAR                          I4        
 2 DOY                           I4        
 3 Hour                          I3        
 4 Bartels rotation number       I5        
 5 ID for IMF spacecraft         I3        
 6 ID for SW Plasma spacecraft   I3        
 7 # of points in IMF averages   I4        
 8 # of points in Plasma averag. I4        
 9 Scalar B, nT                  F6.1      
10 Vector B Magnitude,nT         F6.1      
11 Lat. Angle of B (GSE)         F6.1      
12 Long. Angle of B (GSE)        F6.1      
13 BX, nT (GSE, GSM)             F6.1      
14 BY, nT (GSE)                  F6.1      
15 BZ, nT (GSE)                  F6.1      
16 BY, nT (GSM)                  F6.1      
17 BZ, nT (GSM)                  F6.1      
18 RMS_magnitude, nT             F6.1      
19 RMS_field_vector, nT          F6.1      
20 RMS_BX_GSE, nT                F6.1      
21 RMS_BY_GSE, nT                F6.1      
22 RMS_BZ_GSE, nT                F6.1      
23 SW Plasma Temperature, K      F9.0      
24 SW Proton Density, N/cm^3     F6.1      
25 SW Plasma Speed, km/s         F6.0      
26 SW Plasma flow long. angle    F6.1      
27 SW Plasma flow lat. angle     F6.1      
28 Alpha/Prot. ratio             F6.3      
29 sigma-T,K                     F9.0      
30 sigma-n, N/cm^3)              F6.1      
31 sigma-V, km/s                 F6.0      
32 sigma-phi V, degrees          F6.1      
33 sigma-theta V, degrees        F6.1      
34 sigma-ratio                   F6.3      
35 Flow pressure                 F6.2      
36 E elecrtric field             F7.2      
37 Plasma Beta                   F7.2      
38 Alfen mach number             F6.1      
39 Magnetosonic Much num.        F5.1      
40 Quasy-Invariant               F7.4      
41 Kp index                      I3        
42 R (Sunspot No.)               I4        
43 Dst-index, nT                 I6        
44 ap_index, nT                  I4        
45 f10.7_index                   F6.1      
46 AE-index, nT                  I5        
47 AL-index, nT                  I6        
48 AU-index, nT                  I6        
49 pc-index                      F6.1      
50 Lyman_alpha                   F9.6      
51 Proton flux (>1 Mev)          F10.2     
52 Proton flux (>2 Mev)          F9.2      
53 Proton flux (>4 Mev)          F9.2      
54 Proton flux (>10 Mev)         F9.2      
55 Proton flux (>30 Mev)         F9.2      
56 Proton flux (>60 Mev)         F9.2      
57 Flux FLAG                     I3        

1997 280  0 2242 51 52  60  47   5.5   5.3 -10.7 295.5   2.2  -4.7  -1.0  -4.8   0.1   0.9   1.8   1.0   1.0   1.1   32996.  18.4  341.  -3.3  -2.0 0.021    3759.   2.7    4.   0.4   1.0 0.005  3.87  -0.03   4.08  13.3  6.3 0.0067 13  24    -4   5  83.4   57   -15    42   0.4 0.006641      0.88     0.87     0.84     0.80     0.69     0.56 -1
1997 280  1 2242 51 52  60  48   6.2   4.8  -6.7 291.1   1.7  -4.5  -0.6  -4.5   0.6   1.4   4.2   1.1   0.7   3.9   26688.  17.3  342.  -3.5  -0.4 0.013    2713.   4.6    3.   0.8   0.7 0.006  3.55  -0.21   2.90  11.5  6.1 0.0090 13  24    -5   5  83.4   75   -17    58   0.5 0.006641      0.88     0.86     0.82     0.78     0.67     0.53 -1
1997 280  2 2242 51 52  60  47   7.5   7.3 -22.7 284.3   1.7  -6.6  -2.8  -7.1  -0.7   0.2   1.5   0.7   0.7   1.2   32209.  12.6  334.  -2.7  -2.3 0.008    4991.   0.5    2.   0.5   1.0 0.002  2.42   0.23   1.50   7.9  5.2 0.0190 13  24   -11   5  83.4  172   -91    82   1.2 0.006641      0.84     0.83     0.80     0.75     0.65     0.53 -1
1997 280  3 2242 51 52  59  45   6.4   4.7 -11.3 279.4   0.7  -4.5  -0.9  -4.5   0.7   0.7   4.4   0.8   1.9   3.9   41501.  14.0  331.  -4.4  -3.5 0.011    4347.   2.2    2.   0.8   1.2 0.003  2.67  -0.23   2.42   9.7  5.5 0.0127 20  24   -14   7  83.4  142   -50    92   1.0 0.006641      0.89     0.88     0.84     0.80     0.70     0.57 -1
1997 280  4 2242 51 52  60  47   6.2   5.4 -68.0 177.0  -2.0   0.1  -5.0  -1.8  -4.7   1.8   3.6   1.1   2.4   2.5   41213.  10.6  330.  -4.9  -4.4 0.024    7160.   2.4    3.   0.8   1.3 0.007  2.11   1.55   1.95   8.7  5.3 0.0158 20  24   -15   7  83.4   94   -18    76   1.1 0.006641      0.82     0.81     0.78     0.74     0.66     0.55 -1
1997 280  5 2242 51 52  61  46   7.2   7.0 -52.2 177.2  -4.3   0.2  -5.6  -2.2  -5.1   0.5   1.6   0.8   1.3   0.5   39828.  11.2  336.  -3.6  -5.0 0.023    4434.   0.7    3.   0.4   0.5 0.002  2.31   1.71   1.51   7.8  5.1 0.0195 20  24   -16   7  83.4  118   -41    77   0.9 0.006641      0.91     0.90     0.87     0.82     0.73     0.60 -1
1997 280  6 2242 51 52  59  47   7.9   7.3 -23.1 135.4  -4.8   4.7  -2.9   2.8  -4.8   0.4   2.9   1.5   0.6   2.4   40286.  12.3  334.  -3.3  -3.6 0.025    3379.   1.0    2.   0.4   0.5 0.004  2.52   1.60   1.38   7.4  5.0 0.0216 13  24   -15   5  83.4  154   -80    74   1.2 0.006641      0.82     0.81     0.78     0.73     0.64     0.51 -1
1997 280  7 2242 51 52  60  46   6.0   4.0   1.2 132.0  -2.7   3.0   0.1   2.6  -1.4   0.8   4.5   1.5   1.3   4.1   44126.  12.3  333.  -2.3  -2.4 0.028    7195.   1.2    2.   0.5   1.1 0.005  2.53   0.47   2.45   9.7  5.5 0.0126 13  24   -13   5  83.4  136   -47    88   1.5 0.006641      0.81     0.80     0.77     0.73     0.64     0.52 -1
1997 280  8 2242 51 52  61  46   4.1   3.7 -51.9 126.8  -1.4   1.8  -2.9   0.0  -3.4   0.8   1.8   0.5   0.6   1.6   52885.  13.0  340.  -2.4  -3.9 0.036    4327.   0.7    2.   0.3   0.7 0.003  2.87   1.16   5.83  14.9  6.1 0.0053 13  24   -14   5  83.4  153   -78    75   1.8 0.006641      0.83     0.82     0.79     0.75     0.66     0.56 -1
1997 280  9 2242 51 52  60  46   4.8   3.9  -2.7 128.4  -2.4   3.0  -0.2   2.4  -1.8   0.3   2.8   1.4   1.0   2.2   53762.  13.5  341.  -2.1  -3.0 0.037    2782.   0.3    1.   0.3   0.3 0.005  3.01   0.61   4.44  13.1  5.9 0.0070 13  24   -18   5  83.4  143   -78    65   1.4 0.006641      0.85     0.84     0.81     0.77     0.69     0.57 -1
1997 280 10 2242 51 52  59  48   5.1   4.4 -29.3 123.2  -2.1   3.2  -2.2   1.5  -3.6   0.7   2.7   1.3   1.3   2.0   55741.  13.5  342.  -2.2  -2.8 0.039    5067.   0.3    2.   0.6   0.5 0.003  3.05   1.23   3.98  12.3  5.9 0.0078 13  24   -18   5  83.4  180  -109    72   1.8 0.006641      0.88     0.88     0.84     0.80     0.70     0.57 -1
1997 280 11 2242 51 52  61  46   4.8   3.7  -6.2  86.3   0.2   3.7  -0.4   2.9  -2.4   0.8   3.0   1.6   2.2   1.3   69822.  12.7  345.  -0.4  -3.3 0.039    6814.   0.6    2.   1.4   0.7 0.003  2.92   0.83   4.54  12.8  5.8 0.0073 13  24   -20   5  83.4  237   -89   147   1.3 0.006641      0.91     0.90     0.87     0.83     0.72     0.59 -1
1997 280 12 2242 51 52  59  48   5.4   4.5 -24.2  26.9   3.7   1.9  -1.9   0.6  -2.6   0.3   2.8   1.4   1.6   1.8   69220.  12.4  352.   0.4  -2.2 0.038    4618.   0.4    4.   0.8   0.5 0.004  2.96   0.92   3.50  11.5  5.7 0.0090 20  24   -20   7  83.4  271  -173    99   1.2 0.006641      0.82     0.82     0.79     0.74     0.66     0.55 -1
1997 280 13 2242 51 52  60  45   4.6   3.0 -26.5  69.4   0.9   2.5  -1.3   1.5  -2.4   0.7   3.5   0.8   2.8   2.0   72803.  12.8  347.  -0.0  -2.0 0.038    5743.   0.4    2.   0.5   0.7 0.003  2.97   0.83   5.06  13.5  5.8 0.0065 20  24   -21   7  83.4  284  -243    41   1.4 0.006641      0.53     0.53     0.51     0.46     0.38     0.29 -1
1997 280 14 2242 51 52  60  47   5.2   4.3 -11.1 159.2  -4.0   1.5  -0.8   0.9  -1.4   0.8   3.0   0.9   1.8   2.1   69075.  13.4  340.  -1.0  -2.2 0.035    3539.   0.5    2.   0.9   0.4 0.006  2.95   0.48   4.07  12.0  5.6 0.0083 20  24   -24   7  83.4  292  -231    61   1.3 0.006641      0.86     0.84     0.82     0.77     0.67     0.54 -1
1997 280 15 2242 51 52  60  48   6.1   5.9   2.6 124.4  -3.3   4.9   0.3   4.5  -1.9   0.3   1.3   0.4   0.6   1.1   65616.  13.3  342.  -2.5  -1.7 0.033    4357.   0.4    2.   0.5   0.4 0.003  2.94   0.65   2.88  10.2  5.5 0.0114 30  24   -22  15  83.4  164  -108    56   1.3 0.006641      0.89     0.88     0.85     0.80     0.66     0.51 -1
1997 280 16 2242 51 52  60  45   6.5   6.3 -12.0 118.5  -2.9   5.4  -1.3   4.5  -3.3   0.5   1.6   0.7   0.5   1.3   37328.  17.0  350.  -2.9  -1.5 0.015   11178.   2.9    2.   0.5   0.8 0.007  3.69   1.16   2.77  11.1  6.0 0.0097 30  24   -19  15  83.4  214  -141    73   1.4 0.006641 999999.99 99999.99 99999.99 99999.99 99999.99 99999.99  0
1997 280 17 2242 51 52  60  46   7.2   6.9  11.4 122.0  -3.6   5.7   1.4   5.8  -0.7   0.4   2.0   0.5   0.6   1.8   33701.  20.3  353.  -2.9  -2.3 0.009    3986.   2.0    4.   1.1   0.6 0.002  4.38   0.25   2.64  11.0  6.1 0.0098 30  24   -18  15  83.4  415  -304   112   1.8 0.006641 999999.99 99999.99 99999.99 99999.99 99999.99 99999.99  0
1997 280 18 2242 51 52  61  48   7.9   6.3  14.3 120.8  -3.1   5.2   1.5   5.4  -0.1   0.7   4.8   2.9   3.4   1.8   37731.  17.7  355.  -2.6  -1.5 0.010    5042.   2.2    7.   1.6   1.1 0.002  3.87   0.04   1.96   9.5  5.8 0.0133 20  24   -17   7  83.4  193  -140    53   1.0 0.006641 999999.99 99999.99 99999.99 99999.99 99999.99 99999.99  0
1997 280 19 2242 51 52  59  47   9.1   8.6  24.1 155.6  -7.1   3.2   3.5   4.0   2.5   0.5   3.1   2.3   1.7   1.2   37866.  13.3  344.  -1.2  -1.6 0.013    5823.   2.0    4.   1.3   1.0 0.003  2.77  -0.86   1.11   6.9  4.9 0.0250 20  24   -20   7  83.4   87   -45    42   0.6 0.006641 999999.99 99999.99 99999.99 99999.99 99999.99 99999.99  0
1997 280 20 2242 51 52  61  49   9.0   7.4  14.5 118.9  -3.5   6.3   1.9   6.6   0.4   0.5   5.0   3.0   1.4   3.8   60119.  12.5  366.  -2.6   1.0 0.026   12492.   1.2   13.   0.9   1.5 0.006  3.09  -0.15   1.21   7.2  5.0 0.0230 20  24   -16   7  83.4   53   -17    36   0.3 0.006641 999999.99 99999.99 99999.99 99999.99 99999.99 99999.99  0
1997 280 21 2242 51 52  60  45   8.8   7.2 -22.0  81.6   1.0   6.6  -2.7   5.9  -4.1   0.6   5.1   2.5   1.7   4.1   83183.  14.2  377.  -1.2   2.9 0.037   17180.   0.8    4.   1.0   0.8 0.012  3.87   1.55   1.61   8.1  5.2 0.0183 37  24   -15  22  83.4  203  -106    97   1.9 0.006641 999999.99 99999.99 99999.99 99999.99 99999.99 99999.99  0
1997 280 22 2242 51 52  61  49   7.4   6.9  43.1 109.2  -1.6   4.7   4.7   5.6   3.6   0.7   2.7   1.7   1.4   1.7  138593.  13.5  384.   1.8   2.5 0.052   16150.   0.9    6.   0.8   0.8 0.008  4.02  -1.38   2.74   9.5  5.2 0.0131 37  24   -25  22  83.4  378  -316    62   1.3 0.006641 999999.99 99999.99 99999.99 99999.99 99999.99 99999.99  0
1997 280 23 2242 51 52  60  48   9.6   6.1  44.4 229.7  -2.8  -3.3   4.3  -2.3   4.9   0.9   7.4   1.2   6.8   2.5  149174.  11.0  391.   4.0   2.1 0.048   16407.   0.8    3.   0.8   0.8 0.008  3.35  -1.92   1.38   6.8  4.6 0.0261 37  24   -19  22  83.4  149   -86    63   1.3 0.006641 999999.99 99999.99 99999.99 99999.99 99999.99 99999.99  0
1997 281  0 2242 51 52  60  43   8.1   7.2  44.2 217.0  -4.2  -3.1   5.1  -1.8   5.7   0.8   3.6   1.7   3.0   1.1  142932.  11.5  387.   4.2   0.9 0.047   10550.   0.6    4.   0.7   0.8 0.008  3.42  -2.21   1.98   8.1  4.9 0.0181 10  23   -13   4  82.7   38    -2    37  -0.2 0.006722      3.32     2.29     1.36     0.93     0.70     0.58 -1
1997 281  1 2242 51 52  59  48   7.7   6.2  57.1 175.4  -3.4   0.3   5.2   1.6   4.9   1.1   4.5   1.0   4.1   1.8  162992.  10.9  389.   3.4   0.5 0.055   13708.   0.8    3.   0.6   0.7 0.006  3.36  -1.91   2.23   8.3  4.9 0.0171 10  23   -12   4  82.7   21     3    24   0.2 0.006722      3.68     2.43     1.38     0.92     0.69     0.57 -1
1997 281  2 2242 51 52  60  46   8.2   7.7  46.7 238.9  -2.7  -4.5   5.6  -2.6   6.7   0.6   2.8   1.3   1.9   1.6  155823.  10.2  389.   2.8  -0.9 0.048   12668.   0.5    3.   0.7   0.7 0.005  3.07  -2.61   1.79   7.6  4.7 0.0207 10  23   -12   4  82.7   19     0    19  -0.1 0.006722      3.72     2.39     1.33     0.91     0.68     0.53 -1
1997 281  3 2242 51 52  59  46   7.4   6.1  34.3 216.4  -4.1  -3.0   3.5  -1.6   4.3   0.8   4.1   1.0   3.4   2.1  157583.  10.2  391.   3.6   0.0 0.045   16195.   0.6    4.   0.8   1.0 0.004  3.07  -1.68   2.22   8.4  4.9 0.0167 13  23   -12   5  82.7   22     1    23   0.2 0.006722      3.93     2.40     1.30     0.88     0.66     0.55 -1
1997 281  4 2242 51 52  60  48   7.4   4.7  32.8 217.7  -3.1  -2.4   2.6  -1.2   3.3   0.6   5.6   2.8   4.6   1.7  146876.   9.7  393.   3.7   0.7 0.044   11265.   0.5    9.   0.8   0.7 0.003  2.94  -1.30   2.03   8.3  5.0 0.0174 13  23   -10   5  82.7   24    -2    21   0.0 0.006722      4.08     2.44     1.33     0.91     0.69     0.57 -1
1997 281  5 2242 51 52  62  46   6.2   5.8  -9.7  81.8   0.8   5.6  -1.0   4.6  -3.3   0.3   2.0   1.1   0.6   1.5  135370.   8.4  410.   2.2   1.6 0.043   17403.   0.7    7.   0.5   0.8 0.004  2.76   1.35   2.40   9.6  5.5 0.0130 13  23   -12   5  82.7   78   -20    58   1.0 0.006722      4.28     2.43     1.27     0.87     0.66     0.53 -1
1997 281  6 2242 51 52  59  48   6.0   5.6 -26.6  89.1   0.1   5.0  -2.5   3.2  -4.6   0.3   2.1   1.3   0.6   1.5  119952.   7.6  416.   2.5   2.3 0.042    8841.   0.3    5.   0.4   1.0 0.003  2.57   1.91   2.18   9.6  5.6 0.0130 30  23   -19  15  82.7  246  -169    76   1.6 0.006722      4.23     2.37     1.28     0.88     0.67     0.55 -1
1997 281  7 2242 51 52  60  46   5.8   5.1 -34.4  97.9  -0.6   4.1  -2.9   2.1  -4.6   0.3   2.7   1.0   1.0   2.2  122516.   8.0  412.   2.9   1.9 0.041    8886.   0.5    6.   1.1   1.6 0.003  2.64   1.90   2.48  10.0  5.7 0.0118 30  23   -26  15  82.7  526  -374   152   4.0 0.006722      4.22     2.35     1.29     0.92     0.73     0.61 -1
1997 281  8 2242 51 52  59  48   5.6   5.1  38.7 141.5  -3.1   2.5   3.2   3.8   1.4   0.1   2.2   1.2   1.6   0.9  122427.   8.0  399.   4.1  -1.7 0.046    5529.   0.3    5.   1.0   0.5 0.004  2.52  -0.56   2.66  10.1  5.5 0.0117 30  23   -26  15  82.7  292  -186   106   3.3 0.006722      4.38     2.34     1.29     0.93     0.74     0.61 -1
1997 281  9 2242 51 52  60  44   5.9   5.1   3.4 123.0  -2.8   4.2   0.3   3.7  -2.0   0.5   2.9   1.3   1.1   2.4  106908.   7.9  398.   3.2  -0.0 0.051   11016.   0.4    6.   0.9   1.5 0.005  2.52   0.80   2.22   9.5  5.5 0.0132 27  23   -21  12  82.7  102   -52    51   1.5 0.006722      3.57     1.98     1.12     0.82     0.65     0.54 -1
1997 281 10 2242 51 52  60  48   7.0   6.5  44.2 131.9  -3.1   3.5   4.5   5.4   1.8   0.3   2.3   1.2   0.9   1.8   86428.   7.9  392.   2.4  -1.9 0.045   11012.   0.3    7.   0.6   1.5 0.006  2.39  -0.71   1.44   7.9  5.3 0.0192 27  23   -21  12  82.7   60   -45    15   0.7 0.006722      3.30     1.91     1.16     0.89     0.74     0.59 -1
1997 281 11 2242 51 52  60  46   7.4   5.7 -14.8  80.0   1.0   5.4  -1.4   3.8  -4.1   0.4   4.7   2.6   1.1   3.7   74087.   8.4  400.   1.6   0.1 0.048    6706.   0.5    8.   0.7   1.6 0.004  2.68   1.64   1.29   7.8  5.4 0.0194 27  23   -18  12  82.7  305  -244    61   1.6 0.006722      3.03     1.76     1.07     0.81     0.64     0.50 -1
1997 281 12 2242 51 52  59  45   7.6   5.5 -42.1  58.8   2.1   3.5  -3.7   1.0  -5.0   0.3   5.2   3.7   1.8   3.1   80741.   8.6  403.   2.6   1.0 0.053   11735.   0.5   13.   1.1   1.3 0.009  2.83   2.02   1.30   7.8  5.3 0.0197 40  23   -28  27  82.7  666  -603    63   3.1 0.006722      3.07     1.75     1.08     0.85     0.70     0.58 -1
1997 281 13 2242 51 52  60  47   6.6   3.8  11.3 132.4  -2.5   2.8   0.7   2.8  -0.8   1.0   5.3   3.5   1.6   3.7   90049.   9.0  384.   2.4  -1.5 0.060   16081.   0.7    6.   0.7   1.2 0.005  2.75   0.31   1.88   8.7  5.4 0.0156 40  23   -36  27  82.7  400  -259   141   1.9 0.006722      2.75     1.59     1.04     0.83     0.69     0.56 -1
1997 281 14 2242 51 52  61  49   6.8   5.9 -66.7  40.5   1.8   1.5  -5.4  -1.2  -5.5   0.4   3.3   2.1   2.3   1.3   94669.   9.7  386.   2.1  -0.7 0.058    9455.   0.6    6.   0.8   0.6 0.007  2.97   2.12   1.95   8.8  5.4 0.0152 40  23   -33  27  82.7  253  -188    65   2.2 0.006722      2.52     1.46     0.97     0.78     0.66     0.55 -1
1997 281 15 2242 51 52  59  45   5.7   4.1  -4.9 105.1  -1.1   3.9  -0.3   3.4  -2.0   0.8   4.1   2.2   1.2   3.2   98093.   9.6  379.   2.0  -1.5 0.058   10310.   0.5    6.   1.1   1.4 0.006  2.84   0.76   2.78  10.3  5.6 0.0112 33  23   -36  18  82.7  609  -403   205   2.3 0.006722      2.19     1.31     0.90     0.74     0.61     0.50 -1
1997 281 16 2242 51 52  60  47   5.7   4.2  33.9 136.7  -2.5   2.4   2.3   3.1   1.2   0.3   3.8   1.2   2.7   2.5   98475.   8.8  376.   2.1  -2.8 0.061    5397.   0.7    4.   1.2   1.0 0.005  2.58  -0.45   2.56   9.8  5.5 0.0124 33  23   -35  18  82.7  354  -243   111   1.0 0.006722      2.21     1.39     0.97     0.80     0.67     0.54 -1
1997 281 17 2242 51 52  60  44   6.7   5.3   7.3 134.3  -3.7   3.8   0.7   3.8  -0.6   0.2   4.0   2.1   1.7   2.8   90123.   6.8  373.   0.8  -2.3 0.062    8553.   0.5    5.   0.9   1.9 0.005  1.97   0.22   1.38   7.3  4.9 0.0226 33  23   -33  18  82.7  249  -163    86   1.3 0.006722 999999.99 99999.99 99999.99 99999.99 99999.99 99999.99  0
1997 281 18 2242 51 52  59  46   6.3   6.0  -5.3 180.7  -6.0  -0.1  -0.6  -0.3  -0.5   0.4   1.9   0.5   0.9   1.6  102248.   6.9  372.   3.4  -0.7 0.070   11461.   0.6    5.   0.8   1.2 0.008  2.04   0.19   1.67   7.8  5.0 0.0198 20  23   -32   7  82.7  250  -196    54   0.4 0.006722 999999.99 99999.99 99999.99 99999.99 99999.99 99999.99  0
1997 281 19 2242 51 52  61  49   6.5   6.3  13.0 151.4  -5.4   2.9   1.4   3.2   0.6   0.3   1.8   0.4   1.1   1.3   87969.   6.0  375.   1.4  -1.8 0.055    7511.   0.4    5.   0.7   0.9 0.018  1.72  -0.23   1.28   7.1  4.9 0.0238 20  23   -26   7  82.7   73   -36    37   0.5 0.006722 999999.99 99999.99 99999.99 99999.99 99999.99 99999.99  0
1997 281 20 2242 51 52  60  46   5.6   5.3   5.1 156.1  -4.8   2.1   0.5   2.2   0.0   0.9   2.0   0.7   1.1   1.5  109454.   7.5  386.   2.6  -1.8 0.046   30078.   1.0    4.   0.5   0.8 0.009  2.21  -0.00   2.37   9.4  5.4 0.0134 20  23   -26   7  82.7   58   -24    34   0.6 0.006722 999999.99 99999.99 99999.99 99999.99 99999.99 99999.99  0
1997 281 21 2242 51 52  60  46   6.0   5.0 -31.2 114.4  -1.8   3.9  -2.6   3.2  -3.4   0.6   3.4   2.4   1.2   2.0   92009.   8.0  389.   1.3  -0.7 0.042   24867.   0.7    7.   0.9   1.1 0.013  2.36   1.32   2.04   9.2  5.5 0.0141 37  23   -29  22  82.7  270  -200    70   2.0 0.006722 999999.99 99999.99 99999.99 99999.99 99999.99 99999.99  0
1997 281 22 2242 51 52  60  45   5.8   5.5 -36.3 125.4  -2.6   3.6  -3.3   2.8  -4.0   0.1   1.6   0.7   0.8   1.2   93475.   8.3  389.   1.6  -0.4 0.053    6345.   0.4    4.   0.5   0.7 0.003  2.54   1.56   2.28   9.7  5.6 0.0127 37  23   -32  22  82.7  521  -417   104   3.6 0.006722 999999.99 99999.99 99999.99 99999.99 99999.99 99999.99  0
1997 281 23 2242 51 52  60  47   5.8   5.0 -23.7 132.3  -3.1   3.4  -2.0   2.9  -2.7   0.3   2.8   1.4   1.1   2.2   94815.   8.4  392.   1.4  -0.7 0.054    6585.   0.3    7.   0.8   1.0 0.006  2.62   1.06   2.32   9.8  5.7 0.0124 37  23   -33  22  82.7  386  -251   135   2.8 0.006722 999999.99 99999.99 99999.99 99999.99 99999.99 99999.99  0
1997 282  0 2242 51 52  60  45   5.3   4.6  -9.3 125.5  -2.6   3.7  -0.7   3.4  -1.5   0.5   2.5   1.3   1.1   1.7   96477.   9.5  396.   0.8  -2.5 0.046    7999.   0.5    4.   0.7   1.0 0.003  2.95   0.59   3.16  11.5  6.0 0.0090 30  29   -33  15  83.3  415  -266   149   2.4 0.006809 999999.99 99999.99 99999.99 99999.99 99999.99 99999.99  0
1997 282  1 2242 51 52  61  48   5.4   4.9  -7.7 114.9  -2.0   4.4  -0.7   4.1  -1.8   0.3   2.2   1.2   0.7   1.7   87800.   9.7  406.   0.7  -1.7 0.042    6358.   0.6    4.   0.6   0.9 0.005  3.12   0.73   2.99  11.7  6.2 0.0087 30  29   -33  15  83.3  240  -126   114   1.8 0.006809 999999.99 99999.99 99999.99 99999.99 99999.99 99999.99  0
1997 282  2 2242 51 52  60  49   5.7   5.2 -34.0  67.7   1.6   4.0  -2.9   3.0  -3.9   0.6   2.1   1.8   0.9   0.8   76226.   8.8  414.   1.3  -0.9 0.043   11267.   0.7    6.   0.5   0.7 0.004  2.95   1.61   2.31  10.8  6.2 0.0102 30  29   -34  15  83.3  327  -211   116   2.1 0.006809 999999.99 99999.99 99999.99 99999.99 99999.99 99999.99  0
1997 282  3 2242 51 52  60  45   6.4   6.2 -30.4  40.2   4.1   3.4  -3.1   2.2  -4.1   0.2   1.8   0.9   1.4   0.7   61028.   8.1  416.   1.7  -1.1 0.042    5537.   0.4    4.   1.1   0.6 0.003  2.73   1.71   1.56   9.2  6.0 0.0139 37  29   -35  22  83.3  504  -380   124   3.3 0.006809      1.28     0.88     0.75     0.68     0.60     0.46 -1
1997 282  4 2242 51 52  60  46   7.0   6.9 -35.1  42.9   4.1   3.8  -4.0   2.0  -5.1   0.3   1.0   0.5   0.6   0.6   49890.   7.8  414.   1.4  -0.6 0.038    4205.   0.3    3.   0.3   0.3 0.003  2.57   2.11   1.18   8.3  5.8 0.0174 37  29   -43  22  83.3  451  -304   148   3.4 0.006809      1.37     0.97     0.85     0.77     0.67     0.54 -1
1997 282  5 2242 51 52  59  47   6.8   6.5 -35.8  29.9   4.6   2.6  -3.8   0.7  -4.5   0.5   2.0   0.8   1.6   0.8   59422.   7.8  409.   1.5  -0.7 0.040   10147.   0.7    5.   0.7   0.5 0.003  2.53   1.84   1.32   8.4  5.7 0.0169 37  29   -50  22  83.3  513  -280   233   3.4 0.006809      1.38     0.98     0.86     0.79     0.68     0.56 -1
1997 282  6 2242 51 52  61  48   5.7   4.6 -38.4  56.5   2.0   3.0  -2.8   1.3  -3.9   1.0   3.6   2.2   1.6   2.3   73620.   9.3  404.   1.9  -1.2 0.037   13903.   1.3    7.   0.7   1.3 0.003  2.91   1.58   2.41  10.8  6.2 0.0102 43  29   -48  32  83.3  699  -533   166   4.5 0.006809      1.34     0.96     0.85     0.79     0.69     0.56 -1
1997 282  7 2242 51 52  60  48   5.6   5.2 -54.1  18.3   2.9   1.0  -4.2  -1.2  -4.1   0.5   2.0   0.8   1.5   1.0   77821.   8.9  409.   2.2  -0.0 0.037   10017.   0.5    2.   0.7   0.6 0.004  2.85   1.68   2.43  10.9  6.2 0.0100 43  29   -39  32  83.3  651  -502   149   4.2 0.006809      1.35     0.95     0.83     0.77     0.67     0.55 -1
1997 282  8 2242 51 52  59  48   5.4   5.3 -47.5  24.3   3.2   1.5  -3.9  -0.8  -4.1   0.4   1.3   0.5   1.1   0.5   83452.   9.0  412.   1.9  -0.5 0.028    8017.   0.5    4.   0.7   0.5 0.003  2.84   1.69   2.72  11.4  6.3 0.0091 43  29   -31  32  83.3  462  -334   128   3.0 0.006809      1.29     0.89     0.79     0.73     0.63     0.50 -1
1997 282  9 2242 51 52  60  46   5.2   1.8 -18.2  90.9   0.0   1.7  -0.6   1.1  -1.4   0.5   4.9   2.4   2.4   3.5   90240.   8.4  402.   1.6  -1.2 0.031    7070.   0.7    3.   0.7   0.6 0.004  2.55   0.56   2.83  11.2  6.0 0.0095 27  29   -37  12  83.3  439  -234   205   2.4 0.006809      1.29     0.93     0.84     0.77     0.68     0.55 -1
1997 282 10 2242 51 52  60  48   5.2   5.0  23.6 152.6  -4.1   2.1   2.0   2.9   0.5   0.3   1.4   0.4   0.8   1.1   98890.   7.1  396.   1.2  -1.1 0.044    7246.   0.3    2.   0.4   0.5 0.009  2.19  -0.20   2.48  10.1  5.7 0.0116 27  29   -34  12  83.3  170  -106    63   1.2 0.006809      1.29     0.96     0.86     0.80     0.69     0.54 -1
1997 282 11 2242 51 52  60  46   5.2   4.3 -37.7 116.4  -1.5   3.0  -2.6   1.1  -3.8   0.4   2.9   1.1   1.5   2.2  114110.   7.8  403.  -0.3   1.7 0.041    7111.   0.4    4.   0.5   1.2 0.005  2.46   1.53   2.91  10.8  5.8 0.0102 27  29   -30  12  83.3  199  -129    70   1.9 0.006809      1.22     0.91     0.81     0.76     0.66     0.55 -1
1997 282 12 2242 51 52  60  48   4.6   3.8 -43.8  96.9  -0.3   2.7  -2.6   0.9  -3.6   0.7   2.6   1.0   1.4   1.9  121167.   7.4  402.   0.7   0.0 0.036   15026.   0.4    4.   0.6   1.2 0.005  2.28   1.45   3.63  11.9  5.8 0.0084 33  29   -32  18  83.3  570  -505    66   2.2 0.006809      1.26     0.91     0.82     0.75     0.67     0.56 -1
1997 282 13 2242 51 52  59  46   4.7   4.3  28.1 143.0  -3.0   2.3   2.0   3.0   0.6   0.5   1.8   0.9   1.1   1.2  120988.   7.0  394.   1.2  -0.8 0.038    7821.   0.5    4.   0.4   0.5 0.006  2.09  -0.24   3.29  11.1  5.7 0.0097 33  29   -36  18  83.3  386  -278   108   1.4 0.006809      1.23     0.93     0.84     0.77     0.67     0.55 -1
1997 282 14 2242 51 52  61  48   5.3   3.4  -5.8 103.5  -0.8   3.3  -0.3   2.8  -1.8   0.4   3.9   2.9   1.2   2.4  106042.   6.4  405.   0.6  -0.3 0.031   10470.   0.4   12.   1.1   1.1 0.004  1.97   0.73   2.22   9.7  5.7 0.0127 33  29   -34  18  83.3   90   -35    55   1.0 0.006809      1.25     0.94     0.85     0.79     0.69     0.58 -1
1997 282 15 2242 51 52  61  45   5.6   2.4  13.2 106.7  -0.7   2.2   0.5   2.2  -0.5   1.2   5.1   2.6   3.4   2.8  113273.   6.9  415.   1.9  -1.0 0.034   21107.   0.7    9.   1.4   1.2 0.006  2.25   0.21   2.21   9.7  5.7 0.0126 23  29   -33   9  83.3  178  -134    45   1.3 0.006809      1.16     0.88     0.80     0.74     0.66     0.54 -1
1997 282 16 2242 51 52  59  47   5.4   3.2  19.9 136.9  -2.2   2.1   1.1   2.4   0.2   0.5   4.3   1.1   3.2   2.7  114570.   7.6  414.   1.6  -0.7 0.046   10126.   0.5    6.   1.2   1.4 0.005  2.58  -0.08   2.63  10.6  5.8 0.0107 23  29   -33   9  83.3  214  -172    42   0.9 0.006809      1.16     0.92     0.85     0.79     0.69     0.58 -1
1997 282 17 2242 51 52  60  42   5.1   2.8   3.6 123.7  -1.5   2.3   0.2   2.2  -0.6   0.6   4.2   1.7   2.7   2.8  115434.   7.9  413.   2.0  -0.8 0.043    9406.   0.6    5.   1.3   1.2 0.004  2.64   0.25   3.08  11.4  5.9 0.0092 23  29   -33   9  83.3  106   -73    33   1.0 0.006809      1.43     1.13     1.06     0.96     0.82     0.53 -1
1997 282 18 2242 51 52  61  46   5.5   5.3 -30.5  62.0   2.1   4.0  -2.7   3.0  -3.8   0.2   1.4   0.7   0.7   1.0  101344.   6.6  426.  -0.0   0.3 0.043    6869.   0.4    4.   0.7   0.8 0.003  2.34   1.62   2.08   9.9  5.9 0.0120 33  29   -37  18  83.3  352  -252   100   2.0 0.006809 999999.99 99999.99 99999.99 99999.99 99999.99 99999.99  0
1997 282 19 2242 51 52  59  45   4.9   4.5 -32.1  69.5   1.3   3.5  -2.4   2.7  -3.2   0.1   2.0   1.1   1.0   1.3  105115.   6.5  421.  -0.7  -0.2 0.046    5529.   0.2    6.   0.7   1.0 0.003  2.28   1.35   2.63  11.0  6.1 0.0099 33  29   -39  18  83.3  597  -478   119   2.9 0.006809 999999.99 99999.99 99999.99 99999.99 99999.99 99999.99  0
1997 282 20 2242 51 52  59  46   4.7   4.0 -25.0 144.2  -3.0   2.1  -1.7   1.6  -2.1   0.1   2.3   1.2   1.4   1.5   96929.   6.1  403.  -0.3  -0.5 0.047    6169.   0.3    6.   1.0   1.1 0.004  1.97   0.85   2.59  10.6  5.9 0.0106 33  29   -42  18  83.3  518  -352   166   3.2 0.006809 999999.99 99999.99 99999.99 99999.99 99999.99 99999.99  0
1997 282 21 2242 51 52  61  48   5.2   4.2 -24.0 145.7  -3.2   2.2  -1.7   1.8  -2.1   0.3   3.0   0.9   2.6   1.4   95459.   5.9  403.  -0.1   0.2 0.041    4586.   0.4    7.   2.2   1.4 0.006  1.86   0.85   2.03   9.4  5.7 0.0134 23  29   -43   9  83.3  287  -153   135   2.3 0.006809 999999.99 99999.99 99999.99 99999.99 99999.99 99999.99  0
1997 282 22 2242 51 52  59  39   5.4   5.0  -7.2 245.6  -2.1  -4.5  -0.6  -4.5   0.3   0.3   1.8   1.1   0.6   1.3   92976.   6.0  415.   4.5  -1.0 0.029    6930.   0.5    8.   0.6   1.2 0.003  1.93  -0.12   1.89   9.4  5.8 0.0134 23  29   -40   9  83.3  189  -106    83   1.2 0.006809 999999.99 99999.99 99999.99 99999.99 99999.99 99999.99  0
1997 282 23 2242 51 52  60  46   5.0   4.6  -3.7 217.8  -3.6  -2.8  -0.3  -2.8   0.3   0.2   2.0   0.8   1.5   1.1   93490.   5.6  408.   3.4  -1.2 0.033    6797.   0.4    5.   1.1   1.1 0.004  1.76  -0.12   2.07   9.7  5.8 0.0128 23  29   -36   9  83.3  127   -73    53   0.4 0.006809 999999.99 99999.99 99999.99 99999.99 99999.99 99999.99  0
1997 283  0 2242 51 52  61  45   4.9   3.6 -36.4 226.0  -2.0  -2.1  -2.1  -2.5  -1.6   0.3   3.2   1.5   2.4   1.3   90314.   5.6  418.   3.1   0.6 0.033   13757.   0.3   10.   1.9   1.2 0.004  1.85   0.67   2.12  10.1  6.0 0.0117 30  32   -33  15  84.0  333  -252    81   1.4 0.006758 999999.99 99999.99 99999.99 99999.99 99999.99 99999.99  0
1997 283  1 2242 51 52  60  46   4.5   3.1  -3.0 122.3  -1.6   2.6  -0.2   2.5  -0.9   0.5   3.2   1.0   1.7   2.5   92708.   5.8  419.  -1.1  -0.3 0.034   10715.   0.3    6.   1.0   1.5 0.005  1.93   0.38   2.63  11.2  6.2 0.0095 30  32   -35  15  84.0  219  -118   101   1.3 0.006758 999999.99 99999.99 99999.99 99999.99 99999.99 99999.99  0
1997 283  2 2242 51 52  60  48   4.7   3.2 -25.3 152.2  -2.6   1.4  -1.4   0.9  -1.7   0.4   3.4   1.1   2.9   1.4   87734.   5.6  416.   0.1   0.9 0.038    7668.   0.3    6.   2.1   1.1 0.007  1.86   0.71   2.28  10.5  6.1 0.0108 30  32   -39  15  84.0  164   -53   111   1.4 0.006758 999999.99 99999.99 99999.99 99999.99 99999.99 99999.99  0
1997 283  3 2242 51 52  61  47   7.4   6.1 -40.0 125.2  -2.7   3.8  -3.9   2.3  -4.9   1.4   4.3   2.7   3.0   1.5  106645.   8.0  443.  -2.2   3.3 0.034   12725.   1.7   19.   1.5   1.1 0.006  2.98   2.17   1.43   8.5  5.7 0.0166 37  32   -34  22  84.0  279  -174   105   1.7 0.006758 999999.99 99999.99 99999.99 99999.99 99999.99 99999.99  0
1997 283  4 2242 51 52  60  47   7.2   6.4 -22.8  95.0  -0.5   5.9  -2.5   4.5  -4.6   0.4   3.2   2.6   0.9   1.6  124450.   9.3  454.  -4.7   2.7 0.027   11519.   0.9    9.   1.8   1.0 0.003  3.55   2.09   1.89   9.6  5.9 0.0129 37  32   -42  22  84.0  520  -347   173   3.0 0.006758 999999.99 99999.99 99999.99 99999.99 99999.99 99999.99  0
1997 283  5 2242 51 52  60  44   8.1   7.5 -19.2 112.9  -2.8   6.5  -2.5   4.8  -5.0   0.3   3.0   1.0   1.1   2.6  112982.   9.1  446.  -6.1   3.8 0.023   11888.   0.8    4.   0.8   1.0 0.004  3.30   2.23   1.39   8.3  5.6 0.0172 37  32   -50  22  84.0  579  -412   166   3.6 0.006758 999999.99 99999.99 99999.99 99999.99 99999.99 99999.99  0
1997 283  6 2242 51 52  59  47   9.3   9.0 -13.2 100.0  -1.5   8.7  -2.1   6.7  -5.9   0.4   2.3   1.8   0.6   1.4   73414.   7.5  440.  -4.1   3.1 0.019   15130.   0.8   10.   0.7   0.8 0.002  2.61   2.60   0.73   6.5  5.1 0.0283 43  32   -54  32  84.0  648  -494   154   3.6 0.006758 999999.99 99999.99 99999.99 99999.99 99999.99 99999.99  0
1997 283  7 2242 51 52  58  41   8.7   7.5  13.0 125.5  -4.2   5.9   1.7   6.0  -1.5   0.3   4.3   1.5   3.2   2.4   70470.   6.5  412.  -2.3   1.2 0.023   18683.   1.1    9.   3.1   1.4 0.006  2.01   0.62   0.71   6.0  4.8 0.0326 43  32   -56  32  84.0  576  -451   126   4.2 0.006758 999999.99 99999.99 99999.99 99999.99 99999.99 99999.99  0
1997 283  8 2242 51 52  60  47   7.7   7.4   2.2 143.1  -5.9   4.4   0.3   3.9  -2.1   0.5   2.2   0.7   0.6   2.0  105864.   6.3  404.   0.4   4.1 0.024   35416.   0.9   11.   0.7   1.4 0.004  1.88   0.85   1.04   6.6  4.8 0.0274 43  32   -52  32  84.0  273  -185    88   2.0 0.006758 999999.99 99999.99 99999.99 99999.99 99999.99 99999.99  0
1997 283  9 2242 51 52  61  47   7.8   7.6  -0.5 131.3  -5.0   5.7  -0.1   4.7  -3.2   0.6   1.8   0.4   0.9   1.6   77748.   5.0  406.  -0.2   3.0 0.016   31264.   1.7    7.   0.8   1.9 0.002  1.46   1.30   0.70   5.8  4.6 0.0351 27  32   -52  12  84.0  426  -293   133   2.2 0.006758 999999.99 99999.99 99999.99 99999.99 99999.99 99999.99  0
1997 283 10 2242 51 52  60  46   7.4   6.9   7.3 139.5  -5.2   4.4   0.9   4.2  -1.7   0.1   2.7   1.2   0.8   2.3   76944.   4.9  410.   1.3   0.8 0.020   23475.   1.2    8.   0.8   1.1 0.005  1.49   0.70   0.76   6.1  4.8 0.0316 27  32   -49  12  84.0  413  -304   109   2.3 0.006758 999999.99 99999.99 99999.99 99999.99 99999.99 99999.99  0
1997 283 11 2242 51 52  59  47   7.7   7.4 -15.6 151.7  -6.3   3.4  -2.0   1.8  -3.5   0.2   1.7   0.2   1.0   1.4   67280.   5.4  408.   1.6  -0.3 0.022    9311.   0.5    3.   0.6   0.8 0.002  1.63   1.43   0.74   6.2  4.8 0.0314 27  32   -45  12  84.0  506  -381   125   2.4 0.006758 999999.99 99999.99 99999.99 99999.99 99999.99 99999.99  0
1997 283 12 2242 51 52  61  49   7.6   3.9  -8.3 137.4  -2.9   2.6  -0.6   1.9  -1.9   0.3   6.5   4.9   0.9   4.1   54432.   6.6  410.   0.8  -0.9 0.025   24098.   1.1    8.   1.2   0.7 0.009  2.04   0.78   0.87   6.9  5.2 0.0248 23  32   -44   9  84.0  425  -239   186   2.2 0.006758 999999.99 99999.99 99999.99 99999.99 99999.99 99999.99  0
1997 283 13 2242 51 52  60  45   8.3   8.2  43.1  36.6   4.8   3.6   5.6   5.9   3.0   0.3   1.0   0.7   0.7   0.3   23418.   8.0  409.  -1.9  -1.4 0.037    3748.   1.1    4.   0.6   0.4 0.003  2.57  -1.23   0.73   7.0  5.5 0.0245 23  32   -37   9  84.0  158   -57   101   0.7 0.006758 999999.99 99999.99 99999.99 99999.99 99999.99 99999.99  0
1997 283 14 2242 51 52  60  48   8.8   8.7  40.7  51.5   4.1   5.2   5.7   7.3   2.6   0.2   1.0   0.7   0.6   0.3   17390.   9.6  414.  -0.3  -0.9 0.031    4831.   1.2    5.   0.8   0.5 0.006  3.09  -1.08   0.75   7.3  5.7 0.0224 23  32   -29   9  84.0   51   -19    33   0.7 0.006758 999999.99 99999.99 99999.99 99999.99 99999.99 99999.99  0
1997 283 15 2242 51 52  60  44   9.0   8.5  20.2  86.5   0.5   8.0   2.9   8.5  -0.8   0.2   2.8   2.1   0.8   1.6   13471.  11.0  416.   0.7  -1.5 0.027    1536.   1.0    6.   0.6   0.9 0.004  3.52   0.33   0.80   7.7  5.9 0.0202 33  32   -25  18  84.0  112   -84    29   1.2 0.006758 999999.99 99999.99 99999.99 99999.99 99999.99 99999.99  0
1997 283 16 2242 51 52  61  49  13.1  13.0  24.6  75.4   3.0  11.5   5.4  12.7   0.6   2.4   2.8   1.4   2.0   1.3   24162.  20.5  431.  -0.6   1.4 0.038    5408.   5.0   13.   0.4   0.7 0.004  7.33  -0.26   0.76   7.4  5.8 0.0214 33  32   -16  18  84.0  204  -134    70   1.4 0.006758 999999.99 99999.99 99999.99 99999.99 99999.99 99999.99  0
1997 283 17 2242 51 52  60  44  13.7  12.8  -6.2  91.1  -0.3  12.8  -1.4  11.6  -5.7   0.8   4.8   3.0   1.3   3.5   32365.  29.6  449.  -0.7  -0.9 0.030    6135.   2.8    6.   0.7   0.9 0.007 11.16   2.56   1.05   8.9  6.5 0.0150 33  32   -14  18  84.0  556  -379   177   3.0 0.006758      1.08     0.81     0.76     0.72     0.64     0.55 -1
1997 283 18 2242 51 52  60  48  12.7  11.3 -18.4  93.2  -0.6  10.7  -3.6   9.1  -6.6   0.6   5.6   1.2   1.8   5.2   30481.  30.2  447.  -1.4   0.5 0.043   13205.   6.1    3.   1.2   1.1 0.009 11.81   2.95   1.24   9.7  6.7 0.0127 47  32   -38  39  84.0 1114  -875   239   5.8 0.006758      0.98     0.79     0.75     0.70     0.61     0.50 -1
1997 283 19 2242 51 52  60  45  13.8  13.1   0.4  89.5   0.1  13.1   0.1  12.7  -3.3   0.5   3.9   1.0   0.8   3.7   43467.  12.7  444.  -3.0   4.9 0.015   15177.   4.2    4.   1.0   1.9 0.005  4.43   1.47   0.48   5.7  4.8 0.0362 47  32   -65  39  84.0  792  -564   228   5.1 0.006758      0.94     0.83     0.79     0.75     0.65     0.54 -1
1997 283 20 2242 51 52  60  47  13.5  13.1   0.9  92.3  -0.5  13.1   0.2  12.8  -2.8   0.6   2.8   0.8   0.8   2.5   37337.  23.0  439.  -2.4  -0.9 0.020    9112.   3.7    3.   0.7   1.9 0.014  7.99   1.23   0.87   7.8  5.9 0.0196 47  32   -59  39  84.0  913  -601   312   4.8 0.006758      0.88     0.82     0.79     0.75     0.65     0.52 -1
1997 283 21 2242 51 52  60  48  12.7  10.6 -77.2 141.1  -1.8   1.5 -10.4  -0.7 -10.5   0.9   7.0   1.0   5.9   3.5   33085.  20.9  438.  -1.6  -0.7 0.044   10874.   4.7    3.   1.7   1.5 0.014  7.87   4.60   0.87   7.9  6.0 0.0191 63  32   -64  94  84.0  816  -599   217   5.4 0.006758      0.84     0.80     0.76     0.72     0.63     0.51 -1
1997 283 22 2242 51 52  59  47  13.5  13.4 -39.8 118.0  -4.8   9.1  -8.6   7.1 -10.3   0.5   1.5   0.9   1.1   0.6   14728.  15.2  435.  -2.7  -1.3 0.021    4559.   3.7    6.   1.0   0.8 0.004  5.21   4.48   0.50   6.3  5.3 0.0301 63  32   -74  94  84.0 1008  -743   265   7.8 0.006758      0.95     0.93     0.90     0.86     0.69     0.51 -1
1997 283 23 2242 51 52  60  48  13.7  13.4 -39.7 127.2  -6.2   8.2  -8.5   6.2 -10.0   0.2   2.6   1.1   1.5   1.8   14548.  12.8  427.  -2.7  -1.6 0.024    2070.   1.4    4.   0.8   1.3 0.005  4.27   4.27   0.41   5.6  4.8 0.0383 63  32   -92  94  84.0  678  -504   174   5.5 0.006758 999999.99 99999.99 99999.99 99999.99 99999.99 99999.99  0
1997 284  0 2242 51 52  60  46  12.7  12.6 -41.1 130.3  -6.2   7.2  -8.3   5.1  -9.7   0.3   1.4   0.5   1.0   0.9   13810.  12.9  431.  -2.6  -0.7 0.020    1922.   1.3    3.   0.6   0.7 0.003  4.32   4.18   0.47   6.1  5.1 0.0320 57  35  -107  67  85.8  590  -469   121   4.4 0.006721 999999.99 99999.99 99999.99 99999.99 99999.99 99999.99  0
1997 284  1 2242 51 52  60  48  12.8  12.6 -46.4 154.4  -7.8   3.7  -9.1   1.3  -9.7   0.3   2.2   0.7   1.8   0.9   11651.  11.4  427.  -1.4   0.4 0.026    1180.   1.3    3.   1.3   0.6 0.003  3.83   4.14   0.41   5.6  4.8 0.0375 57  35  -118  67  85.8  661  -517   144   3.7 0.006721 999999.99 99999.99 99999.99 99999.99 99999.99 99999.99  0
1997 284  2 2242 51 52  60  47  13.2  13.1 -47.7 184.0  -8.8  -0.6  -9.7  -3.4  -9.1   0.1   1.3   0.8   0.7   0.7   13547.   9.1  427.   1.4   0.6 0.026    1484.   0.8    5.   0.5   0.4 0.002  3.06   3.89   0.31   4.9  4.3 0.0500 57  35  -123  67  85.8  735  -653    82   5.4 0.006721 999999.99 99999.99 99999.99 99999.99 99999.99 99999.99  0
1997 284  3 2242 51 52  60  43  13.0  12.9 -45.3 179.0  -9.0   0.2  -9.1  -2.8  -8.6   0.3   1.6   0.5   1.3   0.8   14889.   8.7  422.   0.6   0.9 0.027    2463.   3.0    5.   1.0   0.4 0.004  2.87   3.63   0.31   4.8  4.3 0.0519 63  35  -130  94  85.8  624  -526    98   4.5 0.006721 999999.99 99999.99 99999.99 99999.99 99999.99 99999.99  0
1997 284  4 2242 51 52  60  46  12.9  12.8 -41.3 203.6  -8.8  -3.8  -8.5  -6.7  -6.4   0.2   1.6   0.4   1.3   0.9   15844.   6.8  421.   3.0   0.9 0.031    2041.   1.5    3.   1.0   0.6 0.003  2.26   2.69   0.25   4.3  3.9 0.0657 63  35  -114  94  85.8  782  -522   260   6.4 0.006721 999999.99 99999.99 99999.99 99999.99 99999.99 99999.99  0
1997 284  5 2242 51 52  60  45  12.9  12.8 -43.9 210.1  -8.0  -4.6  -8.9  -7.9  -6.1   0.1   0.8   0.3   0.7   0.4   16645.   5.7  427.   1.7   2.0 0.035    1726.   0.4    3.   1.5   0.4 0.004  1.98   2.60   0.21   4.0  3.6 0.0762 63  35  -105  94  85.8  489  -258   231   3.0 0.006721 999999.99 99999.99 99999.99 99999.99 99999.99 99999.99  0
1997 284  6 2242 51 52  59  46  12.9  12.8 -35.0 217.1  -8.3  -6.3  -7.3  -9.0  -3.5   0.1   1.4   0.6   0.7   1.1   19081.   6.1  418.   2.9   0.8 0.032    2313.   0.5    6.   0.6   0.9 0.003  2.01   1.46   0.22   4.0  3.7 0.0743 37  35   -98  22  85.8  283  -186    96   2.3 0.006721 999999.99 99999.99 99999.99 99999.99 99999.99 99999.99  0
1997 284  7 2242 51 52  60  48  12.9  12.8 -30.3 214.2  -9.2  -6.2  -6.5  -8.6  -2.5   0.1   0.9   0.4   0.6   0.6   14639.   6.4  404.   3.1   0.4 0.032    2444.   0.6    5.   0.5   0.6 0.003  1.97   1.01   0.23   4.0  3.6 0.0758 37  35   -93  22  85.8  278  -205    73   1.9 0.006721 999999.99 99999.99 99999.99 99999.99 99999.99 99999.99  0
1997 284  8 2242 51 52  59  48  12.6  12.5 -24.3 219.2  -8.8  -7.2  -5.2  -8.9  -0.6   0.1   0.7   0.3   0.5   0.4   12499.   7.0  399.   3.9  -1.1 0.026     977.   0.5    3.   0.4   0.4 0.004  2.05   0.24   0.26   4.2  3.8 0.0678 37  35   -79  22  85.8  409  -254   156   3.3 0.006721 999999.99 99999.99 99999.99 99999.99 99999.99 99999.99  0
1997 284  9 2242 51 52  61  47  12.2  12.1 -16.8 222.4  -8.6  -7.8  -3.5  -8.5   1.3   0.1   0.9   0.4   0.3   0.7   14740.   7.1  395.   4.2  -1.6 0.025    3621.   0.4    4.   0.2   0.8 0.002  2.03  -0.51   0.28   4.3  3.9 0.0639 17  35   -73   6  85.8   82   -54    28   1.1 0.006721 999999.99 99999.99 99999.99 99999.99 99999.99 99999.99  0
1997 284 10 2242 51 52  59  45  11.8  11.7 -22.0 233.8  -6.4  -8.8  -4.4  -9.8   1.1   0.1   1.4   0.6   0.6   1.2   21108.   6.1  399.   3.4   0.2 0.026    2972.   0.3    5.   0.6   0.4 0.002  1.79  -0.44   0.27   4.2  3.8 0.0682 17  35   -69   6  85.8  145  -108    37   1.1 0.006721 999999.99 99999.99 99999.99 99999.99 99999.99 99999.99  0
1997 284 11 2242 51 52  60  44  11.9  11.8  -2.4 237.8  -6.3 -10.0  -0.5  -8.7   5.0   0.1   1.5   0.6   0.4   1.3   29008.   6.9  385.   2.2   0.5 0.023    3753.   0.9    8.   0.7   1.4 0.004  1.87  -1.93   0.32   4.2  3.8 0.0659 17  35   -67   6  85.8   70   -31    38   0.9 0.006721 999999.99 99999.99 99999.99 99999.99 99999.99 99999.99  0
1997 284 12 2242 51 52  59  48  11.7  11.7   5.9 237.5  -6.3  -9.8   1.2  -7.7   6.2   0.1   0.6   0.3   0.1   0.6   25696.   6.9  385.   2.3   2.0 0.015    1517.   0.5    2.   0.3   0.4 0.002  1.81  -2.39   0.32   4.3  3.8 0.0637  3  35   -63   2  85.8   34    -7    27   0.5 0.006721      0.84     0.81     0.79     0.74     0.67     0.58 -1
1997 284 13 2242 51 52  60  43  11.5  11.5   8.2 235.3  -6.5  -9.3   1.6  -7.3   6.0   0.1   1.1   0.7   0.5   0.8   23600.   6.2  382.   2.1   2.4 0.014    1737.   0.6    7.   0.7   0.8 0.002  1.60  -2.29   0.30   4.1  3.7 0.0695  3  35   -60   2  85.8   31   -15    16   0.4 0.006721      0.81     0.77     0.74     0.70     0.61     0.49 -1
1997 284 14 2242 51 52  60  47  10.9  10.9   3.8 232.6  -6.6  -8.6   0.7  -7.3   4.6   0.3   1.2   0.3   0.5   1.0   25077.   6.1  372.   2.1  -0.6 0.015    4950.   0.6    3.   0.6   1.8 0.001  1.49  -1.71   0.33   4.2  3.7 0.0670  3  35   -59   2  85.8   29   -17    11   0.9 0.006721      0.87     0.83     0.80     0.76     0.67     0.54 -1
1997 284 15 2242 51 52  61  48  10.4  10.2  18.1 226.3  -6.7  -7.0   3.2  -5.0   5.9   0.2   1.9   0.9   0.6   1.5   32934.   6.7  372.   2.4   0.7 0.015    5187.   0.9    7.   0.7   2.1 0.002  1.64  -2.19   0.42   4.6  4.0 0.0555  7  35   -55   3  85.8   33   -23    10   0.7 0.006721      0.78     0.76     0.74     0.69     0.59     0.47 -1
1997 284 16 2242 51 52  60  46  10.4  10.1  20.8 216.7  -7.5  -5.6   3.6  -3.8   5.5   0.2   2.4   1.4   1.3   1.6   24035.   5.3  385.   1.4  -5.0 0.020    3033.   1.0   11.   1.3   1.8 0.008  1.42  -2.12   0.31   4.3  3.8 0.0655  7  35   -55   3  85.8   35   -30     5   0.4 0.006721      0.81     0.79     0.76     0.72     0.63     0.50 -1
1997 284 17 2242 51 52  61  48  10.0   9.8  32.1 205.7  -7.5  -3.6   5.2  -1.6   6.1   0.2   1.6   0.8   0.6   1.2   28166.   4.7  398.   0.4  -7.3 0.024    4125.   0.9    6.   0.9   1.1 0.006  1.36  -2.43   0.31   4.3  3.8 0.0639  7  35   -55   3  85.8   23   -18     5   0.1 0.006721      0.84     0.82     0.79     0.75     0.66     0.51 -1
1997 284 18 2242 51 52  59  47  10.1  10.0  37.9 211.8  -6.7  -4.2   6.1  -2.2   7.1   0.2   1.7   1.1   1.2   0.4   24804.   5.0  392.   0.8  -5.4 0.021    3783.   1.2   11.   1.3   0.6 0.006  1.39  -2.78   0.31   4.3  3.9 0.0632  3  35   -52   2  85.8   21   -16     5  -0.4 0.006721      0.86     0.83     0.80     0.76     0.68     0.55 -1
1997 284 19 2242 51 52  59  45   9.6   9.4  43.6 223.4  -5.0  -4.7   6.5  -2.9   7.5   0.2   1.5   1.1   0.6   0.8   25376.   6.1  384.  -0.0  -5.9 0.012    2871.   0.6    7.   0.9   0.8 0.001  1.57  -2.88   0.42   4.9  4.2 0.0487  3  35   -48   2  85.8   26   -18     9  -0.5 0.006721      0.79     0.76     0.73     0.69     0.62     0.50 -1
1997 284 20 2242 51 52  61  49   9.5   9.4  53.0 230.0  -3.6  -4.3   7.5  -2.5   8.3   0.1   1.4   1.2   0.6   0.4   24147.   5.5  393.  -1.6  -6.1 0.011    4321.   0.4    8.   0.6   0.6 0.001  1.48  -3.26   0.39   4.9  4.2 0.0505  3  35   -44   2  85.8   27   -16    11  -0.8 0.006721      0.80     0.79     0.75     0.71     0.62     0.49 -1
1997 284 21 2242 51 52  60  47   9.7   9.6  48.6 238.6  -3.3  -5.4   7.2  -3.8   8.2   0.1   1.4   0.6   0.9   0.7   30963.   6.6  397.  -0.8  -5.0 0.009    5565.   0.4    5.   0.9   1.1 0.001  1.80  -3.26   0.46   5.3  4.4 0.0430  3  35   -38   2  85.8   26   -12    14  -0.6 0.006721      0.82     0.80     0.77     0.73     0.64     0.53 -1
1997 284 22 2242 51 52  60  47   9.3   9.1  59.7 221.4  -3.4  -3.0   7.9  -1.3   8.3   0.1   1.7   0.8   1.3   0.7   41514.   7.5  391.   0.3  -3.5 0.010    3858.   0.5    5.   1.0   0.7 0.001  1.99  -3.25   0.61   5.8  4.7 0.0359  3  35   -35   2  85.8   22    -9    13  -0.5 0.006721      0.84     0.82     0.79     0.75     0.65     0.52 -1
1997 284 23 2242 51 52  59  47   8.9   8.6  65.6 187.5  -3.5  -0.5   7.9   1.1   7.8   0.1   2.1   1.3   1.5   0.6   47578.   7.4  384.  -1.7  -3.2 0.013    6153.   0.6   11.   1.6   0.7 0.002  1.92  -3.00   0.68   5.9  4.7 0.0345  3  35   -33   2  85.8   19    -8    11  -0.3 0.006721      0.82     0.81     0.77     0.73     0.66     0.55 -1
1997 285  0 2242 51 52  54  36   8.6   7.8  47.9 142.9  -4.2   3.1   5.8   4.3   5.0   0.3   3.3   0.9   2.3   2.2   56665.   7.2  375.  -5.9  -0.9 0.014   13081.   1.0    6.   2.5   2.3 0.002  1.79  -1.88   0.75   5.9  4.6 0.0348  7  36   -32   3  88.3   19    -9    10  -0.2 0.006758 999999.99 99999.99 99999.99 99999.99 99999.99 99999.99  0
1997 285  1 2242 51 52  51  33   8.1   7.7  65.1 169.5  -3.2   0.6   7.0   2.3   6.6   0.1   2.1   0.8   1.9   0.6   48151.   7.8  369.  -0.7  -3.0 0.010    5123.   0.6    6.   2.0   0.5 0.002  1.84  -2.44   0.87   6.4  4.8 0.0294  7  36   -32   3  88.3   16    -7     9  -0.2 0.006758 999999.99 99999.99 99999.99 99999.99 99999.99 99999.99  0
1997 285  2 2242 51 52  61  48   8.5   7.3  51.0 159.3  -4.3   1.6   5.6   3.1   4.9   0.3   4.3   1.2   3.6   1.9   47615.   7.1  359.  -1.3  -1.7 0.013   15514.   0.9   12.   3.7   2.2 0.004  1.61  -1.76   0.72   5.6  4.4 0.0376  7  36   -35   3  88.3   19   -11     8  -0.2 0.006758 999999.99 99999.99 99999.99 99999.99 99999.99 99999.99  0
1997 285  3 2242 51 52  60  38   9.1   8.7  -0.2  98.9  -1.3   8.6   0.0   8.1  -2.8   0.1   2.5   1.0   0.6   2.2   47110.   5.3  382.  -4.5   2.9 0.009    5347.   0.3    6.   0.6   2.0 0.001  1.34   1.07   0.47   4.8  4.1 0.0509 27  36   -40  12  88.3   32   -17    15   0.3 0.006758 999999.99 99999.99 99999.99 99999.99 99999.99 99999.99  0
1997 285  4 2242 51 52  61  47   8.7   8.0   1.0 100.1  -1.4   7.9   0.1   7.4  -2.9   0.4   3.1   1.0   0.8   2.8   62463.   5.4  383.  -3.4   3.0 0.012   21424.   0.7    8.   1.4   2.6 0.004  1.39   1.11   0.57   5.1  4.2 0.0455 27  36   -44  12  88.3  192  -158    34   1.0 0.006758 999999.99 99999.99 99999.99 99999.99 99999.99 99999.99  0
1997 285  5 2242 51 52  58  44   8.6   8.4  34.1  96.8  -0.8   6.9   4.7   8.2   1.3   0.2   1.9   1.4   0.9   0.9   88652.   6.3  387.  -2.0  -1.0 0.013   11535.   0.7    8.   1.1   0.9 0.003  1.66  -0.50   0.77   5.6  4.4 0.0373 27  36   -46  12  88.3  265  -215    50   2.0 0.006758 999999.99 99999.99 99999.99 99999.99 99999.99 99999.99  0
1997 285  6 2242 51 52  60  47   7.5   6.8  46.4 170.6  -4.6   0.8   4.9   3.0   4.0   0.5   3.2   0.9   2.6   1.6  104921.   7.2  369.   3.1  -1.4 0.016   23742.   1.3    7.   2.7   1.5 0.003  1.74  -1.48   1.24   6.6  4.6 0.0273 20  36   -43   7  88.3   91   -62    29   0.7 0.006758 999999.99 99999.99 99999.99 99999.99 99999.99 99999.99  0
1997 285  7 2242 51 52  61  42   8.2   7.7  28.1 120.3  -3.4   5.9   3.6   6.9   0.2   0.2   2.6   1.7   1.7   1.1   81559.   5.8  368.  -1.7  -1.0 0.011   17136.   0.9   11.   2.0   1.5 0.002  1.37  -0.07   0.75   5.4  4.2 0.0407 20  36   -39   7  88.3   46   -34    12   0.4 0.006758 999999.99 99999.99 99999.99 99999.99 99999.99 99999.99  0
1997 285  8 2242 51 52  61  49   8.1   8.0  20.1 103.3  -1.7   7.3   2.8   7.7  -1.4   0.1   1.3   1.2   0.3   0.5   75236.   5.9  384.  -3.0  -1.0 0.009    7114.   0.4    9.   0.3   0.7 0.002  1.51   0.54   0.76   5.8  4.5 0.0359 20  36   -39   7  88.3   86   -73    14   1.2 0.006758 999999.99 99999.99 99999.99 99999.99 99999.99 99999.99  0
1997 285  9 2242 51 52  59  43   7.6   7.3   5.5 105.6  -1.9   7.0   0.7   6.3  -3.2   0.2   2.2   1.8   0.7   1.1   75181.   5.5  381.  -2.5  -1.4 0.010    8511.   0.5   13.   0.5   1.0 0.002  1.39   1.22   0.81   5.9  4.5 0.0344 20  36   -47   7  88.3  255  -236    19   2.1 0.006758 999999.99 99999.99 99999.99 99999.99 99999.99 99999.99  0
1997 285 10 2242 51 52  60  35   6.2   5.7  12.4  98.9  -0.9   5.5   1.2   5.3  -2.0   0.5   2.5   1.5   1.0   1.7   77903.   5.6  386.  -1.4  -2.4 0.010   11484.   0.4   10.   1.4   1.2 0.002  1.45   0.77   1.25   7.4  5.1 0.0219 20  36   -49   7  88.3  305  -246    59   2.1 0.006758 999999.99 99999.99 99999.99 99999.99 99999.99 99999.99  0
1997 285 11 2242 51 52  60   7   5.4   5.1  19.7 115.6  -2.1   4.3   1.7   4.5  -0.9   0.2   1.6   0.9   0.5   1.2   90718.   6.1  379.   0.0  -2.8 0.015   16748.   0.5    4.   0.6   1.1 0.002  1.55   0.34   1.91   8.7  5.3 0.0158 20  36   -44   7  88.3  269  -203    67   2.2 0.006758 999999.99 99999.99 99999.99 99999.99 99999.99 99999.99  0
1997 285 12 2242 51 52  46  11   5.3   4.6  -5.2 125.1  -2.7   3.8  -0.4   3.0  -2.3   0.1   2.5   1.7   0.8   1.5   86115.   5.6  380.  -0.5  -0.7 0.013   18185.   1.1   15.   1.3   1.8 0.003  1.42   0.87   1.78   8.5  5.3 0.0165 13  36   -42   5  88.3  115   -91    25   1.6 0.006758 999999.99 99999.99 99999.99 99999.99 99999.99 99999.99  0
1997 285 13 2242 51 52  55  22   5.5   5.2   3.7 148.7  -4.4   2.7   0.3   2.5  -1.1   0.1   1.6   0.7   0.8   1.1   95879.   6.0  366.   0.6  -1.2 0.020    7898.   0.4    3.   1.1   0.9 0.002  1.45   0.40   1.85   8.2  5.1 0.0179 13  36   -40   5  88.3  108   -86    23   0.7 0.006758      2.40     1.32     0.90     0.76     0.65     0.51 -1
1997 285 14 2242 51 52  59  16   5.6   5.4 -19.0 162.9  -4.9   1.5  -1.8   0.5  -2.3   0.3   1.2   0.4   0.7   0.9   71626.   4.4  352.   0.5   0.8 9.999   16317.   1.4   10.   0.9   1.1 9.999  1.09   0.81   1.17   6.6  4.7 0.0274 13  36   -39   5  88.3  111   -79    32   1.1 0.006758      2.87     1.35     0.89     0.75     0.65     0.52 -1
1997 285 15 2242 51 52  60  29   5.7   5.5  -6.5 156.0  -5.0   2.2  -0.6   1.7  -1.5   0.1   1.3   0.5   0.7   1.0   56085.   3.9  342.  -1.1   0.3 9.999    5277.   0.2    3.   1.2   0.7 9.999  0.91   0.51   0.92   5.9  4.4 0.0339 10  36   -40   4  88.3   91   -67    24   0.6 0.006758      3.13     1.40     0.94     0.79     0.68     0.54 -1
1997 285 16 2242 51 52  60  46   5.5   5.1  -5.0 142.7  -4.0   3.1  -0.4   2.7  -1.5   0.3   2.1   1.1   1.7   0.7   76612.   4.9  358.  -1.2  -0.6 0.012   18771.   1.2   13.   1.4   1.1 0.003  1.10   0.54   1.38   7.2  4.9 0.0229 10  36   -39   4  88.3  117   -99    19   0.9 0.006758      3.40     1.37     0.91     0.78     0.68     0.58 -1
1997 285 17 2242 51 52  61  24   5.3   5.2  -5.2 162.9  -5.0   1.5  -0.5   1.2  -1.0   0.3   1.2   0.5   0.9   0.6   69623.   4.0  346.   0.3  -0.1 9.999   10948.   0.4    3.   0.8   0.6 9.999  0.96   0.35   1.17   6.5  4.6 0.0279 10  36   -39   4  88.3   94   -86     9   0.6 0.006758      3.22     1.27     0.85     0.73     0.64     0.54 -1
1997 285 18 2242 51 52  58  11   5.1   4.8   6.4 142.2  -3.8   2.9   0.5   2.9  -0.4   0.2   1.7   0.9   0.5   1.3   88351.   6.1  367.  -1.8  -1.0 0.007   14580.   1.1    9.   1.4   1.3 0.000  1.41   0.15   2.11   8.9  5.3 0.0151  7  36   -34   3  88.3   98   -79    19   0.4 0.006758      3.38     1.29     0.89     0.78     0.69     0.58 -1
1997 285 19 2242 51 52  58  38   4.8   4.6   3.7 151.5  -4.0   2.2   0.3   2.2  -0.3   0.3   1.2   0.4   1.0   0.6   86966.   5.8  361.  -0.6  -0.3 0.011   13515.   0.7    5.   0.9   0.5 0.007  1.32   0.11   2.25   9.1  5.3 0.0145  7  36   -33   3  88.3   74   -54    20   0.3 0.006758      3.55     1.26     0.90     0.79     0.68     0.54 -1
1997 285 20 2242 51 52  62  48   4.4   4.3   1.5 162.6  -4.1   1.3   0.1   1.3  -0.2   0.1   0.9   0.2   0.6   0.6   78981.   5.4  363.   0.3  -0.2 0.018   16618.   0.4    4.   1.1   0.8 0.000  1.27   0.07   2.41   9.6  5.5 0.0129  7  36   -32   3  88.3   40   -22    18   0.2 0.006758      3.32     1.19     0.86     0.75     0.66     0.55 -1
1997 285 21 2242 51 52  59  41   4.2   4.0   6.3 156.2  -3.7   1.6   0.4   1.6   0.1   0.2   0.9   0.3   0.6   0.6   81892.   5.4  362.   0.7  -0.8 0.012   18810.   0.3    2.   0.8   0.7 0.000  1.24  -0.04   2.68  10.0  5.5 0.0119  7  36   -34   3  88.3   31   -13    18   0.2 0.006758      3.36     1.27     0.85     0.74     0.63     0.50 -1
1997 285 22 2242 51 52  60  44   4.5   4.2   8.0 131.9  -2.8   3.1   0.6   3.2   0.0   0.2   1.5   0.7   0.8   1.0   66066.   6.2  363.  -0.3  -1.6 9.999    8823.   0.8    5.   1.1   1.0 9.999  1.63  -0.00   2.48  10.0  5.7 0.0118  7  36   -33   3  88.3   32   -13    19   0.2 0.006758      3.43     1.28     0.84     0.72     0.62     0.50 -1
1997 285 23 2242 51 52  60  45   4.8   4.6   2.1 129.6  -2.9   3.5   0.2   3.5  -0.5   0.1   1.4   0.5   0.8   1.1   52448.   4.9  351.  -1.9  -2.1 9.999   10911.   0.9    7.   1.7   1.7 9.999  1.21   0.18   1.60   8.1  5.2 0.0182  7  36   -33   3  88.3   73   -51    22   0.4 0.006758      4.05     1.41     0.85     0.72     0.63     0.51 -1
1997 286  0 2242 51 52  61  45   4.9   4.1 -38.5 106.7  -0.9   3.1  -2.6   2.4  -3.2   0.8   2.7   1.2   0.8   2.2   40455.   5.2  369.   0.9   0.9 0.010   16062.   0.7    8.   1.4   2.1 0.002  1.23   1.18   1.52   8.6  5.6 0.0161 27  42   -31  12  87.8  163  -130    33   1.3 0.006649 999999.99 99999.99 99999.99 99999.99 99999.99 99999.99  0
1997 286  1 2242 51 52  60  48   6.0   5.7 -16.6  67.5   2.1   5.1  -1.6   4.5  -2.8   0.3   1.7   0.7   0.4   1.5   37067.   5.7  374.   0.6  -0.0 0.009    3800.   0.3    3.   0.8   1.0 0.001  1.38   1.05   1.09   7.4  5.3 0.0215 27  42   -34  12  87.8  362  -288    75   2.9 0.006649 999999.99 99999.99 99999.99 99999.99 99999.99 99999.99  0
1997 286  2 2242 51 52  60  46   5.5   5.2  -9.5  94.0  -0.4   5.1  -0.9   4.6  -2.3   0.2   1.9   1.4   0.6   1.0   42345.   5.0  364.  -0.1  -0.4 0.011    6674.   0.4    7.   0.8   0.9 0.002  1.16   0.84   1.17   7.4  5.2 0.0217 27  42   -39  12  87.8  235  -140    95   2.0 0.006649 999999.99 99999.99 99999.99 99999.99 99999.99 99999.99  0
1997 286  3 2242 51 52  59  46   5.6   5.4 -12.7  99.5  -0.9   5.2  -1.2   4.5  -2.8   0.1   1.2   0.9   0.4   0.8   42422.   5.0  362.  -0.2  -0.9 0.011    5445.   0.3    5.   0.5   0.7 0.001  1.14   1.01   1.13   7.2  5.1 0.0228 20  42   -40   7  87.8  135   -83    52   1.2 0.006649 999999.99 99999.99 99999.99 99999.99 99999.99 99999.99  0
1997 286  4 2242 51 52  60  48   5.4   5.2 -11.6 104.0  -1.2   5.0  -1.0   4.3  -2.8   0.1   1.2   0.4   0.3   1.1   46927.   5.1  356.   0.0  -1.4 0.012    3879.   0.2    4.   0.4   1.1 0.001  1.13   1.00   1.28   7.4  5.1 0.0215 20  42   -41   7  87.8  241  -159    82   1.9 0.006649 999999.99 99999.99 99999.99 99999.99 99999.99 99999.99  0
1997 286  5 2242 51 52  60  45   5.5   5.0 -22.9 103.4  -1.1   4.5  -1.9   3.3  -3.6   0.1   2.2   1.6   1.1   0.9   37486.   5.2  350.   0.4  -1.0 0.015   10211.   0.6   10.   1.2   0.8 0.003  1.13   1.26   1.19   7.3  5.1 0.0226 20  42   -42   7  87.8  297  -154   143   2.2 0.006649 999999.99 99999.99 99999.99 99999.99 99999.99 99999.99  0
1997 286  6 2242 51 52  59  47   5.5   4.9 -11.4  97.5  -0.6   4.8  -1.0   3.8  -3.1   0.1   2.3   1.8   0.7   1.3   32804.   5.2  353.  -0.2  -1.7 0.014    4791.   0.5    8.   0.6   1.3 0.002  1.14   1.09   1.15   7.3  5.2 0.0222 10  42   -43   4  87.8  209  -114    95   2.2 0.006649 999999.99 99999.99 99999.99 99999.99 99999.99 99999.99  0
1997 286  7 2242 51 52  61  49   5.5   5.0 -19.3  87.8   0.2   4.8  -1.7   3.3  -3.9   0.1   2.2   1.9   0.2   0.9   34109.   5.0  353.  -1.1  -1.2 0.011    8719.   0.4    8.   0.5   0.8 0.002  1.09   1.38   1.12   7.2  5.1 0.0231 10  42   -43   4  87.8  183  -114    69   2.4 0.006649 999999.99 99999.99 99999.99 99999.99 99999.99 99999.99  0
1997 286  8 2242 51 52  60  47   6.4   6.0 -20.3  84.4   0.5   5.6  -2.1   3.7  -4.7   0.4   2.3   1.3   0.6   1.8   35158.   5.0  358.  -0.8  -1.7 0.010    4880.   0.4    4.   0.5   1.0 0.001  1.11   1.68   0.83   6.3  4.8 0.0304 10  42   -45   4  87.8  198  -139    59   2.5 0.006649 999999.99 99999.99 99999.99 99999.99 99999.99 99999.99  0
1997 286  9 2242 51 52  60  46   6.7   6.6  -0.9  86.5   0.4   6.6  -0.1   5.5  -3.6   0.2   1.2   0.7   0.2   1.0   33626.   5.6  360.  -1.6  -3.6 0.010    4081.   0.2    4.   0.2   0.8 0.001  1.26   1.30   0.84   6.4  4.8 0.0294 23  42   -45   9  87.8  524  -391   133   3.2 0.006649 999999.99 99999.99 99999.99 99999.99 99999.99 99999.99  0
1997 286 10 2242 51 52  60  48   6.2   6.1  11.8  90.4   0.0   6.0   1.2   5.7  -2.2   0.2   1.2   0.5   0.3   1.0   34443.   5.4  358.  -1.9  -4.3 0.009    4938.   0.3    3.   0.4   0.7 0.001  1.20   0.79   0.95   6.7  5.0 0.0264 23  42   -45   9  87.8  393  -274   119   3.3 0.006649 999999.99 99999.99 99999.99 99999.99 99999.99 99999.99  0
1997 286 11 2242 51 52  59  45   5.4   5.1  10.2 103.8  -1.2   4.9   0.9   4.6  -1.9   0.3   1.8   1.4   0.5   1.1   31635.   5.2  348.  -2.3  -4.8 0.008    6750.   0.7    6.   0.9   1.0 0.003  1.09   0.66   1.19   7.3  5.2 0.0220 23  42   -46   9  87.8  173  -123    51   1.7 0.006649 999999.99 99999.99 99999.99 99999.99 99999.99 99999.99  0
1997 286 12 2242 51 52  59  47   5.2   5.1   7.3 110.4  -1.8   4.7   0.6   4.3  -1.9   0.1   1.1   0.9   0.4   0.4   27149.   5.5  342.  -3.2  -4.3 0.006    3187.   0.3    7.   0.6   0.7 0.001  1.10   0.65   1.32   7.7  5.3 0.0200 10  42   -44   4  87.8  105   -74    31   1.1 0.006649      8.48     1.45     0.86     0.73     0.64     0.52 -1
1997 286 13 2242 51 52  60  45   5.6   5.5  -0.3 111.6  -2.0   5.1   0.0   4.4  -2.5   0.1   1.1   0.7   0.4   0.7   16960.   4.5  328.  -2.0  -6.3 0.006    4760.   0.3    5.   0.5   1.1 0.002  0.83   0.82   0.87   6.2  4.7 0.0308 10  42   -41   4  87.8  114   -89    25   0.8 0.006649      8.87     1.53     0.88     0.75     0.65     0.52 -1
1997 286 14 2242 51 52  60  47   5.2   5.1 -17.1  95.4  -0.5   4.9  -1.5   3.7  -3.6   0.2   1.1   0.5   0.3   1.0   14062.   5.7  334.  -2.2  -4.3 0.010    3554.   0.7    3.   0.6   0.9 0.002  1.10   1.20   1.25   7.7  5.3 0.0202 10  42   -39   4  87.8  121   -93    29   1.2 0.006649      7.94     1.44     0.87     0.74     0.65     0.54 -1
1997 286 15 2242 51 52  59  44   4.9   4.9  -6.6  89.6   0.0   4.8  -0.6   4.1  -2.6   0.1   0.9   0.7   0.2   0.5   10595.   6.5  333.  -2.7  -4.8 0.012    2318.   0.4    5.   1.3   0.8 0.001  1.26   0.87   1.56   8.7  5.7 0.0158  7  42   -41   3  87.8  168  -149    19   1.5 0.006649      9.11     1.69     0.92     0.77     0.67     0.54 -1
1997 286 16 2242 51 52  60  49   5.1   4.9 -10.6 101.5  -1.0   4.8  -0.9   4.1  -2.6   0.1   1.1   0.7   0.4   0.8   13251.   5.5  326.  -2.5  -4.3 0.017    2133.   0.4    6.   0.5   1.0 0.003  1.04   0.85   1.25   7.5  5.2 0.0212  7  42   -41   3  87.8  246  -199    47   1.6 0.006649      8.48     1.64     0.90     0.75     0.67     0.57 -1
1997 286 17 2242 51 52  60  46   4.8   4.7 -20.5 111.0  -1.6   4.1  -1.6   3.3  -2.9   0.1   1.2   0.6   0.5   0.9   14847.   5.2  321.  -2.3  -3.4 0.018    1955.   0.3    5.   0.4   1.1 0.003  0.96   0.93   1.34   7.6  5.2 0.0205  7  42   -40   3  87.8  155  -127    28   1.2 0.006649      5.41     1.25     0.85     0.73     0.65     0.53 -1
1997 286 18 2242 51 52  60  48   4.8   4.7 -21.4 118.6  -2.1   3.8  -1.7   3.1  -2.7   0.2   1.2   0.5   0.4   1.0   13011.   4.9  316.  -2.5  -3.4 0.014    2528.   0.3    5.   0.6   1.5 0.003  0.86   0.85   1.25   7.3  5.1 0.0224 13  42   -39   5  87.8  123   -91    32   1.1 0.006649      5.07     1.20     0.87     0.78     0.67     0.53 -1
1997 286 19 2242 51 52  59  47   4.4   4.3   2.2 108.2  -1.3   4.1   0.2   4.0  -0.8   0.0   1.0   0.6   0.3   0.7   14267.   4.9  314.  -2.4  -5.3 0.021    2209.   0.3    5.   1.2   1.1 0.003  0.87   0.25   1.50   7.9  5.2 0.0191 13  42   -37   5  87.8  134  -104    30   1.1 0.006649      5.36     1.22     0.86     0.75     0.66     0.56 -1
1997 286 20 2242 51 52  60  46   4.6   4.5   1.3 123.0  -2.4   3.8   0.1   3.7  -0.8   0.1   0.8   0.5   0.3   0.6   12451.   4.6  306.  -2.8  -6.0 0.024    1516.   0.2    5.   0.3   0.7 0.001  0.79   0.24   1.27   7.1  4.9 0.0234 13  42   -34   5  87.8   46   -34    12   0.7 0.006649      6.07     1.34     0.94     0.82     0.73     0.56 -1
1997 286 21 2242 51 52  60  48   4.7   4.6   7.3 125.8  -2.7   3.7   0.6   3.7  -0.2   0.1   0.5   0.3   0.2   0.3   13519.   4.9  304.  -3.0  -6.4 0.023    1213.   0.2    3.   0.6   0.5 0.001  0.83   0.06   1.31   7.2  4.9 0.0232  7  42   -30   3  87.8   25   -12    13   0.4 0.006649      7.06     1.37     0.85     0.73     0.61     0.47 -1
1997 286 22 2242 51 52  60  47   4.4   4.3  21.2 139.4  -3.0   2.6   1.5   2.8   1.0   0.2   0.9   0.4   0.6   0.6   17780.   5.4  304.  -1.9  -6.9 0.024    3872.   0.5    4.   0.9   0.8 0.003  0.91  -0.30   1.70   8.0  5.1 0.0185  7  42   -28   3  87.8   22    -8    14   0.1 0.006649      5.86     1.23     0.85     0.75     0.66     0.54 -1
1997 286 23 2242 51 52  61  48   4.6   4.3  43.6 135.6  -2.2   2.2   3.0   2.8   2.5   0.4   1.5   0.7   1.1   0.8   19885.   5.5  315.  -0.5  -6.8 0.021    4207.   0.8    3.   1.1   0.8 0.002  0.99  -0.79   1.60   8.0  5.2 0.0184  7  42   -25   3  87.8   16    -4    12  -0.1 0.006649      4.92     1.19     0.87     0.78     0.68     0.57 -1
1997 287  0 2242 51 52  60  45   4.7   4.2  40.3 132.0  -2.2   2.4   2.7   2.9   2.1   0.2   2.0   0.8   1.5   1.1   16393.   5.6  312.  -1.4  -6.5 0.021    4446.   0.5    4.   1.4   1.0 0.003  0.99  -0.66   1.53   7.9  5.2 0.0193  0  35   -22   0  84.3   17    -1    16  -0.1 0.006590      5.25     1.13     0.79     0.69     0.62     0.51 -1
1997 287  1 2242 51 52  60  48   4.1   3.9  52.5  91.1   0.0   2.4   3.1   3.1   2.4   0.2   1.1   1.0   0.2   0.2   17582.   6.6  318.  -1.1  -6.1 0.020    2370.   0.5    4.   0.3   0.4 0.003  1.20  -0.76   2.38  10.0  5.7 0.0120  0  35   -19   0  84.3   19    -1    17   0.0 0.006590      3.93     0.93     0.69     0.63     0.58     0.50 -1
1997 287  2 2242 51 52  59  48   4.0   4.0  34.8 110.8  -1.2   3.0   2.3   3.5   1.4   0.1   0.7   0.3   0.4   0.5   15494.   6.1  308.  -2.4  -6.1 0.025    1688.   0.3    3.   0.8   0.4 0.004  1.06  -0.43   2.28   9.5  5.5 0.0132  0  35   -19   0  84.3   14    -2    12   0.0 0.006590      5.00     1.34     1.03     0.93     0.82     0.64 -1
1997 287  3 2242 51 52  61  47   4.3   4.3  20.1 110.9  -1.4   3.8   1.5   4.1   0.2   0.1   0.3   0.2   0.1   0.3   16551.   6.1  308.  -3.5  -4.7 0.025    2920.   0.3    2.   0.6   0.7 0.003  1.06  -0.06   1.99   8.8  5.4 0.0152 10  35   -20   4  84.3   17    -3    14   0.1 0.006590 999999.99 99999.99 99999.99 99999.99 99999.99 99999.99  0
1997 287  4 2242 51 52  61  48   4.5   4.4  13.9 102.2  -0.9   4.2   1.1   4.3  -0.5   0.2   1.1   0.4   0.3   0.9   21238.   7.3  318.  -3.1  -5.4 0.023    3160.   0.6    3.   0.5   0.8 0.004  1.35   0.16   2.24   9.5  5.6 0.0131 10  35   -22   4  84.3   27    -5    22   0.1 0.006590 999999.99 99999.99 99999.99 99999.99 99999.99 99999.99  0
1997 287  5 2242 51 52  61  47   4.5   3.6   7.1 100.3  -0.6   3.6   0.5   3.5  -1.1   0.4   2.7   1.6   0.7   2.1   38279.   5.1  331.  -1.1  -2.9 0.042    6937.   0.4    4.   0.6   1.1 0.008  1.09   0.36   1.75   8.3  5.2 0.0172 10  35   -24   4  84.3   68   -45    23   0.4 0.006590 999999.99 99999.99 99999.99 99999.99 99999.99 99999.99  0
1997 287  6 2242 51 52  59  47   3.8   3.6 -15.4  84.8   0.3   3.5  -1.0   2.6  -2.5   0.2   1.3   1.0   0.4   0.7   42744.   4.9  333.  -0.1  -1.6 0.049    6523.   0.3    4.   0.3   0.4 0.003  1.09   0.83   2.42   9.7  5.5 0.0126 13  35   -24   5  84.3   70   -46    23   0.5 0.006590 999999.99 99999.99 99999.99 99999.99 99999.99 99999.99  0
1997 287  7 2242 51 52  60  46   3.9   3.8  -4.1 120.4  -1.9   3.3  -0.3   2.7  -1.9   0.1   1.0   0.6   0.2   0.8   46087.   5.2  330.   0.6  -1.4 0.045    2595.   0.2    3.   0.3   0.6 0.004  1.12   0.63   2.48   9.6  5.4 0.0128 13  35   -24   5  84.3  110   -74    37   0.9 0.006590 999999.99 99999.99 99999.99 99999.99 99999.99 99999.99  0
1997 287  8 2242 51 52  61  46   4.1   3.8 -11.0 110.0  -1.3   3.5  -0.7   2.6  -2.4   0.3   1.4   0.6   0.5   1.2   48688.   5.3  337.  -0.1  -0.9 0.045    3700.   0.2    3.   0.6   0.8 0.006  1.19   0.81   2.32   9.5  5.5 0.0133 13  35   -25   5  84.3  190  -117    73   1.7 0.006590 999999.99 99999.99 99999.99 99999.99 99999.99 99999.99  0
1997 287  9 2242 51 52  60  44   4.2   4.0 -16.9 124.4  -2.2   3.2  -1.2   2.1  -2.7   0.2   1.1   0.6   0.6   0.7   47659.   5.5  334.   0.0  -1.3 0.040    3331.   0.3    3.   0.7   0.7 0.005  1.19   0.90   2.28   9.3  5.4 0.0137 13  35   -28   5  84.3   97   -80    18   1.3 0.006590 999999.99 99999.99 99999.99 99999.99 99999.99 99999.99  0
1997 287 10 2242 51 52  60  48   4.5   3.8   6.3 114.3  -1.6   3.5   0.4   3.2  -1.6   0.2   2.3   1.2   0.7   1.9   41687.   5.3  335.  -0.4  -2.5 0.036    5557.   0.5    9.   0.8   2.0 0.006  1.14   0.54   1.85   8.6  5.3 0.0162 13  35   -30   5  84.3   91   -74    17   1.0 0.006590 999999.99 99999.99 99999.99 99999.99 99999.99 99999.99  0
1997 287 11 2242 51 52  60  45   4.5   4.3 -13.2  90.3   0.0   4.2  -1.0   3.0  -3.1   0.2   1.3   0.5   0.5   1.0   40018.   5.8  344.  -1.4  -0.8 0.029    4119.   0.2    2.   0.4   1.0 0.004  1.28   1.07   2.01   9.2  5.6 0.0140 13  35   -29   5  84.3  190  -161    29   1.2 0.006590 999999.99 99999.99 99999.99 99999.99 99999.99 99999.99  0
1997 287 12 2242 51 52  59  46   4.2   4.0  -3.8 103.4  -0.9   3.9  -0.3   3.2  -2.3   0.2   1.3   1.2   0.4   0.5   44188.   5.8  337.  -1.3  -1.7 0.030    5153.   0.3    4.   0.3   0.4 0.003  1.23   0.78   2.36   9.7  5.5 0.0127 17  35   -32   6  84.3  204  -149    55   1.3 0.006590      1.67     0.91     0.83     0.77     0.69     0.58 -1
1997 287 13 2242 51 52  60  46   4.4   4.2   5.1 145.0  -3.5   2.4   0.4   2.3  -0.8   0.1   1.3   0.8   1.0   0.3   36211.   5.8  336.  -0.8  -1.6 0.029    3789.   0.1    3.   0.3   0.3 0.002  1.22   0.27   2.05   9.2  5.5 0.0141 17  35   -30   6  84.3  283  -211    72   1.1 0.006590      1.56     0.92     0.85     0.79     0.70     0.58 -1
1997 287 14 2242 51 52  61  49   4.6   4.0   2.0 136.2  -2.9   2.8   0.1   2.5  -1.2   0.1   2.1   1.5   1.3   0.7   33603.   6.1  338.  -0.4  -1.2 0.028    3001.   0.3    5.   0.7   0.6 0.002  1.29   0.41   1.94   9.1  5.5 0.0144 17  35   -27   6  84.3   91   -59    32   0.6 0.006590      1.49     0.88     0.80     0.75     0.66     0.55 -1
1997 287 15 2242 51 52  59  45   4.5   4.5  12.6 177.1  -4.4   0.2   1.0   0.6   0.8   0.1   0.5   0.1   0.4   0.3   37339.   6.0  330.   1.6  -2.2 0.031    3546.   0.2    1.   0.4   0.3 0.001  1.23  -0.26   2.04   9.0  5.4 0.0147  7  35   -26   3  84.3   67   -31    35   0.4 0.006590      1.50     0.91     0.83     0.79     0.69     0.56 -1
1997 287 16 2242 51 52  60  48   5.1   5.0  26.6 185.0  -4.4  -0.4   2.2   0.5   2.2   0.3   1.0   0.4   0.7   0.7   36234.   6.5  331.   1.4  -3.1 0.034    2475.   0.4    2.   0.4   0.6 0.003  1.35  -0.73   1.71   8.3  5.3 0.0174  7  35   -25   3  84.3   32    -8    24   0.2 0.006590      1.40     0.90     0.83     0.78     0.69     0.57 -1
1997 287 17 2242 51 52  60  46   5.2   5.0  31.8 144.2  -3.4   2.5   2.6   3.2   1.6   0.2   1.3   0.7   1.0   0.5   32393.   6.7  333.   0.3  -3.3 0.031    3348.   0.3    3.   0.5   0.3 0.003  1.39  -0.53   1.66   8.3  5.3 0.0173  7  35   -25   3  84.3   17    -7    10   0.0 0.006590      1.49     0.94     0.87     0.82     0.71     0.57 -1
1997 287 18 2242 51 52  60  46   4.7   4.6  27.7 157.9  -3.7   1.5   2.1   2.0   1.6   0.1   1.0   0.4   0.9   0.2   32733.   6.6  331.   0.8  -2.6 0.029    2474.   0.2    4.   0.4   0.3 0.002  1.35  -0.53   2.00   9.0  5.5 0.0145  3  35   -26   2  84.3   22    -6    16  -0.1 0.006590      1.43     0.90     0.83     0.78     0.68     0.54 -1
1997 287 19 2242 51 52  60  48   4.9   4.9  23.2 176.5  -4.5   0.3   1.9   0.8   1.8   0.1   0.4   0.1   0.3   0.2   30828.   6.3  325.   1.3  -2.6 0.030    1479.   0.2    1.   0.2   0.2 0.002  1.24  -0.58   1.74   8.3  5.3 0.0172  3  35   -24   2  84.3   29    -6    23  -0.1 0.006590      1.38     0.90     0.83     0.78     0.69     0.56 -1
1997 287 20 2242 51 52  60  45   5.1   5.1  20.0 175.0  -4.8   0.4   1.7   0.8   1.6   0.3   0.5   0.3   0.3   0.2   33843.   6.6  325.   0.7  -2.7 0.026    3308.   0.1    2.   0.3   0.5 0.004  1.29  -0.52   1.71   8.2  5.2 0.0178  3  35   -22   2  84.3   27    -5    22  -0.1 0.006590      1.30     0.83     0.78     0.72     0.63     0.52 -1
1997 287 21 2242 51 52  60  55   5.4   5.3  22.9 177.3  -4.9   0.2   2.1   0.6   2.0   0.2   0.8   0.6   0.4   0.4   32065.   7.2  322.   0.6  -3.5 0.021    2568.   0.3    2.   0.4   0.3 0.002  1.35  -0.64   1.65   8.0  5.1 0.0186  0  35   -20   0  84.3   27    -5    21  -0.2 0.006590      1.33     0.87     0.81     0.76     0.68     0.55 -1
1997 287 22 2242 51 52  60  67   5.2   4.9  24.2 178.4  -4.5   0.1   2.0   0.5   1.9   0.2   1.5   0.2   0.9   1.2   26823.   7.4  320.   0.0  -3.4 0.025    2103.   0.4    1.   0.4   0.5 0.004  1.39  -0.61   1.77   8.4  5.3 0.0170  0  35   -18   0  84.3   27    -5    22  -0.2 0.006590      1.34     0.87     0.81     0.76     0.67     0.54 -1
1997 287 23 2242 51 52  60  70   4.9   4.8  -9.0 146.2  -4.0   2.6  -0.8   2.4  -1.3   0.1   1.0   0.2   0.4   0.9   25008.   8.7  323.  -1.2  -2.5 0.029    2440.   0.2    2.   0.4   0.5 0.002  1.69   0.42   2.31   9.7  5.6 0.0126  0  35   -16   0  84.3   38    -8    29   0.3 0.006590      1.28     0.86     0.80     0.75     0.67     0.56 -1
1997 288  0 2242 51 52  60  65   5.4   5.4  25.2 177.7  -4.9   0.2   2.3   0.7   2.2   0.1   0.9   0.2   0.7   0.4   26771.   8.0  324.   0.6  -4.9 0.028    2035.   0.2    2.   0.6   0.5 0.001  1.56  -0.71   1.77   8.5  5.3 0.0165  0  40   -15   0  86.4   21    -5    16  -0.1 0.006529      1.26     0.86     0.81     0.77     0.68     0.54 -1
1997 288  1 2242 51 52  59  68   5.5   5.5  31.5 178.2  -4.7   0.1   2.9   0.8   2.8   0.0   0.6   0.2   0.4   0.3   22898.   7.9  322.   0.5  -4.9 0.029    1821.   0.1    1.   0.5   0.3 0.001  1.53  -0.90   1.64   8.2  5.3 0.0176  0  40   -14   0  86.4   18    -5    12  -0.1 0.006529      1.30     0.90     0.85     0.80     0.69     0.56 -1
1997 288  2 2242 51 52  60  68   5.5   5.4  41.2 163.7  -3.9   1.1   3.5   2.0   3.0   0.1   1.3   0.6   1.0   0.6   25786.   7.9  320.  -0.1  -5.4 0.031    2251.   0.2    3.   1.0   0.6 0.002  1.52  -0.96   1.67   8.2  5.2 0.0178  0  40   -15   0  86.4   23   -10    14  -0.2 0.006529      1.26     0.90     0.84     0.79     0.70     0.58 -1
1997 288  3 2242 51 52  60  67   5.5   5.5  36.5 188.8  -4.4  -0.7   3.3   0.4   3.3   0.1   0.8   0.4   0.5   0.5   24247.   7.5  317.   1.6  -5.3 0.029    1569.   0.2    2.   0.4   0.4 0.002  1.40  -1.05   1.57   7.9  5.1 0.0191  0  40   -15   0  86.4   24   -10    14  -0.2 0.006529      1.38     1.00     0.94     0.89     0.78     0.62 -1
1997 288  4 2242 51 52  60  68   5.3   5.2  20.9 201.4  -4.5  -1.8   1.9  -1.0   2.4   0.1   1.1   0.3   0.7   0.8   23516.   7.4  314.   2.8  -3.6 0.029    2199.   0.3    3.   0.4   0.7 0.001  1.36  -0.75   1.66   8.1  5.2 0.0183  0  40   -15   0  86.4   22    -7    15  -0.3 0.006529 999999.99 99999.99 99999.99 99999.99 99999.99 99999.99  0
1997 288  5 2242 51 52  60  67   5.2   5.2  14.4 206.6  -4.5  -2.2   1.3  -1.5   2.1   0.1   0.5   0.1   0.2   0.4   23230.   7.2  311.   2.8  -3.3 0.027     453.   0.1    1.   0.2   0.2 0.001  1.29  -0.65   1.68   8.0  5.1 0.0185  0  40   -15   0  86.4   24    -6    18  -0.3 0.006529 999999.99 99999.99 99999.99 99999.99 99999.99 99999.99  0
1997 288  6 2242 51 52  60  70   5.0   5.0   2.3 215.2  -4.1  -2.9   0.2  -2.5   1.5   0.1   0.4   0.1   0.2   0.3   21612.   7.2  309.   2.9  -2.8 0.027     802.   0.1    1.   0.2   0.3 0.002  1.27  -0.46   1.80   8.3  5.2 0.0173  3  40   -13   2  86.4   27    -9    18  -0.3 0.006529 999999.99 99999.99 99999.99 99999.99 99999.99 99999.99  0
1997 288  7 2242 51 52  59  66   4.8   4.8 -12.1 212.9  -3.9  -2.5  -1.0  -2.7   0.4   0.1   0.5   0.2   0.3   0.3   24827.   7.0  307.   2.8  -2.1 0.027    4309.   0.4    2.   0.7   0.4 0.003  1.22  -0.12   1.94   8.5  5.2 0.0166  3  40   -11   2  86.4   27    -9    18  -0.3 0.006529 999999.99 99999.99 99999.99 99999.99 99999.99 99999.99  0
1997 288  8 2242 51 52  61  70   5.5   5.3  -3.0 192.1  -5.1  -1.1  -0.3  -1.1   0.3   0.2   1.6   0.3   1.4   0.6   33785.   7.7  305.   1.5  -4.3 0.033    4063.   0.4    2.   1.6   1.0 0.002  1.35  -0.09   1.72   7.7  4.9 0.0201  3  40   -11   2  86.4   27   -12    16  -0.2 0.006529 999999.99 99999.99 99999.99 99999.99 99999.99 99999.99  0
1997 288  9 2242 51 52  61  68   5.2   4.8   0.0 143.2  -3.9   2.9   0.0   2.5  -1.5   0.1   1.8   1.1   1.1   0.8   28897.   8.0  311.  -2.7  -4.5 0.031    2257.   0.4    5.   1.1   1.0 0.003  1.45   0.47   1.94   8.5  5.2 0.0166 10  40   -12   4  86.4   31   -13    18  -0.1 0.006529 999999.99 99999.99 99999.99 99999.99 99999.99 99999.99  0
1997 288 10 2242 51 52  60  70   4.9   4.7 -12.0  90.2   0.0   4.6  -1.0   3.3  -3.3   0.2   1.5   1.3   0.4   0.6   28589.   7.1  323.  -3.4  -3.3 0.028    4207.   0.8    6.   0.8   0.5 0.005  1.38   1.07   1.93   8.8  5.4 0.0154 10  40   -15   4  86.4   33   -16    17   0.5 0.006529 999999.99 99999.99 99999.99 99999.99 99999.99 99999.99  0
1997 288 11 2242 51 52  59  67   5.0   5.0  -4.2  77.5   1.1   4.9  -0.4   3.9  -2.9   0.1   0.5   0.3   0.1   0.4   22637.   6.5  322.  -2.6  -3.7 0.022    1780.   0.3    3.   0.3   0.4 0.002  1.22   0.93   1.63   8.2  5.3 0.0176 10  40   -22   4  86.4  237  -181    56   1.3 0.006529 999999.99 99999.99 99999.99 99999.99 99999.99 99999.99  0
1997 288 12 2242 51 52  60  69   4.7   4.7 -12.2  90.5   0.0   4.6  -1.0   3.4  -3.2   0.1   0.5   0.3   0.2   0.4   27430.   6.9  316.  -3.4  -2.9 0.023    2313.   0.4    2.   0.3   0.6 0.002  1.26   1.01   2.02   8.8  5.3 0.0153 10  40   -26   4  86.4  261  -180    81   1.4 0.006529      1.08     0.89     0.86     0.81     0.71     0.55 -1
1997 288 13 2242 51 52  61  69   4.8   4.8  -6.0  89.7   0.0   4.8  -0.5   3.9  -2.8   0.0   0.5   0.4   0.1   0.3   26950.   6.6  315.  -3.0  -2.7 0.020    2314.   0.2    2.   0.2   0.3 0.002  1.18   0.88   1.85   8.4  5.2 0.0167 10  40   -27   4  86.4  256  -181    74   1.5 0.006529      1.06     0.87     0.83     0.79     0.69     0.56 -1
1997 288 14 2242 51 52  60  68   4.3   4.0  -4.8  92.3  -0.2   4.0  -0.3   3.4  -2.1   0.2   1.5   0.9   0.4   1.1   29665.   7.3  316.  -1.7  -2.4 0.020    5376.   0.8    4.   0.8   0.9 0.002  1.31   0.66   2.60   9.9  5.5 0.0121 10  40   -27   4  86.4  131  -104    27   1.2 0.006529      1.04     0.86     0.82     0.78     0.68     0.54 -1
1997 288 15 2242 51 52  60  68   4.4   4.3 -22.7  81.8   0.6   3.9  -1.7   2.8  -3.2   0.2   1.0   0.8   0.3   0.6   23064.   6.9  320.  -1.7  -1.3 0.019    5694.   0.6    3.   0.4   0.5 0.002  1.27   1.02   2.25   9.6  5.6 0.0130 17  40   -28   6  86.4  134  -119    16   1.5 0.006529      1.08     0.91     0.87     0.83     0.71     0.58 -1
1997 288 16 2242 51 52  60  70   4.7   4.7 -29.5  68.6   1.5   3.8  -2.3   2.7  -3.6   0.3   0.7   0.5   0.3   0.3   18349.   6.6  319.  -1.1  -1.0 0.016    4302.   0.8    3.   0.7   0.4 0.002  1.19   1.15   1.82   8.7  5.4 0.0156 17  40   -26   6  86.4  259  -202    57   1.9 0.006529      1.01     0.85     0.81     0.76     0.67     0.55 -1
1997 288 17 2242 51 52  59  66   4.6   3.9  11.3 154.1  -3.4   1.7   0.8   1.9   0.2   0.1   2.4   1.4   1.6   1.1   33184.   5.9  311.   0.8  -2.2 0.024    6910.   0.6    4.   1.2   0.6 0.004  1.04  -0.06   1.87   8.2  5.1 0.0176 17  40   -28   6  86.4  252  -196    56   1.4 0.006529      1.00     0.86     0.82     0.78     0.68     0.54 -1
1997 288 18 2242 51 52  61  69   4.4   4.3  16.4 181.4  -4.1  -0.1   1.2   0.2   1.2   0.1   0.7   0.2   0.5   0.4   30423.   3.8  303.   2.5  -1.9 0.034    6858.   1.2    6.   0.6   0.9 0.008  0.66  -0.36   1.30   6.7  4.6 0.0264  3  40   -27   2  86.4   43    -8    36   0.1 0.006529      1.05     0.93     0.89     0.85     0.75     0.61 -1
1997 288 19 2242 51 52  59  63   4.2   4.1   5.5 168.7  -4.1   0.8   0.4   0.9   0.2   0.5   0.7   0.6   0.2   0.4   24815.   2.3  300.   0.9  -0.2 0.119   10574.   0.9    8.   0.5   0.5 0.213  0.51  -0.06   0.83   5.4  4.1 0.0405  3  40   -29   2  86.4   38    -8    30   0.2 0.006529      0.97     0.86     0.82     0.78     0.68     0.55 -1
1997 288 20 2242 51 52  60  69   3.7   3.6   4.1 165.8  -3.5   0.9   0.3   0.9   0.1   0.2   0.3   0.2   0.1   0.1   38920.   3.6  306.   1.2   0.5 0.032    8124.   0.5    3.   0.4   0.4 0.004  0.63  -0.03   1.83   7.8  4.9 0.0193  3  40   -27   2  86.4   20    -9    12   0.2 0.006529      0.93     0.82     0.79     0.75     0.66     0.54 -1
1997 288 21 2242 51 52  61  71   4.5   4.4  -2.9 161.0  -4.2   1.4  -0.2   1.3  -0.5   0.2   0.9   0.3   0.5   0.7   35828.   4.0  314.   0.9   1.3 0.022    8970.   0.6    4.   0.6   0.5 0.005  0.72   0.16   1.35   7.0  4.7 0.0244  3  40   -26   2  86.4   18    -6    11  -0.0 0.006529      0.93     0.83     0.79     0.74     0.64     0.53 -1
1997 288 22 2242 51 52  60  68   4.2   4.2 -10.9 155.9  -3.7   1.7  -0.8   1.5  -1.1   0.2   0.4   0.3   0.2   0.3   32646.   4.6  315.  -0.1   1.5 0.022    3164.   0.3    3.   0.9   0.3 0.004  0.83   0.35   1.75   8.0  5.1 0.0184  3  40   -24   2  86.4   32    -7    25   0.1 0.006529      0.96     0.88     0.84     0.79     0.68     0.54 -1
1997 288 23 2242 51 52  60  70   4.3   4.3 -10.1 158.3  -4.0   1.6  -0.8   1.4  -1.1   0.2   0.5   0.3   0.3   0.2   26431.   4.3  316.   0.1   0.8 0.019    5850.   0.5    3.   1.0   0.4 0.003  0.77   0.35   1.50   7.6  5.0 0.0205  3  40   -22   2  86.4   42   -17    26   0.4 0.006529      0.94     0.85     0.82     0.77     0.67     0.54 -1
1997 289  0 2242 51 52  60  67   4.7   4.7  -7.6 156.6  -4.2   1.8  -0.6   1.6  -1.0   0.1   0.2   0.1   0.1   0.2   22560.   3.6  311.   0.3   0.5 0.017    2335.   0.3    3.   0.4   0.3 0.002  0.62   0.31   1.02   6.3  4.6 0.0302  3  49   -20   2  86.9   42   -15    28   0.3 0.006496      0.96     0.88     0.85     0.81     0.71     0.57 -1
1997 289  1 2242 51 52  60  69   3.8   3.8  -7.3 167.7  -3.7   0.8  -0.5   0.7  -0.7   0.5   0.7   0.4   0.4   0.4   39797.   4.9  303.  -0.2   0.5 0.023   11409.   0.7    6.   0.5   0.4 0.006  0.82   0.21   2.37   8.8  5.1 0.0153  3  49   -16   2  86.9   35   -11    24   0.4 0.006496      0.92     0.85     0.82     0.77     0.68     0.55 -1
1997 289  2 2242 51 52  59  65   3.7   3.7  10.1 169.0  -3.6   0.7   0.6   0.8   0.4   0.2   0.5   0.2   0.2   0.4   39352.   4.8  304.   0.3   0.7 0.024    8235.   0.4    3.   0.4   0.5 0.002  0.81  -0.12   2.45   9.0  5.1 0.0147  3  49   -17   2  86.9   27   -10    17   0.2 0.006496      0.92     0.85     0.81     0.77     0.68     0.56 -1
1997 289  3 2242 51 52  60  67   4.1   4.1  20.2 173.0  -3.8   0.5   1.4   0.9   1.2   0.3   0.7   0.3   0.5   0.4   33090.   5.8  307.   0.2   1.3 0.023    5537.   1.1    2.   1.0   0.3 0.004  1.00  -0.37   2.32   9.0  5.2 0.0146  7  49   -15   3  86.9   28   -11    17  -0.1 0.006496      1.00     0.93     0.89     0.85     0.75     0.61 -1
1997 289  4 2242 51 52  60  68   4.0   3.9   1.3 156.8  -3.6   1.5   0.1   1.4  -0.5   0.2   0.8   0.3   0.6   0.4   37872.   7.3  302.  -0.4  -0.0 0.028    2518.   0.6    2.   0.2   0.4 0.002  1.24   0.15   3.16  10.2  5.3 0.0114  7  49   -11   3  86.9   25    -8    17  -0.2 0.006496 999999.99 99999.99 99999.99 99999.99 99999.99 99999.99  0
1997 289  5 2242 51 52  60  63   3.6   3.5  -7.7 134.9  -2.4   2.4  -0.5   2.0  -1.5   0.4   1.0   0.9   0.3   0.4   36427.   7.7  299.  -0.5  -0.6 0.025    2563.   0.7    3.   0.4   0.4 0.003  1.26   0.45   4.07  11.5  5.4 0.0090  7  49   -12   3  86.9   33    -5    28   0.1 0.006496      0.95     0.88     0.85     0.80     0.70     0.57 -1
1997 289  6 2242 51 52  60  70   3.1   2.8 -24.8  93.8  -0.2   2.5  -1.2   1.7  -2.2   0.3   1.5   1.2   0.4   0.7   33155.   8.9  298.  -0.8   0.1 0.021    4032.   0.8    1.   0.4   0.3 0.002  1.43   0.66   6.22  14.3  5.7 0.0058 10  49   -12   4  86.9   42   -10    32   0.2 0.006496      0.92     0.85     0.82     0.77     0.69     0.56 -1
1997 289  7 2242 51 52  59  67   4.3   4.2   3.8 126.7  -2.5   3.4   0.3   3.1  -1.4   0.4   0.9   0.4   0.6   0.6   21825.   6.7  295.  -1.8   0.1 0.017    6706.   0.8    4.   1.4   0.5 0.004  1.04   0.41   2.26   8.9  5.2 0.0151 10  49   -16   4  86.9  138  -114    24   0.5 0.006496      0.97     0.91     0.87     0.83     0.73     0.60 -1
1997 289  8 2242 51 52  60  69   4.0   3.8 -18.2 127.0  -2.2   2.9  -1.2   1.9  -2.5   0.4   1.1   0.6   0.8   0.5   17834.   7.2  289.  -2.4   0.1 0.013    1917.   0.8    2.   0.9   0.4 0.002  1.06   0.72   2.74   9.7  5.3 0.0127 10  49   -16   4  86.9  138  -101    36   1.0 0.006496      0.93     0.87     0.82     0.78     0.70     0.58 -1
1997 289  9 2242 51 52  60  66   3.6   3.6  -8.6 152.5  -3.1   1.6  -0.5   1.1  -1.3   0.2   0.7   0.3   0.3   0.6   18930.   8.4  287.  -0.7  -0.5 0.012    1262.   0.8    2.   0.3   0.4 0.001  1.21   0.37   3.97  11.6  5.5 0.0089  7  49   -17   3  86.9  140  -105    36   0.9 0.006496      0.90     0.83     0.80     0.75     0.64     0.49 -1
1997 289 10 2242 51 52  60  68   3.6   3.5   8.3 165.4  -3.4   0.9   0.5   1.0  -0.1   0.1   0.7   0.2   0.5   0.4   18368.   9.7  285.   0.4  -1.2 0.011    1313.   0.5    1.   0.7   0.5 0.001  1.37   0.03   4.57  12.3  5.5 0.0078  7  49   -15   3  86.9   51   -25    26   0.4 0.006496 999999.99 99999.99 99999.99 99999.99 99999.99 99999.99  0
1997 289 11 2242 51 52  62  71   4.3   4.3  17.4 170.9  -4.0   0.6   1.3   1.2   0.8   0.5   0.8   0.5   0.5   0.3   17367.  10.0  303.   0.4   0.0 0.014    4984.   1.8    7.   0.4   0.7 0.002  1.62  -0.24   3.28  11.1  5.7 0.0096  7  49   -10   3  86.9   51   -15    35   0.1 0.006496 999999.99 99999.99 99999.99 99999.99 99999.99 99999.99  0
1997 289 12 2242 51 52  61  68   4.1   4.1  17.3 165.1  -3.8   1.0   1.2   1.5   0.5   0.2   0.5   0.2   0.4   0.2   20795.  10.0  314.   1.9   0.0 0.008    1455.   0.9    3.   0.6   0.3 0.001  1.70  -0.16   3.69  12.1  5.9 0.0081  0  49    -7   0  86.9   42   -17    25   0.3 0.006496 999999.99 99999.99 99999.99 99999.99 99999.99 99999.99  0
1997 289 13 2242 51 52  60  69   4.1   4.1  16.3 160.6  -3.7   1.3   1.1   1.7   0.3   0.1   0.4   0.1   0.3   0.3   20160.   9.6  315.   2.1   0.6 0.007    2381.   0.6    3.   0.3   0.4 0.001  1.64  -0.09   3.53  11.9  5.9 0.0084  0  49    -7   0  86.9   32   -18    15   0.3 0.006496 999999.99 99999.99 99999.99 99999.99 99999.99 99999.99  0
1997 289 14 2242 51 52  59  69   4.1   4.1  14.2 163.2  -3.8   1.2   1.0   1.5   0.3   0.2   0.4   0.2   0.2   0.3   15485.   9.0  310.   1.4   0.4 0.009    2612.   0.6    4.   0.3   0.4 0.002  1.50  -0.09   3.20  11.3  5.8 0.0092  0  49    -9   0  86.9   30   -19    11   0.2 0.006496      0.89     0.83     0.80     0.76     0.65     0.54 -1
1997 289 15 2242 51 52  60  68   3.8   3.8   3.5 157.9  -3.5   1.4   0.2   1.4  -0.4   0.3   0.4   0.3   0.1   0.2   14343.   9.7  308.   1.7  -0.4 0.010     896.   0.9    3.   0.1   0.3 0.001  1.60   0.12   3.99  12.6  6.0 0.0075  3  49   -10   2  86.9   28   -21     7   0.3 0.006496      0.93     0.88     0.85     0.80     0.70     0.56 -1
1997 289 16 2242 51 52  60  69   2.9   2.9   2.5 152.9  -2.6   1.3   0.1   1.2  -0.4   0.3   0.4   0.3   0.1   0.2   14524.  13.2  298.   1.1  -1.1 0.011    1310.   0.9    2.   0.2   0.3 0.002  2.04   0.12   9.33  18.7  6.2 0.0034  3  49    -8   2  86.9   28   -17    12   0.4 0.006496      0.90     0.86     0.82     0.78     0.69     0.55 -1
1997 289 17 2242 51 52  60  68   2.2   2.1   6.8 167.7  -2.1   0.4   0.3   0.5   0.2   0.2   0.4   0.2   0.4   0.1   16098.  15.6  299.   0.8  -1.2 0.014     782.   0.8    1.   0.1   0.1 0.001  2.46  -0.06  19.37  26.8  6.4 0.0017  3  49    -7   2  86.9   23   -13    10   0.3 0.006496      0.87     0.83     0.79     0.75     0.66     0.53 -1
1997 289 18 2242 51 52  60  70   2.6   2.6  -9.2 159.4  -2.4   0.9  -0.4   0.7  -0.6   0.1   0.3   0.1   0.1   0.2   16284.  16.3  298.   0.5  -1.0 0.014     246.   0.6    1.   0.2   0.1 0.000  2.55   0.18  14.51  23.1  6.3 0.0022 10  49    -5   4  86.9   28   -17    11   0.3 0.006496      0.91     0.87     0.84     0.79     0.70     0.57 -1
1997 289 19 2242 51 52  60  69   2.6   2.5 -13.3 156.3  -2.3   1.0  -0.6   0.8  -0.8   0.2   0.5   0.1   0.2   0.5   16203.  17.2  297.  -0.4  -0.6 0.014     577.   0.9    1.   0.2   0.2 0.001  2.68   0.24  15.30  23.7  6.3 0.0021 10  49    -5   4  86.9   33   -20    14   0.3 0.006496      0.90     0.86     0.83     0.78     0.69     0.57 -1
1997 289 20 2242 51 52  60  67   2.8   2.4 -21.5 122.7  -1.2   1.9  -0.9   1.7  -1.3   0.5   1.5   0.8   0.8   1.0   19379.  16.3  293.  -0.5  -0.5 0.013    2532.   1.7    1.   0.4   0.4 0.002  2.46   0.38  12.78  21.1  6.1 0.0027 10  49    -8   4  86.9   59   -36    23   0.4 0.006496      0.93     0.89     0.86     0.81     0.72     0.60 -1
1997 289 21 2242 51 52  60  70   2.5   2.5  11.4 155.9  -2.2   1.0   0.5   1.1   0.3   0.1   0.3   0.1   0.1   0.3   16075.  20.8  293.  -1.5  -0.3 0.012     752.   1.5    1.   0.2   0.6 0.002  3.13  -0.09  20.00  26.7  6.3 0.0017 17  49    -9   6  86.9   66   -49    17   0.5 0.006496      0.88     0.84     0.81     0.76     0.67     0.54 -1
1997 289 22 2242 51 52  60  69   2.9   2.8   9.4 162.3  -2.6   0.8   0.5   0.9   0.3   0.1   0.5   0.2   0.1   0.5   17211.  23.0  293.  -1.6  -1.7 0.011    1806.   0.6    1.   0.2   0.3 0.002  3.44  -0.09  16.56  24.2  6.2 0.0020 17  49    -7   6  86.9   32   -13    19   0.2 0.006496      0.95     0.90     0.87     0.82     0.71     0.57 -1
1997 289 23 2242 51 52  60  70   2.6   2.5  11.0 172.4  -2.5   0.3   0.5   0.4   0.4   0.2   0.4   0.2   0.2   0.3   19516.  25.3  295.  -1.8  -0.6 0.008    1597.   0.5    1.   0.1   0.4 0.002  3.79  -0.12  23.02  28.5  6.2 0.0015 17  49    -6   6  86.9   36   -10    26   0.1 0.006496      0.92     0.87     0.84     0.80     0.70     0.56 -1
