 1 YEAR                          I4        
 2 DOY                           I4        
 3 Hour                          I3        
 4 Bartels rotation number       I5        
 5 ID for IMF spacecraft         I3        
 6 ID for SW Plasma spacecraft   I3        
 7 # of points in IMF averages   I4        
 8 # of points in Plasma averag. I4        
 9 Scalar B, nT                  F6.1      
10 Vector B Magnitude,nT         F6.1      
11 Lat. Angle of B (GSE)         F6.1      
12 Long. Angle of B (GSE)        F6.1      
13 BX, nT (GSE, GSM)             F6.1      
14 BY, nT (GSE)                  F6.1      
15 BZ, nT (GSE)                  F6.1      
16 BY, nT (GSM)                  F6.1      
17 BZ, nT (GSM)                  F6.1      
18 RMS_magnitude, nT             F6.1      
19 RMS_field_vector, nT          F6.1      
20 RMS_BX_GSE, nT                F6.1      
21 RMS_BY_GSE, nT                F6.1      
22 RMS_BZ_GSE, nT                F6.1      
23 SW Plasma Temperature, K      F9.0      
24 SW Proton Density, N/cm^3     F6.1      
25 SW Plasma Speed, km/s         F6.0      
26 SW Plasma flow long. angle    F6.1      
27 SW Plasma flow lat. angle     F6.1      
28 Alpha/Prot. ratio             F6.3      
29 sigma-T,K                     F9.0      
30 sigma-n, N/cm^3)              F6.1      
31 sigma-V, km/s                 F6.0      
32 sigma-phi V, degrees          F6.1      
33 sigma-theta V, degrees        F6.1      
34 sigma-ratio                   F6.3      
35 Flow pressure                 F6.2      
36 E elecrtric field             F7.2      
37 Plasma Beta                   F7.2      
38 Alfen mach number             F6.1      
39 Magnetosonic Much num.        F5.1      
40 Quasy-Invariant               F7.4      
41 Kp index                      I3        
42 R (Sunspot No.)               I4        
43 Dst-index, nT                 I6        
44 ap_index, nT                  I4        
45 f10.7_index                   F6.1      
46 AE-index, nT                  I5        
47 AL-index, nT                  I6        
48 AU-index, nT                  I6        
49 pc-index                      F6.1      
50 Lyman_alpha                   F9.6      
51 Proton flux (>1 Mev)          F10.2     
52 Proton flux (>2 Mev)          F9.2      
53 Proton flux (>4 Mev)          F9.2      
54 Proton flux (>10 Mev)         F9.2      
55 Proton flux (>30 Mev)         F9.2      
56 Proton flux (>60 Mev)         F9.2      
57 Flux FLAG                     I3        

1997 323  0 2243 51 52  58  31   5.7   5.0  14.2 314.9   3.4  -3.5   1.2  -3.4   1.4   0.1   2.5   1.1   1.4   1.9   49697.   3.7  434.  -1.2   1.2 0.010   20378.   1.0   12.   1.7   2.2 0.003  1.21  -0.61   0.84   7.3  5.6 0.0222  7  56   -20   3  96.8   55   -36    19   0.1 0.006751      1.44     0.95     0.84     0.76     0.66     0.54 -1
1997 323  1 2243 51 52  66  35   5.0   4.3   6.4 318.0   3.1  -2.8   0.5  -2.7   0.7   0.7   2.6   1.8   0.7   1.8   65354.   3.9  435.  -1.1   0.1 0.009   34404.   1.4   20.   1.4   2.0 0.003  1.28  -0.30   1.26   8.6  5.9 0.0161  7  56   -20   3  96.8   49   -26    23   0.1 0.006751      1.46     0.99     0.87     0.79     0.69     0.57 -1
1997 323  2 2243 51 52  55  31   4.2   3.6  13.3 298.6   1.7  -3.1   0.8  -3.0   1.2   0.2   2.1   1.8   0.7   0.8   87858.   4.5  452.  -2.4   0.1 0.008   29971.   1.5   21.   0.7   0.8 0.002  1.58  -0.54   2.29  11.4  6.6 0.0091  7  56   -20   3  96.8   36   -20    16  -0.0 0.006751      1.42     0.90     0.78     0.71     0.62     0.49 -1
1997 323  3 2243 51 52  63  31   4.9   4.3  21.1 248.7  -1.4  -3.7   1.5  -3.4   2.1   0.6   2.4   2.2   0.8   0.7   74280.   4.3  442.  -1.9  -0.3 0.006   32366.   1.2   14.   1.1   0.5 0.001  1.44  -0.93   1.51   9.4  6.2 0.0136  0  56   -17   0  96.8   44   -18    26   0.1 0.006751      1.43     0.94     0.82     0.75     0.66     0.55 -1
1997 323  4 2243 51 52  59  34   5.9   5.8  25.4 243.2  -2.4  -4.7   2.5  -4.0   3.5   0.1   1.1   0.7   0.4   0.7   39560.   3.8  444.  -1.9  -0.6 0.007   12965.   1.2    4.   0.4   0.5 0.002  1.29  -1.55   0.76   7.3  5.7 0.0221  0  56   -15   0  96.8   43   -16    27  -0.1 0.006751      1.52     1.02     0.89     0.83     0.74     0.59 -1
1997 323  5 2243 51 52  58  34   4.7   4.5  36.2 273.9   0.2  -3.6   2.6  -2.7   3.5   1.0   1.7   0.9   1.0   1.0   58186.   3.2  427.  -2.7  -0.4 0.011   25971.   1.2    7.   0.9   0.9 0.004  1.02  -1.49   1.12   8.1  5.8 0.0180  0  56   -16   0  96.8   37   -18    19  -0.0 0.006751      1.51     1.02     0.89     0.82     0.73     0.60 -1
1997 323  6 2243 51 52  60  31   5.2   5.1  30.5 298.8   2.1  -3.8   2.6  -2.7   3.7   0.1   1.1   0.9   0.3   0.5   56712.   3.4  420.  -4.1  -0.2 0.012   21686.   1.0    5.   1.1   0.9 0.003  1.05  -1.55   0.97   7.4  5.5 0.0214  3  56   -15   2  96.8   28   -17    11   0.0 0.006751      1.50     1.00     0.87     0.80     0.72     0.59 -1
1997 323  7 2243 51 52  60  35   5.5   5.4  40.1 294.8   1.7  -3.7   3.5  -2.2   4.6   0.2   1.2   0.9   0.6   0.6   62138.   4.4  422.  -3.6  -0.2 0.009   19388.   1.1    6.   0.8   0.8 0.003  1.36  -1.94   1.15   8.0  5.7 0.0184  3  56   -14   2  96.8   33   -17    15  -0.2 0.006751      1.75     1.22     1.13     1.06     0.97     0.92 -1
1997 323  8 2243 51 52  58  34   5.8   5.3  22.3 320.7   3.8  -3.1   2.0  -2.1   3.1   0.5   2.2   0.9   1.0   1.8   61034.   4.4  414.  -3.1  -0.6 0.012   23033.   1.3   10.   1.5   1.7 0.002  1.32  -1.28   1.03   7.5  5.4 0.0212  3  56   -13   2  96.8   36   -19    17  -0.1 0.006751      1.38     0.93     0.81     0.75     0.65     0.51 -1
1997 323  9 2243 51 52  60  27   5.8   5.7  -7.9 327.4   4.8  -3.1  -0.8  -3.2   0.5   0.1   0.9   0.2   0.5   0.7   74792.   4.9  406.  -2.2  -2.6 0.016   16709.   1.1    7.   1.3   0.7 0.003  1.44  -0.20   1.23   7.7  5.4 0.0198 10  56   -13   4  96.8   39   -20    19  -0.1 0.006751      1.40     0.92     0.81     0.75     0.63     0.50 -1
1997 323 10 2243 51 52  58  31   5.6   5.2  -9.5 324.8   4.2  -3.0  -0.9  -3.1   0.4   0.2   1.9   0.9   1.2   1.2   61747.   4.6  406.  -2.8  -2.1 0.015   23750.   1.3   10.   2.1   0.9 0.002  1.34  -0.16   1.16   7.8  5.5 0.0197 10  56   -14   4  96.8   39   -25    14   0.1 0.006751      1.38     0.95     0.85     0.78     0.68     0.55 -1
1997 323 11 2243 51 52  61  35   5.6   5.0 -33.7 314.7   2.9  -3.0  -2.8  -3.9  -1.3   0.2   2.4   0.9   1.4   1.8   54460.   4.4  408.  -4.1  -3.1 0.009   24945.   1.4    8.   1.8   1.6 0.003  1.27   0.53   1.07   7.6  5.5 0.0204 10  56   -16   4  96.8  132  -108    24   0.5 0.006751      1.37     0.92     0.81     0.75     0.65     0.53 -1
1997 323 12 2243 51 52  61  32   5.0   4.7   8.7 308.7   2.9  -3.6   0.7  -3.1   2.0   0.6   1.8   0.9   0.4   1.5   57222.   4.0  406.  -5.4  -0.7 0.016   24412.   1.4    5.   1.2   1.5 0.003  1.17  -0.81   1.24   8.1  5.6 0.0180 10  56   -18   4  96.8  156  -125    31   0.4 0.006751      1.36     0.92     0.80     0.74     0.64     0.52 -1
1997 323 13 2243 51 52  60  35   5.2   4.9  20.0 274.7   0.4  -4.5   1.7  -3.6   3.2   0.6   1.8   1.2   1.0   1.0   55570.   4.3  419.  -2.1  -0.3 0.010   25049.   1.3    9.   1.1   1.1 0.002  1.31  -1.34   1.22   8.4  5.8 0.0170 10  56   -15   4  96.8   57   -38    19   0.2 0.006751      1.31     0.86     0.75     0.69     0.61     0.51 -1
1997 323 14 2243 51 52  60  32   5.8   5.5  22.2 263.7  -0.6  -5.1   2.1  -4.2   3.6   0.1   1.6   0.6   0.7   1.3   50539.   5.7  420.  -1.4  -0.8 0.007   13303.   0.8    4.   0.7   0.9 0.002  1.73  -1.51   1.26   8.6  6.0 0.0159 10  56   -12   4  96.8   52   -21    31   0.1 0.006751      1.32     0.88     0.76     0.70     0.60     0.49 -1
1997 323 15 2243 51 52  61  36   5.3   4.4 -14.4 300.5   2.2  -3.7  -1.1  -3.9   0.0   0.7   2.9   1.1   1.1   2.4   63959.   5.1  418.  -2.2  -2.0 0.007   19488.   1.0    8.   1.1   1.5 0.002  1.53  -0.00   1.45   8.9  5.9 0.0150 17  56   -12   6  96.8   39   -23    15   0.5 0.006751      1.35     0.91     0.81     0.75     0.64     0.51 -1
1997 323 16 2243 51 52  60  37   4.5   2.5 -28.0  17.0   2.1   0.7  -1.2   0.4  -1.3   0.5   3.7   1.6   3.1   1.2   82148.   6.1  427.   1.2  -1.7 0.008   11285.   0.5    3.   1.2   0.4 0.001  1.92   0.56   2.64  11.7  6.5 0.0087 17  56   -13   6  96.8   48   -35    13   0.7 0.006751      1.36     0.92     0.82     0.76     0.67     0.56 -1
1997 323 17 2243 51 52  60  35   5.1   4.4  32.2  20.0   3.5   1.3   2.4   1.7   2.1   0.4   2.4   0.5   2.0   1.3   78532.   6.3  423.   1.2  -0.9 0.009   10623.   0.9    6.   0.9   0.5 0.002  1.95  -0.89   2.08  10.4  6.2 0.0110 17  56   -12   6  96.8   69   -61     9   0.3 0.006751      1.25     0.85     0.76     0.70     0.61     0.49 -1
1997 323 18 2243 51 52  56  31   5.2   4.7  -4.5 345.9   4.5  -1.1  -0.4  -1.1  -0.2   0.4   2.3   0.8   0.8   2.0   78236.   5.5  411.   0.1  -2.9 0.010   16554.   1.4    8.   0.5   1.1 0.001  1.61   0.08   1.75   9.3  5.8 0.0138  3  56   -11   2  96.8   41   -22    19   0.1 0.006751      1.30     0.94     0.83     0.78     0.68     0.55 -1
1997 323 19 2243 51 52  60  36   5.8   5.7  26.0 358.7   5.1  -0.1   2.5   0.1   2.5   0.2   1.1   0.3   0.8   0.7   69017.   5.0  405.   1.0  -0.7 0.014   10131.   0.9    8.   0.7   0.7 0.004  1.45  -1.01   1.22   7.8  5.4 0.0195  3  56   -10   2  96.8   43   -23    20   0.1 0.006751      1.29     0.94     0.84     0.78     0.68     0.57 -1
1997 323 20 2243 51 52  59  36   5.2   5.0  16.5  11.9   4.7   1.0   1.4   1.1   1.3   0.3   1.2   0.3   0.8   0.8   63620.   4.3  394.   1.9  -1.0 0.019    7068.   0.7    7.   1.2   1.1 0.001  1.20  -0.51   1.27   7.9  5.4 0.0193  3  56   -11   2  96.8   31   -23     8   0.1 0.006751      1.21     0.86     0.78     0.72     0.62     0.52 -1
1997 323 21 2243 51 52  59  33   5.7   5.5   6.5  14.2   5.3   1.3   0.6   1.3   0.5   0.2   1.5   0.3   1.4   0.5   46770.   4.0  393.   2.4  -1.7 0.016   11709.   0.6    6.   1.9   0.6 0.002  1.10  -0.20   0.90   6.9  5.2 0.0250  7  56   -11   3  96.8   33   -25     7   0.3 0.006751      1.22     0.85     0.77     0.71     0.63     0.51 -1
1997 323 22 2243 51 52  61  21   5.8   5.7  -0.4  11.3   5.6   1.1   0.0   1.1   0.0   0.1   0.8   0.1   0.6   0.4   42242.   3.9  390.   2.5  -2.7 0.014    9712.   0.4    3.   0.9   0.8 0.001  1.05  -0.00   0.82   6.6  5.1 0.0270  7  56   -12   3  96.8   33   -25     8   0.1 0.006751      1.21     0.88     0.80     0.74     0.65     0.55 -1
1997 323 23 2243 51 52  58  36   5.6   5.5  -6.9   0.1   5.5   0.0  -0.7   0.0  -0.7   0.3   1.3   0.4   1.2   0.3   49869.   4.1  387.   1.4  -3.8 9.999   11174.   0.5   10.   0.9   0.4 9.999  1.23   0.27   0.97   7.0  5.2 0.0243  7  56   -15   3  96.8   40   -26    14   0.5 0.006751      1.23     0.89     0.80     0.75     0.64     0.51 -1
1997 324  0 2243 51 52  60  36   5.2   5.0  -3.6 357.3   5.0  -0.2  -0.3  -0.2  -0.3   0.2   1.3   0.5   1.1   0.7   55936.   4.3  383.   2.3  -3.7 0.019   10012.   0.7    7.   1.1   0.8 0.002  1.13   0.11   1.22   7.6  5.3 0.0204 13  52   -15   5  86.5   41   -29    13   0.8 0.006823      1.36     0.99     0.90     0.84     0.75     0.62 -1
1997 324  1 2243 51 52  60  37   4.8   4.4  11.3 312.2   2.9  -3.2   0.9  -3.1   1.2   0.2   1.8   0.6   0.9   1.4   68360.   5.5  386.   0.1  -3.2 0.011   11874.   1.0    6.   1.0   1.2 0.002  1.43  -0.46   1.95   9.4  5.8 0.0134 13  52   -12   5  86.5   37   -23    14   0.5 0.006823      1.34     0.95     0.87     0.81     0.71     0.57 -1
1997 324  2 2243 51 52  58  36   5.1   4.9 -31.3 341.8   4.0  -1.3  -2.5  -1.6  -2.3   0.1   1.3   0.4   1.1   0.7   59527.   5.0  375.   1.4  -6.2 0.014   13729.   0.9    7.   1.4   1.0 0.001  1.24   0.86   1.50   8.2  5.4 0.0176 13  52    -8   5  86.5   47   -20    27   1.0 0.006823      1.22     0.83     0.74     0.68     0.61     0.52 -1
1997 324  3 2243 51 52  65  39   4.9   3.8   6.9 288.7   1.2  -3.6   0.5  -3.5   1.1   0.1   3.0   2.3   1.4   1.3   64628.   5.6  391.   0.1  -3.1 0.009    8806.   0.7   14.   1.0   1.4 0.004  1.48  -0.43   1.87   9.4  5.8 0.0133  7  52    -8   3  86.5   49   -19    31   0.3 0.006823      1.31     0.93     0.83     0.77     0.68     0.55 -1
1997 324  4 2243 51 52  56  34   5.0   4.6 -39.7 272.3   0.1  -3.5  -2.9  -4.1  -2.0   0.2   1.7   1.2   0.7   1.0   61719.   6.0  398.   0.7  -5.9 0.008    8095.   0.4    8.   0.7   1.0 0.002  1.64   0.80   1.90   9.7  6.0 0.0125  7  52    -6   3  86.5   54   -17    37   0.3 0.006823      1.24     0.80     0.71     0.65     0.57     0.46 -1
1997 324  5 2243 51 52  64  37   4.9   3.5  38.5 277.2   0.3  -2.7   2.2  -2.0   2.9   0.2   3.4   2.9   0.9   1.4   52675.   5.1  391.   0.9  -1.3 0.011   14187.   1.2   19.   1.4   1.6 0.005  1.36  -1.13   1.60   9.0  5.8 0.0147  7  52    -8   3  86.5   41   -17    24   0.1 0.006823      1.28     0.87     0.77     0.71     0.61     0.50 -1
1997 324  6 2243 51 52  57  34   5.1   4.2  14.7 278.1   0.6  -4.0   1.1  -3.4   2.3   0.2   2.8   1.9   0.7   1.9   51721.   5.4  387.  -0.2  -1.9 0.008   13706.   1.1   15.   0.9   2.1 0.002  1.39  -0.89   1.56   8.8  5.8 0.0153  3  52    -8   2  86.5   47   -20    26   0.0 0.006823      1.34     0.89     0.79     0.73     0.63     0.51 -1
1997 324  7 2243 51 52  62  38   5.4   5.1  43.9 264.7  -0.3  -3.6   3.5  -2.1   4.6   0.1   1.8   1.4   0.8   0.8   41737.   4.8  394.  -0.0   0.4 0.007   14048.   0.8    9.   0.8   1.0 0.001  1.28  -1.81   1.16   8.0  5.6 0.0186  3  52    -7   2  86.5   35   -15    19  -0.1 0.006823      1.37     0.88     0.78     0.73     0.61     0.51 -1
1997 324  8 2243 51 52  55  33   5.3   3.1  25.7 295.1   1.2  -2.6   1.4  -1.8   2.3   0.4   4.3   3.1   0.9   2.8   37102.   4.8  382.   0.5  -1.9 0.006   11454.   0.6   21.   0.7   2.8 0.001  1.20  -0.88   1.18   7.9  5.6 0.0191  3  52    -8   2  86.5   31   -14    17  -0.1 0.006823      1.45     0.92     0.83     0.77     0.69     0.58 -1
1997 324  9 2243 51 52  59  36   5.1   5.0  -6.2 324.0   4.0  -2.9  -0.5  -2.9   0.7   0.1   0.8   0.2   0.4   0.6   42108.   5.2  366.  -0.5  -3.7 0.014    4646.   0.5    2.   0.5   0.6 0.001  1.23  -0.26   1.42   8.2  5.5 0.0178  0  52   -10   0  86.5   35   -16    20   0.1 0.006823      1.33     0.86     0.77     0.71     0.61     0.49 -1
1997 324 10 2243 51 52  61  36   5.1   5.0  -2.9 323.5   4.0  -3.0  -0.3  -2.9   1.0   0.1   0.8   0.2   0.3   0.7   37582.   4.8  365.  -1.0  -3.6 0.011    4748.   0.6    3.   0.4   0.9 0.002  1.11  -0.36   1.27   7.8  5.4 0.0194  0  52   -10   0  86.5   27   -19     8  -0.1 0.006823      1.27     0.81     0.72     0.67     0.57     0.45 -1
1997 324 11 2243 51 52  61  36   5.0   4.9   1.0 308.3   3.1  -3.9   0.1  -3.5   1.6   0.1   0.8   0.5   0.4   0.5   41796.   5.3  371.  -1.5  -3.5 0.009    5748.   0.7    5.   0.4   0.5 0.001  1.26  -0.59   1.50   8.5  5.6 0.0163  0  52    -9   0  86.5   34   -27     7  -0.0 0.006823      1.35     0.90     0.81     0.75     0.64     0.51 -1
1997 324 12 2243 51 52  60  37   5.0   4.9   6.0 304.5   2.8  -4.0   0.5  -3.5   2.0   0.1   0.8   0.4   0.5   0.5   44251.   5.3  370.  -1.1  -3.2 0.008    5826.   0.6    5.   0.6   0.7 0.002  1.25  -0.74   1.52   8.5  5.6 0.0164  0  52   -10   0  86.5   66   -57     9   0.1 0.006823      1.35     0.89     0.80     0.74     0.65     0.53 -1
1997 324 13 2243 51 52  57  33   5.2   5.1   9.3 307.6   3.1  -4.0   0.8  -3.5   2.2   0.1   1.1   0.8   0.7   0.3   40482.   5.1  364.  -1.7  -2.8 0.007    6396.   0.7    8.   0.7   0.4 0.001  1.16  -0.80   1.32   7.9  5.4 0.0190  0  52   -12   0  86.5   33   -29     4   0.1 0.006823      1.32     0.85     0.76     0.71     0.62     0.50 -1
1997 324 14 2243 51 52  58  33   5.0   4.9  17.3 344.4   4.5  -1.3   1.5  -0.8   1.8   0.1   1.1   0.3   1.0   0.3   33104.   4.5  349.   0.9  -2.1 9.999    5328.   0.4    3.   0.8   0.6 9.999  1.10  -0.63   1.21   7.4  5.2 0.0217  0  52    -9   0  86.5   29   -24     5   0.1 0.006823      1.29     0.89     0.81     0.75     0.66     0.53 -1
1997 324 15 2243 51 52  60  38   5.4   5.0   9.7 332.8   4.4  -2.3   0.8  -2.0   1.4   0.3   2.0   1.0   1.5   0.7   31577.   4.5  349.  -0.1  -3.0 0.012    5218.   0.6    8.   1.7   0.9 0.004  0.96  -0.49   1.03   6.9  5.0 0.0253  3  52    -8   2  86.5   27   -23     5   0.2 0.006823      1.25     0.87     0.78     0.73     0.64     0.52 -1
1997 324 16 2243 51 52  60  38   5.4   5.0  32.8 342.4   4.0  -1.3   2.7  -0.7   2.9   0.1   1.8   0.5   1.5   0.7   35306.   4.6  351.   1.0  -0.9 0.018    8166.   0.7    7.   1.9   1.1 0.004  1.01  -1.02   1.07   7.0  5.0 0.0245  3  52    -5   2  86.5   31   -21    10   0.0 0.006823      1.27     0.92     0.85     0.79     0.67     0.53 -1
1997 324 17 2243 51 52  62  38   5.4   4.9   8.4 332.9   4.3  -2.2   0.7  -2.0   1.1   0.1   2.3   0.9   1.8   1.1   32791.   4.2  345.   0.5  -3.2 0.015   11584.   0.9    9.   2.4   1.4 0.011  0.88  -0.38   0.97   6.5  4.8 0.0278  3  52    -6   2  86.5   27   -22     5   0.1 0.006823      1.12     0.78     0.68     0.62     0.55     0.47 -1
1997 324 18 2243 51 52  55  30   5.5   5.4  12.4 288.2   1.6  -5.0   1.2  -4.8   1.8   0.1   1.1   0.8   0.6   0.4   39590.   5.0  355.  -1.6  -3.4 0.009   14031.   1.2    8.   1.3   0.6 0.002  1.09  -0.64   1.15   7.2  5.1 0.0228  3  52    -7   2  86.5   28   -23     4   0.0 0.006823      1.21     0.77     0.67     0.62     0.56     0.46 -1
1997 324 19 2243 51 52  62  36   5.4   5.3   0.6 325.7   4.4  -3.0   0.1  -3.0   0.4   0.1   0.8   0.4   0.5   0.5   32760.   4.3  339.  -0.8  -4.1 0.022   14454.   1.1    6.   1.3   0.7 0.002  0.90  -0.14   0.99   6.5  4.8 0.0281  3  52    -6   2  86.5   31   -25     5   0.1 0.006823      1.02     0.63     0.57     0.53     0.47     0.41 -1
1997 324 20 2243 51 52  60  38   5.5   5.3   8.2 316.7   3.8  -3.6   0.8  -3.5   1.0   0.1   1.6   0.8   1.0   1.0   31154.   4.5  342.  -1.6  -3.1 0.009    9246.   0.9    6.   1.0   1.1 0.002  0.91  -0.34   0.99   6.6  4.8 0.0273  3  52    -9   2  86.5   33   -26     7   0.0 0.006823      1.28     0.93     0.86     0.80     0.70     0.55 -1
1997 324 21 2243 51 52  59  30   5.4   5.4   0.9 316.3   3.9  -3.7   0.1  -3.7   0.2   0.1   0.8   0.4   0.5   0.6   26012.   4.1  341.  -2.5  -3.5 9.999    5674.   0.8    4.   0.7   0.7 9.999  0.95  -0.07   0.90   6.4  4.8 0.0291  3  52    -8   2  86.5   33   -25     8   0.1 0.006823      1.20     0.83     0.76     0.71     0.62     0.52 -1
1997 324 22 2243 51 52  58  31   5.2   4.8   5.7 316.8   3.5  -3.3   0.5  -3.3   0.6   0.2   1.9   1.4   1.1   0.9   31123.   4.5  338.  -1.3  -3.2 0.010   10563.   1.2    7.   0.7   0.8 0.002  0.89  -0.20   1.10   6.9  4.9 0.0250  3  52    -8   2  86.5   36   -27     9   0.1 0.006823      1.22     0.87     0.79     0.73     0.66     0.55 -1
1997 324 23 2243 51 52  66  41   5.1   4.0  -2.3 264.9  -0.4  -4.0  -0.2  -4.0  -0.1   0.2   3.1   2.4   1.9   0.7   33357.   5.7  353.  -0.4  -3.4 0.010    4001.   1.0   15.   1.5   0.9 0.001  1.23   0.04   1.47   8.3  5.5 0.0174  3  52    -6   2  86.5   36   -26    10   0.3 0.006823      1.25     0.88     0.81     0.75     0.64     0.47 -1
1997 325  0 2243 51 52  58  35   5.2   5.1  -4.7 247.9  -1.9  -4.7  -0.4  -4.7  -0.2   0.1   0.9   0.7   0.3   0.5   31450.   6.1  360.  -1.1  -3.6 0.010    2228.   0.3    5.   0.3   0.6 0.001  1.37   0.07   1.50   8.5  5.6 0.0163  3  53    -6   2  93.6   34   -24    10   0.3 0.006826      1.22     0.82     0.74     0.68     0.61     0.48 -1
1997 325  1 2243 51 52  59  37   4.9   4.6   1.3 271.1   0.1  -4.6   0.1  -4.6   0.4   0.1   1.5   1.2   0.2   0.9   37974.   6.4  347.  -1.0  -2.9 0.011    4760.   0.3    5.   0.4   0.8 0.001  1.34  -0.14   1.84   9.0  5.6 0.0148  3  53    -5   2  93.6   38   -23    15   0.2 0.006826      1.27     0.90     0.82     0.76     0.67     0.54 -1
1997 325  2 2243 51 52  59  37   4.6   4.3  16.3 273.1   0.2  -4.1   1.2  -3.9   1.7   0.2   1.6   1.2   0.5   0.8   42978.   6.4  341.  -0.7  -1.9 0.011    3142.   0.4    6.   0.5   0.6 0.002  1.30  -0.58   2.16   9.4  5.5 0.0135  3  53    -4   2  93.6   28   -20     9   0.1 0.006826      1.20     0.88     0.81     0.75     0.65     0.52 -1
1997 325  3 2243 51 52  60  38   5.1   5.0  26.3 331.7   3.9  -2.1   2.2  -1.7   2.5   0.1   0.9   0.3   0.7   0.5   23299.   4.7  331.   0.1  -0.9 0.013    3171.   0.6    3.   0.9   0.3 0.003  0.90  -0.83   1.14   7.0  5.0 0.0240  0  53    -4   0  93.6   26   -19     7  -0.1 0.006826      1.18     0.85     0.78     0.72     0.63     0.49 -1
1997 325  4 2243 51 52  59  37   4.8   3.9  32.8 330.2   2.8  -1.6   2.1  -1.1   2.4   0.3   2.9   1.5   2.0   1.4   26075.   5.8  334.   1.0  -1.2 0.007    6471.   1.3    5.   0.7   0.8 0.002  1.11  -0.80   1.62   8.4  5.4 0.0169  0  53    -3   0  93.6   27   -17     9  -0.1 0.006826      1.17     0.85     0.78     0.73     0.63     0.52 -1
1997 325  5 2243 51 52  60  38   4.3   4.0   9.4 326.0   3.3  -2.2   0.7  -1.9   1.3   0.1   1.5   0.8   1.2   0.4   23260.   5.7  323.   1.0  -1.8 0.011    5837.   1.0    4.   1.1   0.6 0.002  1.04  -0.42   1.94   9.0  5.5 0.0148  0  53    -4   0  93.6   26   -16     9  -0.0 0.006826      1.14     0.87     0.77     0.72     0.65     0.57 -1
1997 325  6 2243 51 52  65  35   3.9   2.5  10.6 310.4   1.6  -1.9   0.5  -1.6   1.1   0.5   3.0   2.3   1.4   1.3   31089.   6.0  337.   0.4  -2.6 0.011   14016.   1.1   14.   0.9   0.9 0.002  1.19  -0.37   2.62  10.6  5.9 0.0106  0  53    -4   0  93.6   30   -15    15  -0.0 0.006826      1.00     0.70     0.65     0.60     0.52     0.46 -1
1997 325  7 2243 51 52  59  36   3.4   2.6   2.6 312.5   1.7  -1.9   0.1  -1.7   0.8   0.5   2.2   1.9   0.7   0.9   56291.   6.1  354.   0.7  -3.9 0.019    6019.   0.4    5.   0.6   0.6 0.003  1.37  -0.28   4.05  12.9  6.1 0.0072  0  53    -2   0  93.6   27   -16    11  -0.1 0.006826      1.12     0.84     0.78     0.73     0.64     0.53 -1
1997 325  8 2243 51 52  59  37   3.8   3.6   3.1 322.5   2.9  -2.2   0.2  -2.0   1.0   0.1   0.9   0.4   0.4   0.7   47736.   5.9  351.  -0.3  -4.3 0.020    3278.   0.3    2.   0.3   0.4 0.003  1.31  -0.35   2.99  11.2  5.9 0.0095  0  53     0   0  93.6   31   -17    14  -0.1 0.006826      1.12     0.86     0.79     0.74     0.66     0.54 -1
1997 325  9 2243 51 52  59  36   3.7   3.7 -17.6 310.5   2.3  -2.7  -1.1  -2.9   0.1   0.1   0.6   0.3   0.2   0.4   43011.   6.0  349.  -0.1  -3.9 0.015    2389.   0.3    2.   0.3   0.5 0.002  1.29  -0.03   3.12  11.6  6.0 0.0089  0  53     2   0  93.6   31   -17    14  -0.1 0.006826      1.07     0.81     0.76     0.71     0.63     0.54 -1
1997 325 10 2243 51 52  59  34   3.6   3.3 -12.0 303.0   1.7  -2.7  -0.7  -2.8   0.4   0.3   1.5   0.6   1.0   1.0   37389.   6.3  341.  -0.4  -3.9 0.009    7652.   0.5    3.   0.5   0.7 0.002  1.27  -0.14   3.35  11.9  6.0 0.0084  0  53     2   0  93.6   49   -29    20  -0.0 0.006826      1.13     0.87     0.81     0.75     0.68     0.55 -1
1997 325 11 2243 51 52  59  37   4.0   3.8  -3.3 309.4   2.4  -3.0  -0.2  -2.8   1.0   0.1   1.0   0.4   0.5   0.7   26823.   6.9  335.  -1.2  -4.2 0.007    3858.   0.7    2.   0.6   0.6 0.001  1.33  -0.34   2.78  11.0  6.0 0.0098  0  53     2   0  93.6   83   -63    20   0.1 0.006826      1.18     0.85     0.78     0.73     0.64     0.51 -1
1997 325 12 2243 51 52  59  37   4.0   3.9  -1.6 315.5   2.8  -2.8  -0.1  -2.6   1.0   0.3   0.8   0.5   0.2   0.6   20036.   7.4  328.  -0.8  -4.7 0.006    2092.   0.9    2.   0.5   0.6 0.001  1.36  -0.33   2.86  11.2  6.0 0.0096  0  53     1   0  93.6   46   -31    15   0.1 0.006826      1.22     0.91     0.85     0.80     0.72     0.58 -1
1997 325 13 2243 51 52  60  38   3.8   3.6  -2.9 322.7   2.9  -2.2  -0.2  -2.1   0.6   0.2   1.0   0.3   0.3   0.9   18634.   8.3  324.  -0.7  -4.3 0.005    2498.   0.7    2.   0.6   0.7 0.000  1.48  -0.19   3.51  12.3  6.1 0.0079  0  53     0   0  93.6   31   -21    10   0.2 0.006826      1.15     0.84     0.78     0.73     0.64     0.54 -1
1997 325 14 2243 51 52  60  37   3.4   3.3 -10.3 332.6   2.9  -1.5  -0.6  -1.6  -0.1   0.4   0.6   0.3   0.5   0.1   17810.  10.0  326.   0.2  -4.0 0.005     939.   1.2    3.   0.2   0.1 0.001  1.81   0.03   5.26  15.2  6.4 0.0052  0  53    -3   0  93.6   41   -30    11   0.3 0.006826      1.15     0.84     0.77     0.72     0.62     0.50 -1
1997 325 15 2243 51 52  60  37   2.5   2.5  -4.9 360.0   2.5   0.0  -0.2  -0.1  -0.2   0.1   0.4   0.1   0.3   0.2   17994.  12.4  328.   0.4  -3.8 0.005    4234.   0.5    1.   0.2   0.2 0.001  2.27   0.07  12.08  23.1  6.8 0.0022  3  53    -4   2  93.6   43   -25    19   0.3 0.006826      1.17     0.84     0.77     0.72     0.64     0.53 -1
1997 325 16 2243 51 52  58  37   2.5   2.4   2.6 355.6   2.4  -0.2   0.1  -0.2   0.1   0.4   0.8   0.3   0.7   0.3   13722.  12.0  325.   0.1  -3.5 0.006    4712.   1.5    2.   0.6   0.4 0.001  2.17  -0.03  11.35  22.5  6.9 0.0023  3  53    -3   2  93.6   55   -27    28   0.2 0.006826      1.17     0.81     0.75     0.69     0.60     0.49 -1
1997 325 17 2243 51 52  61  38   3.5   3.5  14.6 322.9   2.7  -2.1   0.9  -1.9   1.2   0.2   0.4   0.3   0.3   0.2   17045.  10.0  320.  -1.4  -2.9 0.006    3041.   0.7    3.   0.4   0.2 0.001  1.75  -0.38   4.94  14.5  6.3 0.0057  3  53    -2   2  93.6   38   -22    16   0.1 0.006826      1.21     0.86     0.79     0.73     0.64     0.52 -1
1997 325 18 2243 51 52  59  35   2.3   2.2  -6.3 354.6   2.2  -0.2  -0.2  -0.2  -0.2   0.4   0.9   0.4   0.5   0.6   18644.  13.0  323.  -0.1  -4.0 0.007    2012.   0.4    2.   0.5   0.4 0.001  2.33   0.06  15.03  25.3  6.8 0.0019  7  53     0   3  93.6   30   -19    11   0.1 0.006826      1.20     0.85     0.79     0.74     0.65     0.52 -1
1997 325 19 2243 51 52  59  37   2.9   2.5 -38.4  60.0   1.0   1.7  -1.6   1.6  -1.7   0.6   1.5   0.7   1.2   0.7   13054.  12.7  318.  -0.5  -4.2 0.006    2859.   0.3    1.   0.7   0.4 0.001  2.20   0.54   8.88  19.5  6.6 0.0031  7  53     0   3  93.6   31   -21    10   0.1 0.006826      1.19     0.84     0.77     0.71     0.63     0.52 -1
1997 325 20 2243 51 52  61  38   3.6   3.6 -35.7  77.8   0.6   2.8  -2.1   2.7  -2.2   0.2   0.3   0.2   0.2   0.1   10400.  12.5  317.  -1.3  -3.7 0.005     642.   0.6    1.   0.2   0.1 0.000  2.14   0.70   5.57  15.6  6.5 0.0049  7  53     0   3  93.6   40   -26    14   0.4 0.006826      1.28     0.87     0.80     0.75     0.65     0.52 -1
1997 325 21 2243 51 52  61  39   3.9   3.9 -32.9  84.2   0.3   3.2  -2.1   3.1  -2.2   0.3   0.6   0.3   0.4   0.2   14524.  16.3  321.  -2.0  -4.0 0.005    2850.   1.6    3.   0.5   0.2 0.001  2.86   0.71   6.37  16.6  6.5 0.0043 13  53    -1   5  93.6  114   -94    20   0.8 0.006826      1.28     0.88     0.80     0.75     0.66     0.53 -1
1997 325 22 2243 51 52  63  39   5.2   5.0 -36.7  99.8  -0.7   4.0  -3.0   3.9  -3.1   0.4   1.4   0.9   0.5   0.9   30675.  15.5  333.  -2.9  -3.1 0.008    5267.   1.4    4.   0.5   0.6 0.001  2.96   1.03   3.79  12.6  6.1 0.0075 13  53    -4   5  93.6  152  -114    38   1.1 0.006826      1.24     0.83     0.76     0.71     0.61     0.49 -1
1997 325 23 2243 51 52  60  38   6.1   5.4 -38.4 114.5  -1.8   3.9  -3.4   3.8  -3.5   0.3   2.7   1.0   1.5   2.0   37369.  16.5  339.  -2.6  -2.8 0.010    5626.   1.3    4.   0.9   0.9 0.002  3.29   1.19   3.06  11.3  5.9 0.0093 13  53    -8   5  93.6  179  -138    41   1.3 0.006826      1.26     0.86     0.79     0.74     0.65     0.54 -1
1997 326  0 2243 51 52  60  37   6.8   6.3  -6.1 104.2  -1.5   6.0  -0.7   6.0  -0.9   0.2   2.7   0.6   0.7   2.6   40808.  17.9  344.  -4.5  -3.4 0.009    2976.   1.0    2.   0.3   0.7 0.001  3.66   0.31   2.72  10.7  5.8 0.0104 30  61    -5  15  97.7  358  -239   118   2.5 0.006905      1.39     0.94     0.86     0.81     0.71     0.57 -1
1997 326  1 2243 51 52  59  37   8.1   6.4 -16.3 111.7  -2.3   5.7  -1.8   5.6  -2.2   0.6   4.9   0.7   2.5   4.1   36129.  16.4  344.  -4.5  -2.6 0.009    6634.   1.8    1.   0.6   1.2 0.001  3.36   0.76   1.71   8.6  5.5 0.0161 30  61    -2  15  97.7  147   -71    76   1.7 0.006905      1.41     0.86     0.77     0.71     0.63     0.51 -1
1997 326  2 2243 51 52  61  38   9.0   8.6 -77.3 136.3  -1.4   1.3  -8.4   0.4  -8.5   0.5   2.7   1.4   2.0   1.0   29013.  14.1  350.  -1.2  -1.3 0.009    6424.   2.2    7.   1.7   0.5 0.002  2.99   2.98   1.14   7.3  5.2 0.0223 30  61    -5  15  97.7  226  -153    73   2.1 0.006905      1.68     0.90     0.77     0.71     0.62     0.50 -1
1997 326  3 2243 51 52  63  40   8.5   7.9 -61.5 114.5  -1.6   3.4  -6.9   2.3  -7.3   0.6   3.3   0.9   3.0   1.2   24996.  15.5  355.  -0.3  -0.9 0.006    5794.   2.7    5.   1.2   1.0 0.001  3.34   2.59   1.37   8.2  5.6 0.0176 37  61   -15  22  97.7  406  -325    81   2.8 0.006905      1.93     0.92     0.77     0.71     0.62     0.49 -1
1997 326  4 2243 51 52  60  38   9.0   8.8 -56.5 103.1  -1.1   4.7  -7.3   3.1  -8.1   0.7   1.8   0.7   1.5   0.9   20375.  13.0  366.   0.6   0.4 0.007    6917.   2.2    6.   1.0   0.9 0.002  2.99   2.96   0.99   7.3  5.4 0.0221 37  61   -26  22  97.7  461  -301   160   3.4 0.006905      2.24     0.94     0.78     0.71     0.62     0.50 -1
1997 326  5 2243 51 52  61  36   9.1   8.8 -42.4 105.4  -1.7   6.3  -6.0   4.5  -7.4   0.1   2.1   1.8   0.5   0.9   21746.  11.4  361.   0.0   0.3 0.008    4586.   1.1    8.   0.7   0.6 0.002  2.56   2.67   0.86   6.7  5.1 0.0265 37  61   -36  22  97.7  558  -334   223   3.5 0.006905      1.75     0.92     0.79     0.73     0.64     0.54 -1
1997 326  6 2243 51 52  57  36   8.9   8.9 -18.5 100.9  -1.6   8.3  -2.8   7.0  -5.2   0.1   1.0   0.8   0.3   0.6   32389.  11.1  351.  -2.9  -2.6 0.015    4435.   0.3    4.   0.4   0.8 0.002  2.42   1.83   0.94   6.6  4.9 0.0276 43  61   -42  32  97.7  632  -482   150   5.5 0.006905      1.83     0.94     0.81     0.74     0.65     0.52 -1
1997 326  7 2243 51 52  60  37   7.6   7.0   4.6 101.9  -1.4   6.9   0.6   6.7  -1.9   0.8   2.8   0.9   1.5   2.2   61838.  12.0  351.  -1.3  -4.7 0.022   16943.   1.1    4.   1.5   0.6 0.003  2.69   0.67   1.64   8.0  5.1 0.0186 43  61   -39  32  97.7  398  -222   176   3.9 0.006905      1.83     0.98     0.84     0.75     0.63     0.51 -1
1997 326  8 2243 51 52  60  38   6.5   5.2  24.2 108.7  -1.5   4.5   2.1   5.0   0.2   0.3   3.8   1.3   2.2   2.8   84709.  13.0  347.   0.7  -4.8 0.023    9477.   0.7    4.   1.4   1.7 0.002  2.85  -0.07   2.73   9.6  5.3 0.0128 43  61   -33  32  97.7  184   -67   116   1.6 0.006905      2.00     0.99     0.81     0.73     0.63     0.52 -1
1997 326  9 2243 51 52  66  39   6.9   6.5  16.0  96.7  -0.7   6.2   1.8   6.4  -0.8   2.4   3.1   0.7   2.4   1.8  107190.  12.9  354.  -0.7  -4.7 0.026   41354.   4.4   21.   0.6   1.3 0.006  2.98   0.28   2.66   9.2  5.1 0.0140 53  61   -23  56  97.7  182   -73   109   1.6 0.006905      8.52     1.61     0.91     0.75     0.66     0.53 -1
1997 326 10 2243 51 52  69  43  18.9  16.8  13.8 103.3  -3.8  15.9   4.0  16.2  -2.6   5.3   9.9   2.0   5.5   8.0  263017.  27.7  453.  -3.2  -2.4 0.044   83881.   6.1   42.   1.4   1.6 0.013 11.16   1.18   1.26   6.3  4.4 0.0299 53  61    -2  56  97.7  512  -303   209   4.6 0.006905    122.00     8.94     1.26     0.76     0.64     0.51 -1
1997 326 11 2243 51 52  61  39  25.1  20.1  -9.3 105.3  -5.2  19.2  -3.2  16.4 -10.4   3.7  15.1   2.5   4.0  14.4  257885.  28.9  487.  -4.3   2.5 0.033   83193.   3.4    6.   1.6   1.9 0.009 12.96   5.06   0.74   5.2  4.1 0.0437 53  61   -22  56  97.7  928  -795   133   4.6 0.006905     47.20     3.49     1.02     0.73     0.63     0.51 -1
1997 326 12 2243 51 52  61  37  24.5  15.8  58.9  86.7   0.5   8.1  13.5  12.5   9.6   4.1  18.7   6.4   8.2  15.6  252733.  32.3  493.   1.7   4.0 0.030   70721.   5.7    9.   2.0   1.8 0.005 14.68  -4.73   0.85   5.7  4.3 0.0364 60  61   -66  80  97.7 1041  -801   239   5.9 0.006905 999999.99 99999.99 99999.99 99999.99 99999.99 99999.99  0
1997 326 13 2243 51 52  62  38  17.6  10.4   8.8  81.3   1.6  10.1   1.6  10.0  -1.9   4.5  14.7   4.2   7.7  11.8  425962.  25.6  493.   3.3   2.4 0.028  106514.   5.2   13.   1.4   3.2 0.004 11.55   0.94   1.91   7.1  4.4 0.0237 60  61   -55  80  97.7  418  -257   161   2.6 0.006905      7.98     1.48     0.86     0.72     0.62     0.51 -1
1997 326 14 2243 51 52  54  33  26.6  26.3   5.1  89.1   0.4  26.2   2.3  25.7  -5.7   0.7   4.0   2.9   0.8   2.7  221044.  10.6  497.  -3.7   2.2 0.032  103698.   2.2   18.   1.5   2.2 0.006  4.93   2.83   0.22   3.0  2.8 0.1286 60  61   -55  80  97.7  662  -421   241   3.6 0.006905      4.16     1.02     0.79     0.71     0.63     0.51 -1
1997 326 15 2243 51 52  61  40  25.7  19.7  27.6  80.7   2.8  17.3   9.2  19.1   4.4   2.0  16.3   7.8  12.8   6.5  270603.  10.8  481.  -4.0   0.2 0.032  131751.   2.8   15.   4.4   1.8 0.004  4.71  -2.12   0.27   3.1  2.8 0.1258 43  61   -75  32  97.7  978  -744   234   3.6 0.006905      3.26     0.93     0.75     0.68     0.59     0.48 -1
1997 326 16 2243 51 52  59  36  25.3  25.1  41.1 100.8  -3.6  18.6  16.5  21.7  12.2   0.3   2.6   2.0   0.9   1.3  219671.   8.0  449.  -9.2  -0.8 0.031   15922.   0.7    9.   1.1   1.3 0.003  3.03  -5.48   0.18   2.5  2.3 0.1888 43  61   -66  32  97.7  292  -223    69   2.0 0.006905      2.38     0.89     0.76     0.70     0.61     0.50 -1
1997 326 17 2243 51 52  63  36  25.6  25.0  35.9 102.1  -4.2  19.8  14.7  21.9  11.3   0.6   5.3   1.7   2.8   4.2  116182.   7.4  466.  -4.2  -6.3 0.027   44693.   2.0   12.   1.8   3.0 0.007  2.97  -5.27   0.11   2.5  2.4 0.1940 43  61   -54  32  97.7  199  -138    60   0.6 0.006905      1.72     0.87     0.77     0.72     0.62     0.49 -1
1997 326 18 2243 51 52  59  33  25.9  24.0  48.6  93.6  -1.0  15.9  18.0  17.9  16.0   1.1   9.5   5.1   3.6   7.2   62608.   4.4  473.   0.2  -4.1 0.018   40382.   4.0   24.   2.4   3.1 0.006  1.76  -7.57   0.05   1.9  1.9 0.3242 43  61   -54  32  97.7  189  -109    81   0.1 0.006905      1.60     0.87     0.78     0.73     0.64     0.52 -1
1997 326 19 2243 51 52  62  35  26.9  23.8  39.7 103.2  -4.2  17.8  15.2  18.9  13.8   1.3  12.7   8.3   3.4   8.9   69446.  14.1  482.   3.7   2.0 0.065   28740.  11.7   25.   6.2   4.4 0.024  6.89  -6.65   0.16   3.4  3.2 0.1051 43  61   -37  32  97.7  265  -170    95   1.7 0.006905      1.42     0.80     0.73     0.68     0.60     0.49 -1
1997 326 20 2243 51 52  61  37  25.1  24.9  17.2 121.9 -12.6  20.2   7.4  20.5   6.5   0.4   3.0   1.4   0.7   2.6   39844.  23.5  510.   9.3   4.3 0.067   15070.   5.8    6.   0.4   0.8 0.018 12.94  -3.31   0.26   4.9  4.4 0.0490 43  61   -19  32  97.7  361  -306    54   3.9 0.006905      1.20     0.80     0.75     0.70     0.62     0.51 -1
1997 326 21 2243 51 52  60  39  23.3  23.1 -10.4 133.0 -15.5  16.6  -4.2  16.5  -4.6   0.7   3.1   0.7   1.3   2.7   13421.  15.8  519.   8.8   1.1 0.084    2364.   3.7    4.   0.6   0.8 0.013  9.50   2.39   0.17   4.4  4.1 0.0607 60  61   -24  80  97.7  337  -268    69   3.9 0.006905      1.16     0.81     0.75     0.70     0.62     0.48 -1
1997 326 22 2243 51 52  60  35  20.2  19.8 -32.2 154.8 -15.1   7.1 -10.5   7.0 -10.6   0.9   3.9   1.2   3.4   1.6    9899.  14.3  524.   5.5  -1.4 0.084    1527.   1.6    6.   1.3   0.7 0.008  8.76   5.55   0.20   4.9  4.5 0.0494 60  61   -44  80  97.7  455  -385    69   4.0 0.006905      1.18     0.82     0.77     0.72     0.64     0.53 -1
1997 326 23 2243 51 52  60  38  18.7  18.7 -41.0 168.3 -13.8   2.9 -12.2   2.7 -12.2   0.4   1.3   0.5   1.0   0.7    9443.  10.2  520.   4.0  -2.1 0.093     899.   3.4    4.   0.8   0.3 0.013  6.32   6.34   0.17   4.4  4.2 0.0603 60  61   -72  80  97.7  672  -542   130   5.6 0.006905      1.12     0.73     0.68     0.63     0.55     0.44 -1
1997 327  0 2243 51 52  59  29  17.6  17.6 -42.9 167.1 -12.5   2.9 -12.0   2.5 -12.1   0.2   1.3   0.7   0.9   0.6    9436.   9.1  515.   4.5  -2.2 0.101     979.   2.0    6.   0.9   0.5 0.013  5.66   6.23   0.17   4.4  4.1 0.0611 73  71   -89 154  97.3  715  -614   100   4.7 0.006975      1.13     0.76     0.71     0.67     0.60     0.51 -1
1997 327  1 2243 51 52  59  38  17.3  17.2 -49.5 179.1 -11.2   0.2 -13.1  -0.6 -13.1   0.2   1.5   0.3   1.5   0.3   10938.   8.3  505.   3.7  -3.6 0.085    1536.   0.8    2.   1.0   0.4 0.016  4.74   6.62   0.16   4.2  3.9 0.0673 73  71   -83 154  97.3  990  -848   142   7.6 0.006975      1.09     0.77     0.72     0.68     0.60     0.48 -1
1997 327  2 2243 51 52  62  37  16.9  16.9 -50.5 186.3 -10.6  -1.2 -13.0  -2.5 -12.8   0.9   1.7   0.6   1.3   0.9   11690.   7.4  509.   3.0  -2.5 0.073    1069.   0.7    5.   0.8   0.6 0.007  4.14   6.52   0.15   4.1  3.9 0.0709 73  71   -95 154  97.3  887  -793    94   5.7 0.006975      1.19     0.79     0.73     0.69     0.61     0.50 -1
1997 327  3 2243 51 52  59  39  14.6  14.5 -52.9 196.3  -8.4  -2.5 -11.5  -4.2 -11.0   0.6   1.4   0.9   0.9   0.6   11728.   6.1  522.   2.3  -1.5 0.058    1838.   0.6    4.   0.5   0.4 0.010  3.42   5.74   0.17   4.4  4.1 0.0610 70  71  -103 132  97.3  647  -607    39   1.8 0.006975      1.15     0.78     0.73     0.69     0.60     0.49 -1
1997 327  4 2243 51 52  61  38  14.2  14.0 -55.9 205.6  -7.1  -3.4 -11.6  -5.7 -10.7   0.3   1.9   1.3   1.1   0.9   13639.   8.2  518.   2.4  -1.7 0.036     949.   0.7    3.   0.5   0.5 0.004  4.20   5.54   0.24   5.2  4.8 0.0436 70  71  -100 132  97.3  736  -661    75   5.4 0.006975      1.12     0.80     0.75     0.70     0.62     0.51 -1
1997 327  5 2243 51 52  58  36  14.0  13.9 -49.2 210.0  -7.9  -4.5 -10.5  -7.1  -9.0   0.1   1.0   0.5   0.6   0.7   11481.   7.6  510.   3.1  -1.4 0.041    1129.   1.1    5.   0.2   0.3 0.005  3.84   4.59   0.23   5.0  4.6 0.0472 70  71  -102 132  97.3  502  -398   104   6.2 0.006975      0.96     0.74     0.70     0.65     0.57     0.47 -1
1997 327  6 2243 51 52  60  38  13.3  13.3 -40.9 215.5  -8.2  -5.8  -8.7  -8.2  -6.5   0.2   0.8   0.5   0.5   0.3   11805.   8.3  500.   3.3  -1.9 0.044    1471.   0.6    2.   0.2   0.3 0.004  4.08   3.25   0.27   5.4  4.9 0.0406 47  71  -108  39  97.3  406  -287   120   3.3 0.006975      0.99     0.78     0.73     0.69     0.61     0.50 -1
1997 327  7 2243 51 52  59  36  12.7  12.6 -37.4 226.5  -6.9  -7.3  -7.6  -9.5  -4.6   0.1   1.6   1.0   1.1   0.6   12292.   8.2  499.   3.5  -2.3 0.049    1972.   0.7    4.   0.3   0.4 0.006  4.08   2.30   0.30   5.6  5.0 0.0376 47  71  -105  39  97.3  555  -475    80   3.1 0.006975      0.99     0.77     0.73     0.68     0.60     0.50 -1
1997 327  8 2243 51 52  62  36  12.9  12.7 -30.6 226.3  -7.6  -7.9  -6.5  -9.8  -3.1   0.2   2.1   0.7   1.4   1.5   17604.   8.0  500.   3.2  -2.8 0.045    3817.   0.9    8.   0.6   0.8 0.006  3.94   1.55   0.29   5.5  4.9 0.0396 47  71   -94  39  97.3  374  -249   125   2.7 0.006975      1.12     0.80     0.76     0.72     0.63     0.51 -1
1997 327  9 2243 51 52  60  36  14.1  14.0 -43.4 215.4  -8.3  -5.9  -9.6  -9.2  -6.6   0.5   1.5   1.3   0.7   0.5   23097.   5.8  502.   2.2  -0.6 0.044    3069.   0.7    5.   0.4   0.6 0.004  2.87   3.31   0.18   4.3  4.0 0.0647 53  71   -90  56  97.3  376  -318    58   2.8 0.006975      1.30     0.82     0.77     0.72     0.63     0.53 -1
1997 327 10 2243 51 52  60  38  15.8  15.3 -44.4 195.7 -10.5  -3.0 -10.7  -7.0  -8.7   0.3   3.9   0.9   3.5   1.2   20395.   4.9  509.   1.2   0.9 0.050    3486.   0.9    4.   1.3   0.8 0.010  2.54   4.43   0.12   3.6  3.4 0.0936 53  71   -93  56  97.3  905  -710   195   5.8 0.006975      1.11     0.77     0.72     0.67     0.59     0.49 -1
1997 327 11 2243 51 52  58  36  15.7  15.5 -45.6 176.7 -10.8   0.6 -11.1  -3.7 -10.5   0.3   2.7   1.1   2.3   0.9   23385.   4.1  505.   0.4   0.3 0.052    4728.   0.7    8.   1.1   0.5 0.013  2.11   5.30   0.11   3.3  3.1 0.1122 53  71  -105  56  97.3  660  -544   117   4.5 0.006975      1.20     0.84     0.78     0.73     0.64     0.51 -1
1997 327 12 2243 51 52  59  37  15.4  15.0 -34.3 175.8 -12.3   0.9  -8.4  -2.2  -8.2   0.1   3.4   1.0   2.7   1.7   27053.   3.3  491.  -1.1  -0.6 0.038    4378.   0.8    8.   2.2   1.2 0.005  1.53   4.03   0.09   2.9  2.8 0.1418 47  71  -108  39  97.3  613  -502   112   3.8 0.006975      1.50     0.79     0.72     0.68     0.59     0.49 -1
1997 327 13 2243 51 52  58  37  13.7   7.4 -19.4 186.7  -7.0  -0.8  -2.5  -1.6  -2.1   1.1  11.5   7.3   8.5   2.5  102886.   3.1  498.  -0.5  -2.2 0.038  119604.   0.9   40.   4.3   1.4 0.009  1.48   1.05   0.16   3.2  3.0 0.1161 47  71   -96  39  97.3  582  -435   147   2.6 0.006975      1.40     0.76     0.70     0.66     0.59     0.48 -1
1997 327 14 2243 51 52  58  32  14.0  13.8  13.4 305.7   7.8 -10.9   3.2  -9.5   6.3   0.2   1.9   1.0   1.2   1.0  106887.   1.1  452.  -0.1   0.2 0.034   33668.   0.3    9.   2.0   0.9 0.007  0.43  -2.85   0.05   1.7  1.7 0.4149 47  71   -92  39  97.3  197  -130    68   0.5 0.006975      1.25     0.81     0.76     0.71     0.63     0.52 -1
1997 327 15 2243 51 52  63  42  12.3  12.2   6.6 304.1   6.8 -10.0   1.4  -9.3   3.9   0.6   1.3   0.6   0.7   1.0  139154.   1.6  448.   0.7  -0.2 0.032   40375.   0.2    9.   1.2   1.9 0.004  0.60  -1.75   0.12   2.3  2.2 0.2241 20  71   -85   7  97.3   81   -23    58   0.2 0.006975      1.19     0.74     0.69     0.64     0.57     0.47 -1
1997 327 16 2243 51 52  59  39  10.6   9.5  -7.0 283.2   2.2  -9.2  -1.2  -9.3   0.7   0.9   4.8   4.0   0.6   2.6  119776.   1.8  453.   1.2   0.2 0.055   40302.   0.6   17.   1.0   1.3 0.023  0.75  -0.32   0.17   2.9  2.7 0.1447 20  71   -83   7  97.3   93   -51    42   0.9 0.006975      1.17     0.76     0.71     0.67     0.59     0.49 -1
1997 327 17 2243 51 52  62  40   9.7   9.2  -6.8 269.5  -0.1  -9.1  -1.1  -9.2   0.3   0.5   2.8   1.5   1.1   2.1  184329.   2.3  473.   0.5  -1.8 0.069   53063.   0.4   16.   1.3   2.0 0.013  1.10  -0.14   0.32   3.7  3.3 0.0870 20  71   -80   7  97.3  214  -150    64   1.0 0.006975      1.06     0.81     0.76     0.71     0.63     0.51 -1
1997 327 18 2243 51 52  67  39   9.0   8.0 -18.2 248.4  -2.8  -7.1  -2.5  -7.3  -1.7   0.3   3.9   2.7   2.1   1.9  133458.   2.8  496.  -1.4  -2.6 0.067   23782.   0.3   29.   1.6   1.5 0.015  1.46   0.84   0.38   4.6  4.0 0.0559 30  71   -77  15  97.3  309  -193   116   1.5 0.006975      0.97     0.78     0.74     0.70     0.61     0.49 -1
1997 327 19 2243 51 52  61  46   7.3   4.3 -17.2 250.6  -1.4  -3.9  -1.3  -4.0  -1.0   1.2   6.0   4.8   3.1   1.6  207802.   4.2  581.  -1.9  -5.5 0.024   49628.   0.7   19.   1.1   1.0 0.005  2.59   0.58   1.10   8.2  5.8 0.0179 30  71   -71  15  97.3  305  -161   144   1.4 0.006975      0.96     0.82     0.78     0.74     0.65     0.53 -1
1997 327 20 2243 51 52  59  40   5.8   5.6 -18.4 206.4  -4.8  -2.4  -1.8  -2.5  -1.7   0.3   1.5   0.6   0.9   0.9  237517.   3.4  576.  -2.7  -5.6 0.023   34117.   0.5    9.   0.7   0.4 0.004  2.06   0.98   1.54   9.2  6.0 0.0142 30  71   -69  15  97.3  453  -283   170   3.1 0.006975      0.96     0.81     0.77     0.73     0.64     0.51 -1
1997 327 21 2243 51 52  59   6   5.4   4.4 -24.9 244.9  -1.7  -3.6  -1.9  -3.6  -1.8   1.7   3.4   2.9   1.1   1.3  206672.   3.1  565.  -2.6  -5.3 0.026   32940.   0.5   10.   0.7   0.7 0.004  1.82   1.02   1.48   9.2  6.1 0.0140 40  71   -68  27  97.3  271  -119   152   1.9 0.006975      0.93     0.75     0.71     0.67     0.59     0.47 -1
1997 327 22 2243 51 52  61   2   5.6   5.3 -27.1 227.6  -3.2  -3.5  -2.4  -3.5  -2.4   1.6   2.1   1.1   1.6   0.8  188344.   2.6  566.  -0.0  -3.2 0.023   15178.   0.4   20.   0.7   1.8 0.004  1.52   1.36   1.09   8.1  5.8 0.0179 40  71   -62  27  97.3  227  -132    95   1.8 0.006975      0.96     0.77     0.73     0.69     0.60     0.48 -1
1997 327 23 2243 51 52  57  31   6.3   6.3 -34.4 236.4  -2.9  -4.3  -3.5  -4.3  -3.5   0.5   0.9   0.4   0.6   0.5  199865.   1.3  553.   1.1  -2.5 0.038   24979.   0.3   10.   1.2   0.9 0.005  0.76   1.94   0.45   5.0  4.2 0.0475 40  71   -57  27  97.3  292  -224    68   2.5 0.006975      1.09     0.80     0.76     0.72     0.63     0.49 -1
1997 328  0 2243 51 52  59  39   4.9   4.8 -36.6 218.5  -3.0  -2.4  -2.8  -2.5  -2.7   1.0   1.5   1.1   0.8   0.7  175950.   2.0  526.   0.6  -2.1 0.040   50318.   0.5    8.   0.8   0.9 0.005  1.07   1.42   1.05   7.6  5.5 0.0206 30  63   -56  15 100.6  272  -135   138   1.5 0.007056      1.35     0.86     0.81     0.76     0.64     0.50 -1
1997 328  1 2243 51 52  61  41   5.6   5.4 -29.4 219.3  -3.7  -3.0  -2.7  -3.1  -2.5   0.2   1.3   0.7   0.9   0.4  103966.   1.6  516.   2.6  -3.5 0.047   14042.   0.2   11.   1.1   0.5 0.006  0.85   1.29   0.49   5.8  4.9 0.0350 30  63   -54  15 100.6  198   -51   147   1.4 0.007056      0.96     0.73     0.68     0.64     0.56     0.41 -1
1997 328  2 2243 51 52  60  40   6.4   6.1 -36.3 256.6  -1.1  -4.8  -3.6  -5.1  -3.1   0.3   1.9   1.6   0.8   0.5   82643.   1.6  537.   4.2  -2.3 0.044   21384.   0.3   15.   0.9   0.7 0.006  0.91   1.66   0.34   5.3  4.7 0.0422 30  63   -51  15 100.6  304   -54   250   1.6 0.007056      0.95     0.76     0.71     0.67     0.59     0.48 -1
1997 328  3 2243 51 52  61  41   6.7   6.5 -40.8 268.8  -0.1  -4.9  -4.3  -5.5  -3.6   0.2   1.5   1.0   1.0   0.7   64340.   1.6  539.   3.5  -3.3 0.057   33809.   0.1    6.   1.4   1.0 0.008  0.95   1.94   0.29   5.1  4.6 0.0459 33  63   -52  18 100.6  301  -179   123   2.5 0.007056      0.99     0.82     0.77     0.73     0.65     0.53 -1
1997 328  4 2243 51 52  62  41   6.1   5.6 -24.0 286.6   1.5  -4.9  -2.3  -5.3  -1.3   0.4   2.3   1.4   0.6   1.8   76645.   2.6  565.   3.4  -5.3 0.017   34041.   0.6    5.   0.5   1.4 0.009  1.48   0.73   0.60   7.5  6.1 0.0213 33  63   -46  18 100.6  313  -163   150   2.8 0.007056      0.94     0.77     0.73     0.69     0.61     0.50 -1
1997 328  5 2243 51 52  61  43   4.3   4.0  30.6 341.7   3.3  -1.1   2.0  -0.6   2.2   0.9   1.8   0.8   1.3   0.8  179175.   2.8  581.   1.9  -6.3 0.021   60964.   0.2    9.   0.7   0.7 0.004  1.71  -1.28   1.94  11.3  6.9 0.0093 33  63   -46  18 100.6  138   -37   101   1.0 0.007056      0.91     0.75     0.71     0.67     0.57     0.45 -1
1997 328  6 2243 51 52  59  42   5.2   5.1  30.0   4.1   4.4   0.3   2.6   1.1   2.4   0.2   1.1   0.4   0.9   0.5  165896.   2.3  591.   0.9  -7.9 0.022   67875.   0.5    8.   0.7   0.6 0.003  1.46  -1.42   1.04   8.6  6.3 0.0160 20  63   -46   7 100.6   71   -47    24   0.3 0.007056      0.87     0.75     0.71     0.67     0.58     0.47 -1
1997 328  7 2243 51 52  59  39   4.1   3.2 -29.4 250.1  -0.9  -2.6  -1.6  -3.0  -0.6   0.7   2.7   2.3   0.7   1.2  121036.   5.1  554.   2.7  -5.6 0.019   77996.   2.1    9.   0.8   0.4 0.006  2.81   0.33   3.15  15.3  7.9 0.0051 20  63   -41   7 100.6  126   -47    79   0.7 0.007056 999999.99 99999.99 99999.99 99999.99 99999.99 99999.99  0
1997 328  8 2243 51 52  60  41   4.3   4.2 -30.7 232.7  -2.2  -2.8  -2.1  -3.4  -0.9   0.2   1.2   0.9   0.6   0.5   45152.   6.6  558.   1.9  -5.5 0.022    5413.   0.8    6.   0.3   0.3 0.004  3.73   0.50   2.58  16.7  9.3 0.0043 20  63   -39   7 100.6   88   -36    52   0.6 0.007056 999999.99 99999.99 99999.99 99999.99 99999.99 99999.99  0
1997 328  9 2243 51 52  58  36   5.1   5.1 -17.9 203.4  -4.4  -1.9  -1.6  -2.4  -0.8   0.2   0.4   0.3   0.2   0.2   34278.   4.6  555.   2.0  -5.1 0.024    4498.   0.3    2.   0.2   0.3 0.005  2.59   0.44   1.20  11.7  8.2 0.0087 17  63   -42   6 100.6  113   -60    53   0.5 0.007056 999999.99 99999.99 99999.99 99999.99 99999.99 99999.99  0
1997 328 10 2243 51 52  59  38   5.2   5.2 -18.2 198.6  -4.7  -1.6  -1.6  -2.1  -0.9   0.3   0.5   0.4   0.2   0.3   27177.   4.7  544.   1.4  -4.3 0.023    7200.   0.5    7.   0.2   0.4 0.005  2.54   0.49   1.12  11.3  8.1 0.0092 17  63   -43   6 100.6   82   -59    22   0.5 0.007056 999999.99 99999.99 99999.99 99999.99 99999.99 99999.99  0
1997 328 11 2243 51 52  61  36   4.7   4.6 -23.7 189.4  -4.2  -0.7  -1.9  -1.4  -1.5   0.2   0.8   0.3   0.5   0.6   25386.   5.2  536.   1.5  -3.9 0.027    4370.   0.4    6.   0.3   0.2 0.003  2.76   0.80   1.51  13.0  8.6 0.0070 17  63   -47   6 100.6  302  -225    76   1.3 0.007056 999999.99 99999.99 99999.99 99999.99 99999.99 99999.99  0
1997 328 12 2243 51 52  57  35   3.6   3.3 -34.2 215.8  -2.2  -1.6  -1.8  -2.1  -1.1   0.3   1.5   1.2   0.4   0.8   28812.   5.1  521.   1.1  -3.4 0.024    6030.   0.7   10.   0.5   0.7 0.005  2.53   0.57   2.57  16.3  9.1 0.0045 27  63   -48  12 100.6  243  -195    48   1.3 0.007056      0.58     0.48     0.43     0.38     0.23     0.17 -1
1997 328 13 2243 51 52  59  35   3.7   3.6 -26.3 204.0  -3.0  -1.3  -1.6  -1.8  -1.1   0.4   1.0   0.6   0.8   0.2   26688.   4.8  514.   0.6  -2.6 0.026    4089.   0.4    6.   0.5   0.3 0.003  2.34   0.57   2.26  15.2  8.9 0.0051 27  63   -44  12 100.6  207  -190    16   1.2 0.007056      0.89     0.80     0.76     0.72     0.62     0.50 -1
1997 328 14 2243 51 52  60  37   2.9   2.6 -32.1 291.8   0.8  -2.0  -1.4  -2.3  -0.8   0.7   1.4   1.2   0.7   0.4   40409.   5.6  501.   0.6  -2.2 0.025    3746.   0.4    3.   0.2   0.3 0.006  2.58   0.40   4.68  20.4  9.1 0.0028 27  63   -33  12 100.6  327  -266    61   1.5 0.007056      0.81     0.72     0.69     0.65     0.56     0.45 -1
1997 328 15 2243 51 52  60  32   4.3   4.2 -14.3 308.2   2.5  -3.2  -1.0  -3.3  -0.2   0.2   0.6   0.4   0.3   0.3   31390.   5.8  501.   1.4  -2.7 0.016    4725.   0.3    4.   0.4   0.3 0.001  2.59   0.10   2.08  14.0  8.4 0.0060 23  63   -33   9 100.6  135  -106    30   1.0 0.007056      0.82     0.73     0.69     0.65     0.57     0.45 -1
1997 328 16 2243 51 52  60  35   4.2   4.1 -14.7 307.8   2.4  -3.1  -1.0  -3.2  -0.4   0.2   0.7   0.3   0.4   0.6   27954.   6.4  495.   1.1  -3.7 0.018    2453.   0.4    2.   0.2   0.4 0.002  2.81   0.20   2.36  14.9  8.6 0.0054 23  63   -36   9 100.6  105   -81    24   0.8 0.007056      0.90     0.81     0.78     0.74     0.65     0.52 -1
1997 328 17 2243 51 52  59  35   4.3   4.3   3.0 305.7   2.5  -3.5   0.2  -3.4   0.7   0.2   0.8   0.4   0.5   0.5   26674.   5.6  491.   1.1  -3.4 0.017    2950.   0.4    5.   0.3   0.4 0.003  2.41  -0.34   1.95  13.5  8.2 0.0065 23  63   -37   9 100.6  307  -259    49   1.1 0.007056      0.89     0.81     0.77     0.73     0.64     0.53 -1
1997 328 18 2243 51 52  59  33   4.6   4.6   1.1 317.0   3.3  -3.1   0.1  -3.1   0.4   0.3   0.7   0.5   0.3   0.4   22774.   4.6  488.   1.1  -3.0 0.014    2711.   0.6    3.   0.4   0.3 0.002  1.93  -0.20   1.37  11.4  7.7 0.0092 17  63   -36   6 100.6   67   -56    11   0.5 0.007056      0.89     0.80     0.77     0.73     0.63     0.50 -1
1997 328 19 2243 51 52  61  34   5.0   4.9   2.0 323.8   4.0  -2.9   0.2  -2.9   0.4   0.1   0.6   0.3   0.4   0.4   18083.   3.5  483.   1.3  -3.0 0.015    5427.   0.3    5.   0.4   0.3 0.003  1.45  -0.19   0.85   9.0  6.9 0.0146 17  63   -38   6 100.6   27   -14    13   0.4 0.007056      0.84     0.76     0.74     0.70     0.62     0.51 -1
1997 328 20 2243 51 52  60  33   4.3   3.7   8.0 234.2  -2.2  -3.0   0.5  -3.0   0.6   0.2   2.2   2.1   0.5   0.2   32402.   5.3  490.   0.6  -2.6 0.017    5441.   0.6    8.   0.7   0.2 0.004  2.27  -0.29   1.92  13.1  8.0 0.0069 17  63   -38   6 100.6   35   -25    10   0.4 0.007056      0.87     0.78     0.75     0.70     0.63     0.52 -1
1997 328 21 2243 51 52  59  33   4.5   4.4  11.9 194.0  -4.1  -1.0   0.9  -1.0   0.9   0.3   0.9   0.4   0.8   0.3   30831.   5.0  489.   0.4  -2.3 0.020    5146.   0.5    7.   0.3   0.2 0.003  2.16  -0.44   1.64  12.1  7.8 0.0081 17  63   -33   6 100.6   50   -39    11   0.5 0.007056      0.87     0.76     0.73     0.69     0.61     0.49 -1
1997 328 22 2243 51 52  61  39   3.9   3.4   4.3 231.4  -2.1  -2.6   0.3  -2.6   0.3   1.1   2.2   1.9   0.8   0.9   63469.   4.5  490.  -0.1  -1.5 0.014   18536.   1.2   12.   0.5   0.8 0.002  1.91  -0.15   2.36  13.3  7.6 0.0067 17  63   -31   6 100.6   66   -47    19   0.6 0.007056      0.91     0.79     0.75     0.70     0.63     0.51 -1
1997 328 23 2243 51 52  59  37   5.6   5.6  14.3 197.2  -5.2  -1.6   1.4  -1.6   1.4   0.2   0.7   0.2   0.5   0.3   40364.   3.4  492.   0.2  -1.1 0.011   10467.   0.3    3.   0.5   0.3 0.001  1.43  -0.69   0.76   8.1  6.3 0.0181 17  63   -35   6 100.6   36   -24    13   0.1 0.007056      0.99     0.82     0.78     0.74     0.65     0.53 -1
1997 329  0 2243 51 52  54  33   5.1   3.6  -2.7 249.4  -1.3  -3.3  -0.2  -3.3  -0.1   0.4   3.7   3.3   0.8   1.4   71818.   3.0  465.  -0.6  -2.2 0.011   15011.   0.6   22.   1.5   1.5 0.003  1.13   0.05   0.96   7.9  5.8 0.0191 10  39   -37   4  99.4   25   -13    12   0.2 0.007031      1.00     0.81     0.77     0.73     0.63     0.51 -1
1997 329  1 2243 51 52  62  39   5.5   5.1 -27.3 327.7   3.8  -2.4  -2.3  -2.5  -2.2   0.2   2.0   0.8   1.8   0.2   61587.   2.4  433.  -0.6  -3.8 0.026   11825.   0.4    6.   1.8   0.5 0.002  0.83   0.95   0.63   6.1  4.9 0.0320 10  39   -40   4  99.4   60   -36    24   0.6 0.007031      1.01     0.79     0.75     0.70     0.63     0.51 -1
1997 329  2 2243 51 52  59  37   5.5   5.3 -18.2  17.6   4.8   1.5  -1.7   1.3  -1.8   0.1   1.1   0.3   1.0   0.4   75451.   2.0  436.   3.0  -2.7 0.032   14471.   0.4    8.   1.1   0.6 0.005  0.72   0.78   0.56   5.6  4.6 0.0379 10  39   -41   4  99.4   77   -30    47   1.4 0.007031      0.99     0.82     0.78     0.74     0.66     0.55 -1
1997 329  3 2243 51 52  60  39   5.4   5.3 -13.5  14.0   5.0   1.3  -1.2   1.1  -1.4   0.1   0.7   0.2   0.6   0.2   67386.   1.8  434.   2.5  -2.1 0.034   19506.   0.4    6.   0.8   0.4 0.008  0.64   0.61   0.50   5.4  4.5 0.0409  7  39   -42   3  99.4   91   -23    68   1.3 0.007031      0.91     0.78     0.75     0.70     0.62     0.50 -1
1997 329  4 2243 51 52  60  36   5.5   5.4  -9.0  23.1   4.9   2.1  -0.9   1.9  -1.3   0.1   0.8   0.4   0.4   0.5   78527.   1.5  435.   3.7  -2.3 9.999   19001.   0.2    9.   1.4   0.8 9.999  0.57   0.57   0.43   4.8  4.1 0.0507  7  39   -42   3  99.4   73   -21    51   0.9 0.007031      0.91     0.77     0.73     0.69     0.60     0.48 -1
1997 329  5 2243 51 52  60  30   5.5   5.4   2.2   5.3   5.4   0.5   0.2   0.5   0.1   0.1   0.8   0.1   0.8   0.2   86173.   1.4  432.   1.4  -1.0 9.999    6549.   0.2   10.   1.6   0.5 9.999  0.52  -0.04   0.41   4.6  4.0 0.0551  7  39   -42   3  99.4   47   -21    26   0.7 0.007031      0.96     0.83     0.80     0.75     0.65     0.52 -1
1997 329  6 2243 51 52  61  36   5.5   5.5   6.2  11.2   5.3   1.1   0.6   1.2   0.3   0.1   0.4   0.1   0.3   0.2   77550.   1.3  432.   2.9  -0.9 0.030   15098.   0.2    6.   0.6   0.4 0.000  0.45  -0.13   0.37   4.5  3.9 0.0593  3  39   -41   2  99.4   36   -23    13   0.3 0.007031      0.93     0.80     0.76     0.72     0.63     0.51 -1
1997 329  7 2243 51 52  59  34   4.8   4.8  14.0   7.9   4.6   0.6   1.2   1.0   0.9   0.3   0.7   0.3   0.2   0.5   76835.   1.6  438.   2.1  -1.4 0.033   26718.   0.4   12.   0.7   1.1 0.010  0.58  -0.39   0.59   5.8  4.7 0.0357  3  39   -39   2  99.4   45   -33    12   0.1 0.007031      0.95     0.79     0.75     0.70     0.62     0.52 -1
1997 329  8 2243 51 52  58  35   4.7   4.6  30.5   8.9   3.9   0.6   2.3   1.4   1.9   0.2   0.8   0.4   0.4   0.4   89229.   1.4  422.   3.7   1.6 0.039   24984.   0.5    8.   1.0   1.8 0.010  0.48  -0.80   0.57   5.3  4.3 0.0422  3  39   -35   2  99.4   41   -33     7  -0.0 0.007031      0.95     0.78     0.75     0.71     0.63     0.51 -1
1997 329  9 2243 51 52  59  38   5.1   4.7  39.1 346.6   3.5  -0.8   3.0   0.4   3.1   0.6   2.0   1.3   1.2   0.8  119510.   2.2  420.   1.3   0.8 0.028   28611.   0.7    9.   1.4   1.4 0.008  0.72  -1.30   0.87   6.1  4.6 0.0319  0  39   -32   0  99.4   29   -26     3   0.0 0.007031      0.93     0.78     0.74     0.70     0.62     0.51 -1
1997 329 10 2243 51 52  59  39   5.9   5.8   1.6 322.6   4.6  -3.5   0.2  -3.2   1.5   0.3   1.2   0.7   0.7   0.7  100051.   1.8  412.  -1.7  -2.8 0.034   15889.   0.4    4.   0.9   1.2 0.000  0.58  -0.62   0.49   4.7  3.9 0.0542  0  39   -29   0  99.4   27   -25     3   0.0 0.007031      0.94     0.80     0.76     0.72     0.64     0.53 -1
1997 329 11 2243 51 52  57  36   4.9   4.7  -2.5 310.5   3.0  -3.6  -0.2  -3.4   1.2   0.3   1.3   0.5   0.6   1.1  103860.   2.4  403.  -1.9  -3.1 0.031   22310.   0.5   11.   0.9   2.0 0.013  0.73  -0.48   0.97   6.4  4.7 0.0293  0  39   -27   0  99.4   24   -16     8   0.0 0.007031      0.93     0.78     0.74     0.70     0.62     0.50 -1
1997 329 12 2243 51 52  58  38   4.8   4.6  32.0 326.6   3.3  -2.2   2.5  -1.2   3.1   0.6   1.5   0.6   1.3   0.5   75834.   2.3  391.  -0.5   1.4 9.999   29868.   0.5   11.   2.4   0.8 9.999  0.70  -1.21   0.85   6.2  4.7 0.0312  3  39   -28   2  99.4   38   -31     7   0.0 0.007031      0.94     0.78     0.75     0.70     0.62     0.52 -1
1997 329 13 2243 51 52  63  38   5.0   4.8  19.5 321.2   3.5  -2.8   1.6  -2.1   2.4   0.3   1.3   0.9   0.8   0.4   53364.   2.5  378.  -1.9   0.6 0.023    7214.   0.8    6.   0.9   0.7 0.007  0.65  -0.91   0.76   6.0  4.6 0.0333  3  39   -26   2  99.4   18   -17     2   0.1 0.007031 999999.99 99999.99 99999.99 99999.99 99999.99 99999.99  0
1997 329 14 2243 51 52  57  35   4.6   3.8  13.6 287.8   1.1  -3.5   0.9  -3.1   1.9   0.3   2.5   1.7   1.0   1.6   40572.   4.7  391.  -1.2   0.4 0.018    9804.   0.3   12.   0.8   2.0 0.002  1.29  -0.74   1.56   9.2  6.0 0.0140  3  39   -25   2  99.4   19   -13     6   0.2 0.007031      0.90     0.77     0.73     0.69     0.60     0.50 -1
1997 329 15 2243 51 52  61  39   4.5   4.2  -3.0 282.7   0.9  -4.1  -0.2  -4.0   0.8   0.1   1.6   1.1   0.7   1.0   34621.   5.0  385.  -1.6  -0.5 0.015    6947.   0.5    7.   0.6   1.4 0.003  1.31  -0.31   1.67   9.6  6.1 0.0130 10  39   -25   4  99.4   22   -18     4   0.4 0.007031      0.94     0.83     0.79     0.75     0.67     0.55 -1
1997 329 16 2243 51 52  59  37   4.5   3.2 -14.2 307.3   1.9  -2.5  -0.8  -2.6  -0.3   0.2   3.1   0.8   2.7   1.4   35574.   5.4  379.  -0.8  -2.0 0.017    5664.   0.3    4.   2.1   0.9 0.002  1.38   0.11   1.82   9.8  6.1 0.0124 10  39   -25   4  99.4   20   -13     6   0.3 0.007031      0.94     0.84     0.80     0.76     0.68     0.55 -1
1997 329 17 2243 51 52  57  36   4.8   4.5 -13.5 325.3   3.6  -2.5  -1.0  -2.6  -0.6   0.2   1.6   0.4   1.2   0.9   29847.   5.1  362.  -0.7  -3.0 0.019    3939.   0.3    6.   1.4   0.8 0.002  1.20   0.22   1.46   8.5  5.7 0.0164 10  39   -26   4  99.4  124  -114    10   0.7 0.007031      0.96     0.84     0.80     0.76     0.67     0.55 -1
1997 329 18 2243 51 52  60  35   4.8   4.3   7.1 302.1   2.3  -3.6   0.5  -3.5   0.9   0.1   2.1   1.7   0.9   0.7   32590.   4.8  365.  -1.0  -1.5 0.020    9967.   0.5   13.   1.0   0.9 0.003  1.15  -0.33   1.39   8.3  5.6 0.0171  3  39   -27   2  99.4   62   -58     4   0.3 0.007031      0.91     0.78     0.74     0.70     0.61     0.49 -1
1997 329 19 2243 51 52  59  38   4.8   4.7   8.5 313.6   3.2  -3.4   0.7  -3.4   0.9   0.1   0.9   0.7   0.5   0.3   26588.   4.3  354.  -1.5  -0.8 0.020    7012.   0.5    6.   0.5   0.5 0.002  0.97  -0.32   1.20   7.6  5.4 0.0203  3  39   -27   2  99.4   23   -22     2   0.1 0.007031      0.92     0.79     0.75     0.71     0.62     0.50 -1
1997 329 20 2243 51 52  60  35   4.9   4.8  12.3 330.9   4.1  -2.3   1.0  -2.3   1.1   0.1   0.7   0.3   0.4   0.4   28015.   4.5  347.  -0.6  -0.2 0.018    6666.   0.3    3.   0.8   0.5 0.002  0.97  -0.38   1.22   7.5  5.2 0.0211  3  39   -24   2  99.4   18   -10     8   0.1 0.007031      0.96     0.83     0.79     0.75     0.66     0.55 -1
1997 329 21 2243 51 52  61  33   4.6   4.4   0.8 322.2   3.5  -2.7   0.1  -2.7   0.1   0.3   1.1   0.5   0.5   0.9   35584.   5.2  353.  -0.7  -1.6 0.023    9489.   0.8    6.   1.2   1.3 0.003  1.18  -0.04   1.68   8.7  5.6 0.0155  3  39   -23   2  99.4   21   -14     8   0.1 0.007031      0.90     0.77     0.73     0.69     0.61     0.50 -1
1997 329 22 2243 51 52  63  32   4.9   4.3   7.0 273.2   0.2  -4.3   0.5  -4.3   0.5   0.3   2.2   1.6   1.0   1.2   32498.   5.9  379.  -2.4  -0.6 0.015    7845.   0.4    9.   0.6   1.0 0.003  1.50  -0.19   1.64   9.4  6.0 0.0135  3  39   -22   2  99.4   25   -19     6   0.1 0.007031      1.03     0.86     0.81     0.77     0.66     0.51 -1
1997 329 23 2243 51 52  60  27   5.2   5.0 -12.9 266.8  -0.3  -4.9  -1.1  -4.9  -1.1   0.1   1.4   1.1   0.2   0.9   27305.   5.5  380.  -2.7  -1.5 0.014    5150.   0.5    6.   0.4   0.8 0.002  1.40   0.42   1.32   8.6  5.9 0.0162  3  39   -24   2  99.4   42   -32    10   0.2 0.007031      1.04     0.85     0.80     0.73     0.63     0.56 -1
1997 330  0 2243 51 52  60  35   5.5   5.4   0.1 259.9  -0.9  -5.3   0.0  -5.3   0.1   0.1   1.1   0.9   0.2   0.6   27721.   6.0  380.  -2.3  -0.5 0.014    4191.   0.4    9.   0.4   0.6 0.002  1.53  -0.04   1.29   8.5  5.8 0.0166 13  34   -24   5 105.2   71   -42    29   0.3 0.007035 999999.99 99999.99 99999.99 99999.99 99999.99 99999.99  0
1997 330  1 2243 51 52  60  37   5.8   5.6  -6.1 265.1  -0.5  -5.6  -0.6  -5.6  -0.4   0.2   1.1   0.5   0.2   1.0   30235.   6.8  377.  -2.7  -0.9 0.014    4514.   0.4    3.   0.6   0.8 0.001  1.70   0.15   1.33   8.5  5.8 0.0166 13  34   -23   5 105.2   72   -44    28   0.7 0.007035      1.01     0.79     0.75     0.71     0.61     0.48 -1
1997 330  2 2243 51 52  60  31   5.5   5.3 -21.8 259.1  -0.9  -4.9  -2.0  -5.0  -1.6   0.2   1.3   0.8   0.5   0.8   35318.   7.4  383.  -1.0  -1.8 0.013    5116.   0.7    3.   0.6   0.5 0.001  1.91   0.61   1.67   9.5  6.1 0.0133 13  34   -20   5 105.2   62   -17    44   1.0 0.007035      0.92     0.78     0.75     0.70     0.62     0.51 -1
1997 330  3 2243 51 52  59  29   5.9   5.7   1.3 273.3   0.3  -5.7   0.1  -5.6   0.8   0.3   1.6   0.9   0.3   1.2   33859.   6.7  373.  -2.9  -0.9 0.012    4511.   0.5    3.   0.9   0.7 0.001  1.63  -0.30   1.30   8.2  5.6 0.0178  7  34   -20   3 105.2   44   -10    34   0.4 0.007035      0.92     0.77     0.73     0.69     0.61     0.49 -1
1997 330  4 2243 51 52  59  27   6.2   6.1  10.2 275.6   0.6  -5.9   1.1  -5.6   2.2   0.1   1.1   0.6   0.2   0.9   35106.   6.5  368.  -3.2  -0.3 0.013    2786.   0.3    4.   0.2   0.3 0.001  1.55  -0.81   1.15   7.6  5.4 0.0208  7  34   -19   3 105.2   30    -3    27   0.1 0.007035      0.94     0.80     0.76     0.71     0.62     0.51 -1
1997 330  5 2243 51 52  59  37   5.5   5.3  16.8 303.0   2.8  -4.3   1.5  -3.8   2.5   0.2   1.3   0.7   0.8   0.7   48484.   7.0  357.  -2.4  -0.1 0.017    6870.   0.7    6.   0.5   0.9 0.002  1.59  -0.89   1.70   8.6  5.5 0.0161  7  34   -19   3 105.2   19    -2    17  -0.0 0.007035      0.93     0.79     0.76     0.72     0.63     0.51 -1
1997 330  6 2243 51 52  60  35   5.0   4.9  -1.4 295.2   2.1  -4.4  -0.1  -4.2   1.2   0.4   1.2   0.7   0.3   0.9   54858.   8.2  360.  -2.4  -1.6 0.016    5629.   0.8    4.   0.6   0.6 0.001  1.89  -0.43   2.50  10.3  5.8 0.0112  3  34   -22   2 105.2   24    -3    21   0.0 0.007035      0.94     0.80     0.76     0.72     0.63     0.51 -1
1997 330  7 2243 51 52  58  35   5.2   4.7  21.2 303.4   2.4  -3.6   1.7  -2.8   2.8   0.1   2.1   0.7   1.2   1.6   51626.   7.5  355.  -2.5  -0.4 0.018    5053.   0.6    4.   1.2   1.5 0.002  1.69  -0.99   2.08   9.3  5.6 0.0136  3  34   -26   2 105.2   20    -2    18  -0.0 0.007035      0.93     0.78     0.74     0.70     0.61     0.50 -1
1997 330  8 2243 51 52  60  36   5.0   4.3  -5.6   7.9   4.2   0.6  -0.4   0.4  -0.6   0.2   2.5   0.5   2.0   1.4   54378.   6.6  341.   1.7  -1.0 0.025    8901.   0.9    7.   2.1   0.9 0.003  1.41   0.20   2.01   8.8  5.3 0.0155  3  34   -26   2 105.2   21    -5    17  -0.1 0.007035      0.94     0.79     0.75     0.71     0.63     0.51 -1
1997 330  9 2243 51 52  59  38   5.5   4.6  -1.2 311.2   3.0  -3.5  -0.1  -3.3   1.2   0.2   2.8   1.3   1.4   2.1   52129.   7.0  352.  -2.2  -0.8 0.019    7829.   0.7    9.   1.3   2.1 0.005  1.56  -0.42   1.74   8.5  5.4 0.0166  7  34   -24   3 105.2   28   -11    17   0.1 0.007035      0.96     0.81     0.77     0.73     0.63     0.51 -1
1997 330 10 2243 51 52  64  38   5.8   5.1   0.8 287.2   1.5  -4.8   0.1  -4.4   1.9   0.1   2.7   2.1   1.1   1.4   55978.   7.2  363.  -3.4  -0.7 0.017   12159.   0.6   13.   0.8   1.5 0.004  1.69  -0.69   1.64   8.4  5.4 0.0169  7  34   -24   3 105.2   16    -7     8  -0.1 0.007035      0.96     0.81     0.77     0.73     0.64     0.52 -1
1997 330 11 2243 51 52  59  36   5.5   4.6  44.5 287.1   1.0  -3.2   3.3  -1.8   4.2   0.3   3.0   1.1   2.6   1.0   52898.   7.5  362.  -2.0   2.3 0.016    5090.   0.6    7.   2.1   0.9 0.002  1.75  -1.52   1.87   9.0  5.6 0.0146  7  34   -22   3 105.2   19   -13     6  -0.1 0.007035      0.97     0.80     0.76     0.72     0.63     0.50 -1
1997 330 12 2243 51 52  56  32   5.5   4.5  -9.3  18.9   4.2   1.4  -0.7   1.1  -1.1   0.1   3.1   0.8   2.3   1.8   45611.   6.3  340.   2.7  -2.7 0.023   10134.   1.0    6.   2.2   2.5 0.004  1.33   0.37   1.51   7.8  5.1 0.0198  7  34   -23   3 105.2   25   -15    10   0.2 0.007035      0.94     0.79     0.75     0.71     0.63     0.49 -1
1997 330 13 2243 51 52  66  39   5.8   4.7   1.3 302.6   2.5  -4.0   0.1  -3.8   1.4   0.3   3.3   1.9   1.6   2.2   70607.   5.6  357.  -3.8  -0.6 0.020   12274.   1.1   14.   1.9   2.6 0.004  1.29  -0.50   1.38   7.3  4.9 0.0224  7  34   -27   3 105.2  102   -63    40   0.4 0.007035      0.89     0.75     0.71     0.67     0.59     0.48 -1
1997 330 14 2243 51 52  57  29   5.5   3.4  11.8 297.6   1.5  -2.9   0.7  -2.6   1.5   0.5   4.3   2.9   1.1   3.0   65635.   4.9  357.  -2.9  -1.9 0.022   14287.   2.2   20.   1.4   4.1 0.009  1.13  -0.54   1.31   7.2  4.9 0.0230  7  34   -26   3 105.2  105   -70    35   0.2 0.007035      0.98     0.82     0.78     0.74     0.64     0.52 -1
1997 330 15 2243 51 52  64  39   5.9   4.4  10.9 272.6   0.2  -4.3   0.8  -4.0   1.8   0.4   3.9   3.0   1.1   2.3   85740.   3.8  371.  -2.6  -1.3 0.016   23382.   1.0   20.   1.2   2.2 0.001  0.93  -0.67   0.97   6.1  4.5 0.0317  7  34   -26   3 105.2   66   -47    19   0.5 0.007035      1.01     0.85     0.81     0.76     0.68     0.55 -1
1997 330 16 2243 51 52  62  40   5.5   4.9  23.7 259.4  -0.8  -4.4   2.0  -3.9   2.8   0.2   2.4   1.7   0.6   1.7   99971.   4.3  389.  -2.0   1.0 0.020   17294.   0.6    5.   0.7   0.7 0.003  1.17  -1.09   1.35   7.3  5.0 0.0221  7  34   -26   3 105.2   50   -36    14   0.2 0.007035      0.96     0.81     0.78     0.74     0.65     0.55 -1
1997 330 17 2243 51 52  56  35   5.4   5.0  14.6 282.9   1.1  -4.7   1.3  -4.5   1.9   0.3   2.0   1.3   0.5   1.4  108317.   5.0  379.  -2.3   0.2 0.014   10559.   0.5    6.   0.4   0.8 0.002  1.27  -0.72   1.69   7.8  5.0 0.0193  7  34   -25   3 105.2   32   -16    16   0.1 0.007035      1.00     0.85     0.81     0.77     0.67     0.56 -1
1997 330 18 2243 51 52  61  36   5.6   5.0 -10.4 319.3   3.8  -3.2  -0.9  -3.3  -0.6   0.5   2.5   1.1   1.0   2.0   89615.   4.8  365.  -2.0  -1.6 9.999   11463.   0.6    4.   1.2   0.9 9.999  1.28   0.22   1.39   7.1  4.8 0.0233  7  34   -25   3 105.2   33   -20    13   0.3 0.007035 999999.99 99999.99 99999.99 99999.99 99999.99 99999.99  0
1997 330 19 2243 51 52  60  37   4.9   3.9  -6.1 309.4   2.4  -3.0  -0.4  -3.0  -0.2   0.7   3.1   1.4   1.0   2.6  102509.   5.0  371.  -0.4  -2.2 0.015   15881.   0.7    4.   0.9   1.3 0.000  1.22   0.07   2.00   8.5  5.1 0.0166  7  34   -24   3 105.2  116   -89    27   0.4 0.007035      0.96     0.82     0.78     0.74     0.65     0.50 -1
1997 330 20 2243 51 52  58  36   4.7   4.3 -53.4 343.4   2.4  -0.7  -3.4  -0.8  -3.4   0.8   2.1   0.5   1.0   1.8   87412.   5.1  372.  -0.2  -4.1 9.999   14157.   0.9    5.   1.1   1.5 9.999  1.41   1.26   2.07   8.9  5.4 0.0149  7  34   -21   3 105.2  119  -101    18   0.9 0.007035      0.94     0.81     0.78     0.74     0.64     0.52 -1
1997 330 21 2243 51 52  63  38   5.3   4.7  31.0 301.9   2.1  -3.4   2.4  -3.4   2.4   0.2   2.5   1.1   0.8   2.1   73749.   5.0  369.  -3.5   0.3 0.012   17376.   1.5    9.   1.8   1.9 0.002  1.19  -0.89   1.50   7.8  5.1 0.0196 13  34   -19   5 105.2   92   -59    32   0.8 0.007035      0.88     0.76     0.72     0.68     0.58     0.47 -1
1997 330 22 2243 51 52  58  36   5.4   5.2  35.1 275.2   0.4  -4.2   3.0  -4.2   2.9   0.1   1.3   0.9   0.6   0.7   87783.   6.2  381.  -2.8   0.6 0.012    8317.   0.4    5.   0.5   0.7 0.002  1.58  -1.10   1.91   8.8  5.4 0.0154 13  34   -16   5 105.2   59   -41    17   0.6 0.007035      0.98     0.84     0.80     0.76     0.66     0.53 -1
1997 330 23 2243 51 52  57  36   5.3   5.0  -8.2 298.3   2.3  -4.3  -0.7  -4.3  -0.8   0.2   1.8   0.8   0.7   1.4   86756.   5.9  369.  -3.6  -2.2 0.017   13787.   1.0    6.   0.9   1.3 0.005  1.43   0.30   1.88   8.5  5.2 0.0166 13  34   -13   5 105.2   43   -22    21   0.3 0.007035      0.88     0.75     0.71     0.67     0.58     0.47 -1
1997 331  0 2243 51 52  62  31   4.5   3.9   5.9 319.2   2.9  -2.5   0.4  -2.5   0.4   0.6   2.3   0.7   1.6   1.4   65746.   3.6  359.  -3.5  -0.7 0.040   19456.   1.4   11.   2.3   2.1 0.028  0.90  -0.14   1.44   7.6  5.1 0.0208  3  40   -12   2 108.2   28   -17    11   0.1 0.007167      0.92     0.80     0.76     0.72     0.62     0.49 -1
1997 331  1 2243 51 52  62  39   5.5   5.3 -16.6 329.3   4.4  -2.6  -1.5  -2.6  -1.4   0.8   1.7   1.1   0.6   1.2   49550.   2.8  370.  -0.6  -3.2 9.999   22895.   1.2    6.   1.5   1.6 9.999  0.77   0.52   0.69   5.6  4.5 0.0375  3  40   -12   2 108.2   23    -7    16   0.3 0.007167      0.92     0.80     0.77     0.73     0.64     0.52 -1
1997 331  2 2243 51 52  59  27   5.7   5.5  -4.8 322.9   4.4  -3.3  -0.5  -3.3  -0.3   0.6   1.6   0.7   0.2   1.4   33364.   1.9  365.  -1.7  -2.6 0.067   13245.   0.7    3.   0.8   1.2 0.026  0.54   0.11   0.39   4.4  3.8 0.0611  3  40   -13   2 108.2   21    -5    15   0.4 0.007167 999999.99 99999.99 99999.99 99999.99 99999.99 99999.99  0
1997 331  3 2243 51 52  61  33   6.2   5.9 -15.6 320.8   4.4  -3.6  -1.6  -3.8  -1.1   0.4   1.9   0.4   1.0   1.6   41291.   2.6  369.  -0.9  -3.5 9.999   15910.   0.7    3.   1.0   1.6 9.999  0.71   0.41   0.48   4.8  4.0 0.0517  7  40   -15   3 108.2   35    -2    33   0.4 0.007167      0.93     0.85     0.82     0.79     0.70     0.59 -1
1997 331  4 2243 51 52  57  25   6.4   6.0  18.0 346.4   5.6  -1.3   1.9  -0.9   2.1   0.1   2.0   0.5   1.7   0.8   37093.   2.2  362.   0.7  -0.3 9.999   20409.   0.6    6.   1.6   0.8 9.999  0.58  -0.76   0.37   4.2  3.7 0.0676  7  40   -18   3 108.2   46    -3    43   0.5 0.007167      0.89     0.80     0.76     0.71     0.62     0.50 -1
1997 331  5 2243 51 52  62  32   5.4   5.1  26.7  31.2   3.9   2.4   2.3   2.9   1.7   0.5   1.9   1.3   1.2   0.7   65336.   3.3  363.   4.0   0.8 0.021   26126.   1.0    8.   0.9   1.4 0.006  0.79  -0.62   0.91   6.1  4.6 0.0319  7  40   -17   3 108.2   38    -2    36   0.4 0.007167      0.91     0.80     0.76     0.72     0.63     0.52 -1
1997 331  6 2243 51 52  54  19   4.6   3.3  28.2  13.8   2.8   0.7   1.6   1.1   1.3   0.2   3.1   1.2   2.7   0.8   81400.   3.5  363.   1.4  -0.1 9.999   20551.   0.8   13.   3.5   0.6 9.999  0.92  -0.47   1.44   7.4  4.9 0.0218  3  40   -18   2 108.2   15    -3    12   0.2 0.007167      0.93     0.82     0.78     0.74     0.66     0.54 -1
1997 331  7 2243 51 52  58  37   4.6   4.3  14.5 335.0   3.8  -1.8   1.1  -1.4   1.6   0.1   1.6   0.8   1.0   1.0   60207.   2.6  345.  -2.5   1.5 9.999   14447.   0.7    9.   1.7   2.2 9.999  0.62  -0.55   0.96   6.0  4.5 0.0325  3  40   -20   2 108.2   11    -4     7  -0.1 0.007167      0.92     0.81     0.77     0.73     0.63     0.52 -1
1997 331  8 2243 51 52  62  16   4.9   4.7  24.0 335.0   3.9  -1.8   1.9  -1.0   2.4   0.2   1.4   0.3   1.0   1.0   43857.   2.5  342.  -0.5   3.9 0.040   16864.   0.6   10.   1.0   1.6 0.000  0.57  -0.82   0.75   5.5  4.3 0.0391  3  40   -20   2 108.2   10    -4     7  -0.1 0.007167      0.93     0.82     0.78     0.74     0.65     0.54 -1
1997 331  9 2243 51 52  60   6   4.6   4.4  17.8 304.8   2.4  -3.4   1.3  -2.7   2.5   0.3   1.4   1.0   0.8   0.7   77505.   3.7  355.   0.1   1.6 9.999   11249.   0.4    7.   1.3   0.4 9.999  0.93  -0.89   1.50   7.4  4.9 0.0216  0  40   -19   0 108.2   12    -4     8  -0.1 0.007167      0.90     0.80     0.76     0.72     0.64     0.52 -1
1997 331 10 2243 51 52  58  22   4.3   4.2  16.6 295.6   1.7  -3.6   1.2  -2.9   2.4   0.2   1.0   0.5   0.2   0.8   69118.   3.6  346.  -0.6   1.9 9.999   25067.   0.9    5.   1.3   0.9 9.999  0.86  -0.83   1.60   7.6  4.9 0.0204  0  40   -18   0 108.2   14    -5     8  -0.1 0.007167      0.96     0.86     0.82     0.77     0.69     0.57 -1
1997 331 11 2243 51 52  63  36   5.0   4.7   5.5 290.3   1.6  -4.4   0.4  -4.0   2.0   0.2   1.6   1.2   0.7   0.8   43817.   2.9  347.  -2.8   1.3 0.013   17069.   0.9   14.   0.7   1.5 0.007  0.61  -0.69   0.83   5.9  4.5 0.0341  0  40   -17   0 108.2   16    -9     7  -0.1 0.007167      0.91     0.80     0.76     0.72     0.63     0.49 -1
1997 331 12 2243 51 52  59  36   5.2   5.0  24.1 295.6   2.0  -4.1   2.1  -3.1   3.4   0.1   1.4   1.0   0.4   0.9   45788.   3.3  346.  -1.9   2.3 0.013   18668.   0.8    8.   0.9   0.9 0.003  0.69  -1.18   0.88   6.0  4.6 0.0326 10  40   -16   4 108.2   21   -15     7  -0.1 0.007167      0.96     0.86     0.82     0.78     0.68     0.56 -1
1997 331 13 2243 51 52  60  37   5.6   5.5  17.7 285.0   1.4  -5.1   1.7  -4.3   3.2   0.1   0.6   0.4   0.2   0.4   42637.   4.1  348.  -2.3   0.9 0.010   14186.   0.7    4.   0.6   0.7 0.002  0.86  -1.11   0.93   6.3  4.7 0.0300 10  40   -16   4 108.2   22   -14     8   0.0 0.007167      0.89     0.79     0.76     0.72     0.62     0.49 -1
1997 331 14 2243 51 52  60  36   5.7   5.6   3.5 266.9  -0.3  -5.6   0.3  -5.3   1.8   0.1   1.0   0.5   0.2   0.8   49660.   3.4  354.  -2.2   0.4 0.013   10738.   0.4    4.   0.6   0.5 0.003  0.75  -0.64   0.78   5.7  4.4 0.0363 10  40   -16   4 108.2   18   -10     9   0.1 0.007167      0.87     0.77     0.74     0.69     0.60     0.49 -1
1997 331 15 2243 51 52  59  35   5.8   5.8   0.1 286.7   1.7  -5.5   0.0  -5.4   1.3   0.1   0.5   0.3   0.2   0.4   35275.   2.7  343.  -2.5   0.4 0.017   13399.   0.8    4.   0.7   0.4 0.002  0.57  -0.45   0.55   4.9  4.0 0.0504  0  40   -17   0 108.2   15   -12     4   0.2 0.007167      0.87     0.78     0.74     0.70     0.61     0.48 -1
1997 331 16 2243 51 52  61  38   5.5   5.4   0.2 274.4   0.4  -5.4   0.0  -5.3   1.0   0.2   1.1   0.9   0.1   0.5   42812.   3.3  347.  -2.5   0.7 0.011   13191.   0.6    4.   0.7   0.4 0.002  0.69  -0.35   0.78   5.7  4.4 0.0362  0  40   -19   0 108.2   35   -26     9   0.3 0.007167      0.97     0.85     0.81     0.77     0.67     0.53 -1
1997 331 17 2243 51 52  58  35   5.7   5.1 -13.3 290.9   1.8  -4.6  -1.2  -4.7  -0.6   0.2   2.5   1.6   1.0   1.7   39498.   3.4  339.  -2.5  -0.4 0.012   14893.   0.6   11.   0.7   1.8 0.007  0.68   0.20   0.73   5.5  4.3 0.0396  0  40   -20   0 108.2   79   -60    19   0.2 0.007167      0.94     0.84     0.80     0.75     0.65     0.50 -1
1997 331 18 2243 51 52  57  33   5.3   4.3 -23.6 286.8   1.2  -3.8  -1.7  -3.9  -1.4   0.2   3.0   0.8   1.5   2.5   47145.   3.4  338.  -1.5  -1.8 0.013   17592.   0.8    6.   1.2   2.3 0.004  0.68   0.47   0.88   5.9  4.4 0.0344  7  40   -22   3 108.2   69   -57    12   0.8 0.007167      0.89     0.80     0.76     0.71     0.63     0.52 -1
1997 331 19 2243 51 52  66  41   5.8   5.5  -3.0 266.3  -0.4  -5.5  -0.3  -5.5   0.0   0.3   1.8   1.2   0.6   1.2   32728.   3.6  351.  -1.4  -0.1 0.010    9508.   0.5   12.   0.5   1.4 0.004  0.77  -0.00   0.72   5.7  4.5 0.0361  7  40   -22   3 108.2   61   -49    12   0.6 0.007167      0.91     0.80     0.76     0.72     0.63     0.51 -1
1997 331 20 2243 51 52  60  37   5.6   5.1  22.0 259.7  -0.9  -4.7   1.9  -4.7   2.0   0.2   2.2   0.5   1.3   1.7   34873.   3.8  353.  -1.2   1.0 0.010   11844.   0.7    4.   1.3   1.7 0.002  0.82  -0.71   0.82   6.1  4.7 0.0315  7  40   -20   3 108.2   24   -11    13   0.2 0.007167      0.88     0.79     0.75     0.71     0.63     0.53 -1
1997 331 21 2243 51 52  61  37   5.6   4.9  33.0 249.5  -1.4  -3.9   2.7  -3.9   2.7   0.1   2.6   1.0   1.6   1.7   32435.   3.9  352.  -1.7   0.6 0.010   10406.   0.9    8.   1.5   2.2 0.002  0.84  -0.95   0.83   6.2  4.7 0.0309  0  40   -15   0 108.2   13    -2    11   0.0 0.007167      0.93     0.83     0.79     0.75     0.67     0.56 -1
1997 331 22 2243 51 52  60  35   5.9   5.7  42.5 219.5  -3.2  -2.7   3.9  -2.8   3.8   0.2   1.3   0.7   0.7   0.8   39111.   4.1  361.  -0.4   0.8 0.008   11068.   0.8    7.   0.8   1.5 0.001  0.92  -1.37   0.82   6.2  4.7 0.0310  0  40   -12   0 108.2   10    -1     9  -0.2 0.007167      0.87     0.78     0.74     0.69     0.62     0.52 -1
1997 331 23 2243 51 52  58  35   5.3   5.0  24.4 242.7  -2.1  -4.1   2.1  -4.1   2.0   0.3   1.7   1.2   0.8   1.0   48035.   3.8  353.  -0.9   2.0 0.011   13347.   0.9    5.   1.0   0.8 0.002  0.83  -0.71   0.99   6.5  4.8 0.0282  0  40    -9   0 108.2   10    -1     8  -0.0 0.007167      0.87     0.78     0.75     0.70     0.62     0.50 -1
