 1 YEAR                          I4        
 2 DOY                           I4        
 3 Hour                          I3        
 4 Bartels rotation number       I5        
 5 ID for IMF spacecraft         I3        
 6 ID for SW Plasma spacecraft   I3        
 7 # of points in IMF averages   I4        
 8 # of points in Plasma averag. I4        
 9 Scalar B, nT                  F6.1      
10 Vector B Magnitude,nT         F6.1      
11 Lat. Angle of B (GSE)         F6.1      
12 Long. Angle of B (GSE)        F6.1      
13 BX, nT (GSE, GSM)             F6.1      
14 BY, nT (GSE)                  F6.1      
15 BZ, nT (GSE)                  F6.1      
16 BY, nT (GSM)                  F6.1      
17 BZ, nT (GSM)                  F6.1      
18 RMS_magnitude, nT             F6.1      
19 RMS_field_vector, nT          F6.1      
20 RMS_BX_GSE, nT                F6.1      
21 RMS_BY_GSE, nT                F6.1      
22 RMS_BZ_GSE, nT                F6.1      
23 SW Plasma Temperature, K      F9.0      
24 SW Proton Density, N/cm^3     F6.1      
25 SW Plasma Speed, km/s         F6.0      
26 SW Plasma flow long. angle    F6.1      
27 SW Plasma flow lat. angle     F6.1      
28 Alpha/Prot. ratio             F6.3      
29 sigma-T,K                     F9.0      
30 sigma-n, N/cm^3)              F6.1      
31 sigma-V, km/s                 F6.0      
32 sigma-phi V, degrees          F6.1      
33 sigma-theta V, degrees        F6.1      
34 sigma-ratio                   F6.3      
35 Flow pressure                 F6.2      
36 E elecrtric field             F7.2      
37 Plasma Beta                   F7.2      
38 Alfen mach number             F6.1      
39 Magnetosonic Much num.        F5.1      
40 Quasy-Invariant               F7.4      
41 Kp index                      I3        
42 R (Sunspot No.)               I4        
43 Dst-index, nT                 I6        
44 ap_index, nT                  I4        
45 f10.7_index                   F6.1      
46 AE-index, nT                  I5        
47 AL-index, nT                  I6        
48 AU-index, nT                  I6        
49 pc-index                      F6.1      
50 Lyman_alpha                   F9.6      
51 Proton flux (>1 Mev)          F10.2     
52 Proton flux (>2 Mev)          F9.2      
53 Proton flux (>4 Mev)          F9.2      
54 Proton flux (>10 Mev)         F9.2      
55 Proton flux (>30 Mev)         F9.2      
56 Proton flux (>60 Mev)         F9.2      
57 Flux FLAG                     I3        

2001 325  0 2297 71 71  15  15   3.6   3.6  24.5 122.9  -1.8   2.7   1.5   2.8   1.4   0.3   0.5   0.3   0.3   0.4   71095.   4.3  388.  -6.3  -3.3 0.029    4096.   0.2    2.   0.4   0.4 0.003  1.21  -0.54   2.75  11.2  6.1 0.0095  7 133   -24   3 179.7   30   -13    16   0.1 0.009261 999999.99 99999.99 99999.99 99999.99 99999.99 99999.99  0
2001 325  1 2297 71 71  15  15   4.3   3.8  20.5 150.5  -3.1   1.7   1.3   1.8   1.2   0.4   1.8   0.6   0.9   1.4   71559.   4.2  387.  -5.2  -3.1 0.026    6263.   0.3    2.   0.7   0.5 0.002  1.16  -0.46   1.89   9.2  5.7 0.0140  7 133   -25   3 179.7   50   -28    22   0.1 0.009261 999999.99 99999.99 99999.99 99999.99 99999.99 99999.99  0
2001 325  2 2297 71 71  15  15   4.3   4.0  13.7 183.4  -3.9  -0.2   1.0  -0.1   1.0   0.2   1.4   0.3   1.1   0.9   83001.   4.6  380.  -4.0  -3.0 0.024    3362.   0.1    4.   0.4   0.3 0.002  1.22  -0.38   2.19   9.5  5.6 0.0132  7 133   -26   3 179.7   31    -6    25  -0.4 0.009261 999999.99 99999.99 99999.99 99999.99 99999.99 99999.99  0
2001 325  3 2297 71 71  15  15   5.0   4.9  27.6 181.8  -4.3  -0.1   2.3   0.3   2.3   0.3   1.0   0.4   0.8   0.4   85704.   4.2  385.  -4.5  -3.3 0.023    4248.   0.2    2.   0.4   0.2 0.002  1.14  -0.89   1.50   7.9  5.2 0.0191  3 133   -26   2 179.7   30    -8    23  -0.4 0.009261 999999.99 99999.99 99999.99 99999.99 99999.99 99999.99  0
2001 325  4 2297 71 71  15  15   4.7   4.0  23.1 147.8  -3.1   2.0   1.6   2.3   1.1   0.2   2.3   1.3   1.9   0.2   69923.   4.3  380.  -6.2  -3.9 0.029   12011.   0.3    5.   0.5   0.3 0.002  1.16  -0.42   1.61   8.4  5.4 0.0169  3 133   -25   2 179.7   25    -3    22   0.1 0.009261 999999.99 99999.99 99999.99 99999.99 99999.99 99999.99  0
2001 325  5 2297 71 71  15  15   5.8   5.6  11.8  91.7  -0.2   5.5   1.2   5.6  -0.3   0.3   1.1   0.5   0.4   0.8   45138.   3.5  379.  -6.0  -3.4 0.028    4210.   0.4    3.   0.5   0.9 0.003  0.93   0.11   0.75   6.1  4.8 0.0318  3 133   -26   2 179.7   37    -5    31   1.0 0.009261 999999.99 99999.99 99999.99 99999.99 99999.99 99999.99  0
2001 325  6 2297 71 71  15  15   6.0   5.9   2.0  89.0   0.1   5.9   0.2   5.7  -1.7   0.2   1.0   0.4   0.2   0.9   47291.   3.3  380.  -6.0  -3.5 0.026    4658.   0.2    2.   0.4   0.7 0.002  0.88   0.65   0.67   5.8  4.6 0.0359 17 133   -29   6 179.7   78   -35    43   1.2 0.009261 999999.99 99999.99 99999.99 99999.99 99999.99 99999.99  0
2001 325  7 2297 71 71  15  15   5.3   4.7  20.6 103.9  -1.1   4.3   1.7   4.6   0.1   0.5   2.3   1.3   1.6   1.1   53773.   4.3  373.  -3.9  -4.2 0.023    5659.   0.9    5.   1.0   0.9 0.002  1.09  -0.04   1.16   7.3  5.2 0.0223 17 133   -26   6 179.7  260  -229    31   1.9 0.009261 999999.99 99999.99 99999.99 99999.99 99999.99 99999.99  0
2001 325  8 2297 71 71  15  15   5.8   5.7  18.9  96.8  -0.6   5.4   1.9   5.7  -0.3   0.2   1.0   0.4   0.3   0.8   39861.   3.5  380.  -6.4  -3.1 0.021    3860.   0.2    2.   0.4   0.7 0.003  0.91   0.11   0.73   6.1  4.8 0.0317 17 133   -21   6 179.7  145  -104    41   1.6 0.009261 999999.99 99999.99 99999.99 99999.99 99999.99 99999.99  0
2001 325  9 2297 71 71  14  14   5.2   5.0  20.7 115.7  -2.0   4.2   1.8   4.6   0.0   0.5   1.4   0.8   0.6   1.0   46852.   4.0  376.  -5.0  -3.4 0.021    5389.   0.7    6.   1.4   0.6 0.002  1.02  -0.00   1.08   7.2  5.2 0.0227 10 133   -20   4 179.7  120   -97    23   1.5 0.009261 999999.99 99999.99 99999.99 99999.99 99999.99 99999.99  0
2001 325 10 2297 71 71  16  16   4.7   4.6  18.6 129.9  -2.8   3.4   1.5   3.7   0.0   0.4   1.0   0.5   0.4   0.8   53790.   4.7  372.  -4.4  -3.0 0.022    2508.   1.0    3.   1.3   0.6 0.002  1.18  -0.00   1.61   8.6  5.5 0.0162 10 133   -21   4 179.7   85   -57    27   0.9 0.009261 999999.99 99999.99 99999.99 99999.99 99999.99 99999.99  0
2001 325 11 2297 71 71  15  15   5.3   5.3   7.3 117.1  -2.4   4.6   0.7   4.5  -1.2   0.1   0.7   0.3   0.2   0.5   45042.   4.1  378.  -6.2  -0.8 0.022    3306.   0.2    1.   0.6   0.3 0.001  1.06   0.45   1.05   7.2  5.2 0.0228 10 133   -20   4 179.7  151  -105    46   1.1 0.009261 999999.99 99999.99 99999.99 99999.99 99999.99 99999.99  0
2001 325 12 2297 71 71  15  15   5.2   5.0   1.4 106.6  -1.4   4.8   0.1   4.5  -1.7   0.1   1.0   0.7   0.3   0.7   42679.   4.6  377.  -6.2  -0.9 0.025    3185.   0.3    3.   0.3   0.5 0.002  1.20   0.64   1.21   7.8  5.4 0.0197 13 133   -20   5 179.7  330  -251    79   1.9 0.009261 999999.99 99999.99 99999.99 99999.99 99999.99 99999.99  0
2001 325 13 2297 71 71  14  14   5.2   4.9  31.9 130.7  -2.7   3.1   2.6   3.8   1.4   0.1   1.8   0.7   1.1   1.2   49951.   4.4  367.  -5.4  -3.5 0.027    4121.   0.2    4.   0.6   1.2 0.001  1.10  -0.51   1.21   7.4  5.2 0.0217 13 133   -21   5 179.7  248  -164    84   1.6 0.009261 999999.99 99999.99 99999.99 99999.99 99999.99 99999.99  0
2001 325 14 2297 71 71  15  15   5.1   4.6  33.2 127.0  -2.3   3.1   2.5   3.7   1.4   0.1   1.9   0.6   0.7   1.7   50415.   4.3  364.  -5.3  -3.7 0.027    4409.   0.3    2.   0.3   1.4 0.004  1.05  -0.51   1.23   7.4  5.2 0.0217 13 133   -19   5 179.7   46   -24    22   0.2 0.009261 999999.99 99999.99 99999.99 99999.99 99999.99 99999.99  0
2001 325 15 2297 71 71  12  12   5.2   5.1 -10.4 118.5  -2.4   4.4  -0.9   4.0  -2.0   0.1   0.9   0.4   0.3   0.8   49345.   4.5  364.  -5.5  -1.0 0.030    7372.   0.8    2.   0.5   0.9 0.002  1.12   0.73   1.23   7.4  5.2 0.0216 20 133   -14   7 179.7   77   -51    27   1.3 0.009261 999999.99 99999.99 99999.99 99999.99 99999.99 99999.99  0
2001 325 16 2297 71 71  15  15   4.8   4.1 -40.6  95.6  -0.3   3.1  -2.7   2.4  -3.3   0.4   2.5   1.9   0.7   1.4   55579.   5.5  369.  -3.2  -2.1 0.033    8241.   0.2    6.   1.0   0.8 0.003  1.42   1.22   1.83   9.0  5.6 0.0146 20 133   -16   7 179.7   99   -77    22   1.1 0.009261 999999.99 99999.99 99999.99 99999.99 99999.99 99999.99  0
2001 325 17 2297 71 71  16  16   3.5   2.7  30.9 142.8  -1.9   1.4   1.4   1.6   1.1   0.7   2.0   0.8   1.2   1.5   62378.   6.9  371.  -1.0  -5.5 0.027    4766.   0.6    1.   0.4   0.7 0.004  1.76  -0.41   4.47  13.9  6.3 0.0061 20 133   -19   7 179.7  285  -232    54   1.5 0.009261 999999.99 99999.99 99999.99 99999.99 99999.99 99999.99  0
2001 325 18 2297 71 71  15  15   4.2   3.6  67.9 139.1  -1.0   0.9   3.3   1.3   3.2   0.7   2.1   0.5   1.1   1.7   43311.   8.1  372.  -1.8  -6.0 0.027    8814.   0.5    2.   0.3   0.5 0.003  2.07  -1.19   3.28  12.6  6.4 0.0075 10 133   -16   4 179.7  121   -84    37   0.6 0.009261 999999.99 99999.99 99999.99 99999.99 99999.99 99999.99  0
2001 325 19 2297 71 71  14  14   6.1   5.8  28.7 136.2  -3.7   3.5   2.8   3.7   2.5   0.3   1.4   0.6   1.0   0.9   37424.   8.1  373.  -2.2  -4.4 0.025    3863.   0.6    2.   0.4   0.5 0.003  2.07  -0.93   1.50   8.7  5.7 0.0157 10 133   -11   4 179.7   37   -15    22   0.1 0.009261 999999.99 99999.99 99999.99 99999.99 99999.99 99999.99  0
2001 325 20 2297 71 71  16  16   6.6   6.3  12.9 142.3  -4.9   3.8   1.4   3.9   1.2   0.2   1.7   0.5   1.0   1.2   50518.   6.9  372.  -2.3  -3.4 0.027   13395.   0.9    5.   0.5   0.6 0.005  1.77  -0.45   1.18   7.4  5.2 0.0217 10 133   -10   4 179.7   27    -7    20   0.4 0.009261 999999.99 99999.99 99999.99 99999.99 99999.99 99999.99  0
2001 325 21 2297 71 71  15  15   7.0   6.6  24.1 186.9  -6.0  -0.7   2.7  -0.6   2.7   0.1   1.6   0.5   1.2   0.9  104168.   5.5  369.   0.7  -4.6 0.045   16139.   0.3    3.   1.4   0.9 0.019  1.48  -1.00   1.09   6.2  4.4 0.0311  3 133   -12   2 179.7   29    -9    20  -0.0 0.009261 999999.99 99999.99 99999.99 99999.99 99999.99 99999.99  0
2001 325 22 2297 71 71  14  14   6.8   6.0   8.9 168.7  -5.8   1.2   0.9   1.2   0.9   0.3   2.7   0.8   1.8   1.8   86116.   5.5  369.  -2.1  -2.7 0.055   11409.   0.3    7.   1.9   2.3 0.009  1.53  -0.33   1.06   6.4  4.6 0.0294  3 133   -12   2 179.7   30   -10    20   0.2 0.009261 999999.99 99999.99 99999.99 99999.99 99999.99 99999.99  0
2001 325 23 2297 71 71  15  15   7.2   6.8  11.9 165.2  -6.5   1.7   1.4   1.7   1.4   0.1   1.8   0.5   1.3   1.1   83653.   5.5  365.  -3.4  -4.0 0.047    9810.   0.3    4.   1.2   1.2 0.010  1.45  -0.51   0.94   5.9  4.4 0.0337  3 133   -12   2 179.7   30   -14    15   0.3 0.009261 999999.99 99999.99 99999.99 99999.99 99999.99 99999.99  0
2001 326  0 2297 71 71  13  13   7.2   7.0  28.7 174.7  -6.1   0.6   3.3   0.7   3.3   0.3   1.8   0.5   1.0   1.4   91100.   5.5  362.  -2.7  -6.1 0.036   17817.   0.2    2.   1.0   1.1 0.004  1.38  -1.19   0.97   5.9  4.4 0.0342 10 144   -12   4 185.3   60   -33    27   0.5 0.009309 999999.99 99999.99 99999.99 99999.99 99999.99 99999.99  0
2001 326  1 2297 71 71  15  15   7.5   5.9   2.4 145.5  -4.9   3.4   0.2   3.4   0.0   0.1   4.1   0.9   1.4   3.7   83504.   5.9  372.  -3.7  -3.0 0.046   10426.   0.3    6.   1.0   3.2 0.019  1.61  -0.00   0.92   6.0  4.5 0.0328 10 144   -13   4 185.3   35   -11    24   0.4 0.009309 999999.99 99999.99 99999.99 99999.99 99999.99 99999.99  0
2001 326  2 2297 71 71  17  17   7.8   6.8  -7.2 141.2  -5.3   4.2  -0.8   4.1  -1.3   0.4   3.6   1.5   1.6   2.9   94853.   5.5  379.  -4.2  -3.6 0.054    9740.   0.6   11.   0.7   1.9 0.012  1.60   0.49   0.84   5.7  4.3 0.0366 10 144   -15   4 185.3   39    -8    31   1.0 0.009309 999999.99 99999.99 99999.99 99999.99 99999.99 99999.99  0
2001 326  3 2297 71 71  15  15   8.0   7.0 -21.3 134.2  -4.5   4.7  -2.5   4.2  -3.2   0.3   3.2   1.3   2.0   2.1  123473.   4.9  400.  -2.1  -4.1 0.038   20263.   0.5    7.   2.2   0.8 0.010  1.51   1.28   0.80   5.5  4.3 0.0388 27 144   -18  12 185.3   63   -22    41   1.5 0.009309 999999.99 99999.99 99999.99 99999.99 99999.99 99999.99  0
2001 326  4 2297 71 71  15  15   8.0   7.6  -6.9 145.9  -6.2   4.2  -0.9   3.9  -1.8   0.3   2.3   0.4   1.6   1.6  138416.   4.8  400.   0.2  -5.0 0.039   15255.   0.3    6.   0.9   1.1 0.008  1.48   0.72   0.83   5.5  4.2 0.0396 27 144   -21  12 185.3  213  -125    88   1.4 0.009309 999999.99 99999.99 99999.99 99999.99 99999.99 99999.99  0
2001 326  5 2297 71 71  15  15   8.6   7.9   7.5 142.7  -6.3   4.8   1.0   4.9  -0.3   0.2   2.8   1.0   1.4   2.2  129732.   4.2  407.   2.1  -5.6 0.033    6984.   0.3    7.   1.1   1.9 0.003  1.32   0.12   0.61   4.8  3.9 0.0506 27 144   -16  12 185.3  233  -140    93   2.5 0.009309 999999.99 99999.99 99999.99 99999.99 99999.99 99999.99  0
2001 326  6 2297 71 71  15  15   8.5   8.0  17.9 129.5  -4.9   5.9   2.5   6.4   0.6   0.2   2.3   0.8   1.3   1.7  127409.   3.9  410.   0.3  -6.0 9.999    8714.   0.4    4.   1.0   1.7 9.999  1.31  -0.25   0.57   4.8  3.9 0.0524 20 144   -19   7 185.3  145   -66    79   1.7 0.009309 999999.99 99999.99 99999.99 99999.99 99999.99 99999.99  0
2001 326  7 2297 71 71  16  16   8.1   7.5  15.6 118.4  -3.4   6.4   2.0   6.7  -0.4   0.2   2.6   1.2   1.4   1.9  131786.   3.9  422.  -0.1  -4.9 0.039    7689.   0.2   10.   1.1   1.8 0.006  1.34   0.17   0.64   5.1  4.1 0.0449 20 144   -19   7 185.3  131   -72    59   1.8 0.009309 999999.99 99999.99 99999.99 99999.99 99999.99 99999.99  0
2001 326  8 2297 71 71  14  14   8.0   5.9 -55.6 148.8  -2.9   1.7  -4.9  -0.3  -5.2   0.3   4.9   1.8   3.4   3.0  145539.   4.5  433.   6.2  -0.4 0.027   15968.   0.5   12.   3.3   2.3 0.005  1.56   2.25   0.80   5.7  4.4 0.0361 20 144   -18   7 185.3  176  -142    34   1.5 0.009309 999999.99 99999.99 99999.99 99999.99 99999.99 99999.99  0
2001 326  9 2297 71 71  15  15   7.9   7.5  15.8 146.1  -6.0   4.0   2.1   4.5   0.4   0.2   2.1   0.8   1.5   1.3  113084.   3.5  406.   1.6  -6.0 0.039    6251.   0.2   10.   1.9   1.5 0.032  1.11  -0.16   0.56   4.8  3.9 0.0515 23 144   -21   9 185.3  252  -203    48   2.1 0.009309 999999.99 99999.99 99999.99 99999.99 99999.99 99999.99  0
2001 326 10 2297 71 71  16  16   7.8   7.5   8.2 137.0  -5.4   5.1   1.1   5.1  -1.0   0.3   1.7   0.7   1.1   1.2  122637.   3.5  417.  -0.2  -4.7 0.032    8497.   0.2    5.   0.8   1.6 0.005  1.15   0.42   0.60   5.0  4.1 0.0476 23 144   -18   9 185.3  321  -254    68   2.4 0.009309 999999.99 99999.99 99999.99 99999.99 99999.99 99999.99  0
2001 326 11 2297 71 71  14  14   7.5   6.5  17.9 163.5  -5.9   1.8   2.0   2.4   1.2   0.2   3.0   0.9   2.7   0.9  122447.   3.9  419.   3.6  -5.9 0.029   11253.   0.7    9.   3.6   1.3 0.005  1.28  -0.50   0.72   5.5  4.3 0.0391 23 144   -16   9 185.3  330  -252    78   2.4 0.009309 999999.99 99999.99 99999.99 99999.99 99999.99 99999.99  0
2001 326 12 2297 71 71  15  15   7.4   6.9   8.1 139.6  -5.2   4.4   1.0   4.5  -0.7   0.1   2.2   1.3   1.2   1.3  127708.   3.5  425.  -0.1  -4.2 0.038    7700.   0.2   13.   1.4   1.8 0.016  1.22   0.30   0.68   5.4  4.3 0.0412 23 144   -15   9 185.3  105   -73    32   1.2 0.009309 999999.99 99999.99 99999.99 99999.99 99999.99 99999.99  0
2001 326 13 2297 71 71  16  16   7.4   6.9  14.5 141.3  -5.2   4.2   1.7   4.5   0.2   0.2   2.4   0.6   0.9   2.1  117575.   3.3  423.  -0.8  -5.0 0.036    9131.   0.3    6.   1.7   2.5 0.013  1.13  -0.08   0.62   5.2  4.2 0.0441 23 144   -14   9 185.3   62   -42    21   1.0 0.009309 999999.99 99999.99 99999.99 99999.99 99999.99 99999.99  0
2001 326 14 2297 71 71  15  15   7.1   6.3  14.7 154.3  -5.5   2.6   1.6   3.0   0.7   0.2   2.7   0.8   2.3   1.2  121247.   3.5  422.   1.3  -4.8 0.053    9506.   0.4    7.   3.3   2.2 0.011  1.26  -0.30   0.72   5.6  4.4 0.0385 23 144   -16   9 185.3  107   -59    48   0.9 0.009309 999999.99 99999.99 99999.99 99999.99 99999.99 99999.99  0
2001 326 15 2297 71 71  15  15   6.9   6.3  -5.1 149.2  -5.4   3.2  -0.6   2.9  -1.4   0.1   2.5   0.5   1.1   2.2  138249.   3.7  426.   0.8  -2.3 0.028   10224.   0.2    4.   1.9   2.2 0.005  1.25   0.60   0.86   5.9  4.5 0.0337 20 144   -15   7 185.3  108   -81    27   0.9 0.009309 999999.99 99999.99 99999.99 99999.99 99999.99 99999.99  0
2001 326 16 2297 71 71  15  15   7.3   6.8  16.7 134.4  -4.5   4.6   1.9   4.9   0.9   0.1   2.3   0.8   1.1   1.8  118931.   3.4  434.  -1.7  -4.5 0.027    5170.   0.2    8.   1.4   2.5 0.003  1.18  -0.39   0.66   5.5  4.4 0.0396 20 144   -15   7 185.3  196  -166    29   1.1 0.009309 999999.99 99999.99 99999.99 99999.99 99999.99 99999.99  0
2001 326 17 2297 71 71  15  15   7.4   7.0  18.7 119.6  -3.3   5.7   2.2   6.0   1.2   0.1   1.9   0.9   0.4   1.6  128417.   3.4  446.  -2.9  -4.4 0.028    6717.   0.1    8.   0.7   2.2 0.000  1.26  -0.54   0.66   5.6  4.4 0.0385 20 144   -11   7 185.3  195  -163    32   0.8 0.009309 999999.99 99999.99 99999.99 99999.99 99999.99 99999.99  0
2001 326 18 2297 71 71  15  15   7.0   5.7   6.4 157.6  -5.2   2.2   0.6   2.3   0.3   0.3   3.6   0.7   2.7   2.3  133560.   3.7  430.   0.2  -4.4 0.027   14686.   0.4    6.   2.1   1.8 0.002  1.27  -0.13   0.82   5.9  4.5 0.0341 27 144    -9  12 185.3   68   -54    14   0.2 0.009309 999999.99 99999.99 99999.99 99999.99 99999.99 99999.99  0
2001 326 19 2297 71 71  15  15   7.0   6.6 -35.6 199.7  -5.1  -1.8  -3.9  -2.1  -3.7   0.2   1.8   0.7   1.1   1.2  136763.   4.1  436.   4.6  -0.4 0.037    9482.   0.2    7.   1.5   1.6 0.011  1.49   1.61   0.92   6.3  4.7 0.0299 27 144    -6  12 185.3  203  -125    78   1.8 0.009309 999999.99 99999.99 99999.99 99999.99 99999.99 99999.99  0
2001 326 20 2297 71 71  16  16   6.8   6.1 -16.2 179.9  -5.9   0.0  -1.7  -0.1  -1.7   0.1   2.7   1.1   1.7   1.9  147275.   4.1  426.   2.4  -2.5 0.031    8563.   0.2   15.   2.5   2.0 0.004  1.40   0.72   1.02   6.3  4.6 0.0296 27 144   -17  12 185.3  530  -377   153   2.8 0.009309 999999.99 99999.99 99999.99 99999.99 99999.99 99999.99  0
2001 326 21 2297 71 71  14  14   7.1   5.7 -39.7 224.1  -3.1  -3.0  -3.6  -3.1  -3.5   0.2   3.4   1.7   2.2   2.1  161747.   4.3  454.   5.1  -1.6 0.025   14933.   0.4   14.   1.9   2.6 0.005  1.63   1.59   1.03   6.6  4.8 0.0271 27 144   -23  12 185.3  422  -256   166   2.5 0.009309 999999.99 99999.99 99999.99 99999.99 99999.99 99999.99  0
2001 326 22 2297 71 71  15  15   7.0   6.1 -36.9 209.1  -4.3  -2.4  -3.7  -2.5  -3.7   0.1   2.7   1.2   1.8   1.6  157669.   4.0  445.   4.4  -1.5 0.028   10680.   0.3   12.   1.7   1.9 0.007  1.47   1.65   0.97   6.4  4.7 0.0294 27 144   -29  12 185.3  289  -157   132   1.9 0.009309 999999.99 99999.99 99999.99 99999.99 99999.99 99999.99  0
2001 326 23 2297 71 71  15  15   6.7   5.5 -15.4 182.2  -5.3  -0.2  -1.5  -0.2  -1.5   0.2   3.2   0.6   2.4   2.0  168544.   3.9  438.   1.3  -3.6 0.043   11104.   0.2    7.   2.8   2.5 0.019  1.46   0.66   1.07   6.5  4.6 0.0285 27 144   -28  12 185.3  254  -115   139   1.7 0.009309 999999.99 99999.99 99999.99 99999.99 99999.99 99999.99  0
2001 327  0 2297 71 71  17  17   6.6   5.0 -54.4 158.0  -2.7   1.1  -4.1   1.0  -4.1   0.2   3.6   1.7   1.4   2.8  186219.   3.4  461.   0.9  -0.2 0.036   13655.   0.2   18.   2.1   2.5 0.005  1.38   1.89   1.02   6.4  4.7 0.0287 27 133   -33  12 172.9  278  -105   173   1.9 0.009161 999999.99 99999.99 99999.99 99999.99 99999.99 99999.99  0
2001 327  1 2297 71 71  14  14   7.0   5.1 -38.1 238.2  -2.1  -3.4  -3.2  -3.6  -3.0   0.2   4.1   1.4   2.3   3.0  184385.   3.8  469.   5.9  -2.5 0.040   15769.   0.3   13.   2.3   3.8 0.007  1.62   1.41   1.01   6.5  4.8 0.0279 27 133   -39  12 172.9  161   -69    92   0.8 0.009161 999999.99 99999.99 99999.99 99999.99 99999.99 99999.99  0
2001 327  2 2297 71 71  15  15   6.8   4.9   9.7 228.5  -3.2  -3.6   0.8  -3.5   1.2   0.4   4.1   1.2   1.4   3.6  183913.   3.8  460.   5.2  -6.9 0.044   16256.   0.4   12.   2.5   4.1 0.010  1.58  -0.55   1.07   6.6  4.8 0.0274 27 133   -42  12 172.9  128   -60    68   0.9 0.009161 999999.99 99999.99 99999.99 99999.99 99999.99 99999.99  0
2001 327  3 2297 71 71  15  15   7.0   5.8 -36.9 207.5  -4.1  -2.1  -3.5  -2.6  -3.1   0.2   3.6   1.8   2.9   1.1  163112.   3.8  447.   4.2  -3.6 0.044   18733.   0.2   19.   2.8   2.8 0.000  1.49   1.39   0.94   6.2  4.6 0.0307 23 133   -37   9 172.9   74    -4    70   0.1 0.009161 999999.99 99999.99 99999.99 99999.99 99999.99 99999.99  0
2001 327  4 2297 71 71  15  15   6.6   4.9 -28.6 159.9  -4.0   1.5  -2.3   1.0  -2.6   0.2   4.0   1.4   3.4   1.6  164308.   3.2  452.  -1.0  -4.6 0.048   13401.   0.3   15.   4.9   1.2 0.009  1.30   1.18   0.89   6.1  4.6 0.0317 23 133   -31   9 172.9  202   -79   123   0.8 0.009161 999999.99 99999.99 99999.99 99999.99 99999.99 99999.99  0
2001 327  5 2297 71 71  14  14   6.4   3.9  16.8 190.6  -3.7  -0.7   1.1  -0.4   1.2   0.4   4.3   2.3   2.5   2.7  185099.   3.4  456.   0.2  -9.3 0.052   23267.   0.4   19.   3.8   3.0 0.008  1.43  -0.55   1.08   6.6  4.7 0.0276 23 133   -34   9 172.9  332  -209   123   3.2 0.009161 999999.99 99999.99 99999.99 99999.99 99999.99 99999.99  0
2001 327  6 2297 71 71  16  16   6.7   5.1  21.2 185.9  -4.7  -0.5   1.8   0.1   1.9   0.2   3.6   1.0   2.2   2.6  164738.   3.5  451.   0.4 -10.5 0.054    7459.   0.2   11.   2.0   3.7 0.006  1.45  -0.86   0.95   6.3  4.7 0.0300 23 133   -33   9 172.9  314  -180   133   2.3 0.009161 999999.99 99999.99 99999.99 99999.99 99999.99 99999.99  0
2001 327  7 2297 71 71  14  14   6.6   4.2   3.3 189.5  -4.1  -0.7   0.2  -0.6   0.4   0.2   4.5   1.0   1.9   4.0  164050.   3.5  455.   0.8  -8.6 0.055   10048.   0.2   11.   4.3   3.9 0.006  1.48  -0.18   0.98   6.4  4.7 0.0286 23 133   -26   9 172.9  225  -100   125   1.8 0.009161 999999.99 99999.99 99999.99 99999.99 99999.99 99999.99  0
2001 327  8 2297 71 71  16  16   6.7   5.6 -37.7 155.8  -4.1   1.8  -3.4   0.4  -3.8   0.2   3.1   1.1   2.0   2.1  164094.   3.6  454.   0.2  -3.5 0.060    7962.   0.2    9.   2.1   2.1 0.009  1.54   1.73   0.98   6.4  4.7 0.0288 23 133   -24   9 172.9  238  -134   104   2.2 0.009161 999999.99 99999.99 99999.99 99999.99 99999.99 99999.99  0
2001 327  9 2297 71 71  15  15   6.9   6.2 -55.5 195.9  -3.4  -1.0  -5.1  -2.9  -4.3   0.1   2.6   0.8   2.3   1.0  153974.   3.8  460.   4.1  -2.8 0.061    7907.   0.2    6.   2.3   1.3 0.007  1.67   1.98   0.94   6.5  4.8 0.0282 27 133   -30  12 172.9  339  -182   157   2.2 0.009161 999999.99 99999.99 99999.99 99999.99 99999.99 99999.99  0
2001 327 10 2297 71 71  15  15   6.7   4.6 -24.7 143.0  -3.3   2.5  -1.9   1.6  -2.7   0.1   4.4   1.5   3.3   2.5  141950.   3.7  453.  -1.5  -5.1 0.067   10117.   0.2   11.   4.9   2.1 0.011  1.61   1.22   0.93   6.5  4.8 0.0281 27 133   -34  12 172.9  314  -154   160   1.5 0.009161 999999.99 99999.99 99999.99 99999.99 99999.99 99999.99  0
2001 327 11 2297 71 71  14  14   6.5   6.0 -52.9 164.8  -3.5   0.9  -4.8  -1.0  -4.8   0.1   2.2   0.7   1.8   0.9  147561.   3.8  450.   1.8  -2.6 0.060    8124.   0.2    7.   2.3   0.6 0.012  1.59   2.16   1.03   6.7  4.9 0.0261 27 133   -30  12 172.9  347  -152   195   3.2 0.009161 999999.99 99999.99 99999.99 99999.99 99999.99 99999.99  0
2001 327 12 2297 71 71  15  15   6.6   6.0   1.9 156.7  -5.5   2.4   0.2   2.3  -0.7   0.0   2.1   0.7   1.4   1.4  126434.   3.8  428.  -1.8  -7.7 0.062    9492.   0.2    9.   1.9   1.9 0.006  1.45   0.30   0.92   6.3  4.7 0.0298 30 133   -26  15 172.9  599  -331   268   4.7 0.009161 999999.99 99999.99 99999.99 99999.99 99999.99 99999.99  0
2001 327 13 2297 71 71  15  15   6.5   5.7 -14.8 155.4  -5.1   2.3  -1.5   1.7  -2.2   0.1   2.2   0.7   1.7   1.3  130932.   4.0  432.  -0.7  -5.5 0.063    6279.   0.2    8.   2.8   1.7 0.008  1.56   0.95   1.02   6.6  4.8 0.0269 30 133   -31  15 172.9  330  -173   156   2.3 0.009161 999999.99 99999.99 99999.99 99999.99 99999.99 99999.99  0
2001 327 14 2297 71 71  15  15   6.6   6.0 -46.5 192.7  -4.0  -0.9  -4.3  -2.1  -3.8   0.1   2.2   0.9   1.9   0.7  134295.   4.1  443.   4.3  -3.7 0.057    7442.   0.2    7.   2.1   1.5 0.012  1.65   1.68   1.03   6.8  4.9 0.0258 30 133   -29  15 172.9  181  -106    75   2.6 0.009161 999999.99 99999.99 99999.99 99999.99 99999.99 99999.99  0
2001 327 15 2297 71 71  15  15   6.7   5.9  14.5 148.2  -4.9   3.0   1.5   3.3   0.7   0.1   2.5   0.9   1.9   1.2  131348.   3.9  432.  -3.5  -9.1 0.057    7526.   0.2   11.   3.3   1.5 0.006  1.49  -0.30   0.94   6.4  4.7 0.0293 30 133   -31  15 172.9  584  -395   188   4.2 0.009161 999999.99 99999.99 99999.99 99999.99 99999.99 99999.99  0
2001 327 16 2297 71 71  15  15   7.0   6.0   6.8 145.8  -5.0   3.4   0.7   3.5   0.0   0.1   2.7   1.0   1.0   2.3  126997.   4.0  433.  -3.3  -7.7 0.057    8636.   0.2   12.   2.2   2.8 0.008  1.54  -0.00   0.87   6.2  4.7 0.0311 30 133   -37  15 172.9  718  -488   230   3.5 0.009161 999999.99 99999.99 99999.99 99999.99 99999.99 99999.99  0
2001 327 17 2297 71 71  16  16   7.2   5.3 -22.9 127.5  -3.0   3.9  -2.1   3.5  -2.7   0.2   4.4   2.5   2.7   2.4  134275.   4.3  449.  -2.5  -4.6 0.057   16635.   0.3   19.   3.4   2.7 0.007  1.78   1.21   0.91   6.5  4.8 0.0285 30 133   -33  15 172.9  301  -174   127   1.3 0.009161 999999.99 99999.99 99999.99 99999.99 99999.99 99999.99  0
2001 327 18 2297 71 71  15  15   6.4   4.7  23.5 192.7  -4.2  -0.9   1.9  -0.7   2.0   0.4   3.3   1.0   2.2   2.3  139627.   4.3  445.   1.2 -10.9 0.055   12997.   0.3   10.   3.2   2.1 0.007  1.73  -0.89   1.17   7.2  5.1 0.0229 27 133   -27  12 172.9  247  -148    99   1.0 0.009161 999999.99 99999.99 99999.99 99999.99 99999.99 99999.99  0
2001 327 19 2297 71 71  14  14   6.9   4.6  32.5 122.5  -2.1   3.3   2.5   3.5   2.2   0.2   4.6   1.4   2.8   3.4  145135.   4.0  460.  -4.4  -9.3 0.057   12689.   0.2   13.   1.9   5.0 0.009  1.74  -1.01   0.96   6.7  4.9 0.0268 27 133   -25  12 172.9  217  -130    87   1.6 0.009161 999999.99 99999.99 99999.99 99999.99 99999.99 99999.99  0
2001 327 20 2297 71 71  15  15   6.6   4.5 -12.0 152.1  -3.9   2.1  -0.9   2.1  -1.0   0.3   4.1   1.2   2.8   2.7  144368.   4.0  444.  -1.3  -5.9 0.060    8964.   0.2    9.   3.5   3.4 0.014  1.63   0.44   1.04   6.7  4.9 0.0263 27 133   -24  12 172.9  319  -176   143   2.8 0.009161 999999.99 99999.99 99999.99 99999.99 99999.99 99999.99  0
2001 327 21 2297 71 71  15  15   6.6   4.7 -11.9 168.3  -4.5   0.9  -1.0   0.9  -1.0   0.2   3.6   1.3   2.7   2.0  146600.   4.2  439.  -0.2  -6.3 0.054    8094.   0.4   12.   3.4   2.6 0.010  1.64   0.44   1.10   6.8  4.9 0.0256 33 133   -25  18 172.9  543  -364   179   3.5 0.009161 999999.99 99999.99 99999.99 99999.99 99999.99 99999.99  0
2001 327 22 2297 71 71  16  16   7.1   5.7 -15.1 143.9  -4.5   3.3  -1.5   3.3  -1.5   0.2   3.7   1.2   2.2   2.6  142320.   4.0  442.  -2.8  -4.9 0.049   10435.   0.3   13.   2.9   2.8 0.006  1.56   0.66   0.89   6.2  4.7 0.0307 33 133   -31  18 172.9  560  -358   202   4.6 0.009161 999999.99 99999.99 99999.99 99999.99 99999.99 99999.99  0
2001 327 23 2297 71 71  15  15   7.1   5.5  -3.6 122.6  -2.9   4.6  -0.3   4.6  -0.4   0.2   3.1   1.9   1.2   2.1  166891.   3.8  458.  -5.4  -5.7 0.048   17749.   0.3   17.   2.1   2.6 0.006  1.59   0.18   0.93   6.3  4.7 0.0301 33 133   -35  18 172.9  488  -303   186   4.8 0.009161 999999.99 99999.99 99999.99 99999.99 99999.99 99999.99  0
2001 328  0 2297 71 71  15  15   6.9   5.7  11.2 131.4  -3.7   4.2   1.1   4.2   1.0   0.3   3.2   0.9   1.4   2.7  179531.   3.9  455.  -6.1  -7.6 0.048    8026.   0.2    7.   1.8   3.2 0.007  1.61  -0.46   1.05   6.5  4.7 0.0281 33 111   -29  18 168.6  508  -280   229   5.4 0.009041 999999.99 99999.99 99999.99 99999.99 99999.99 99999.99  0
2001 328  1 2297 71 71  15  15   6.8   4.5  10.4 171.3  -4.4   0.7   0.8   0.7   0.8   0.3   4.8   1.7   2.4   3.8  181551.   4.0  455.  -1.1  -8.4 0.040   20701.   0.4   10.   3.5   3.2 0.011  1.60  -0.36   1.12   6.7  4.8 0.0266 33 111   -31  18 168.6  263  -123   139   5.0 0.009041 999999.99 99999.99 99999.99 99999.99 99999.99 99999.99  0
2001 328  2 2297 71 71  15  15   6.4   5.1 -35.2 152.9  -3.7   1.9  -3.0   1.6  -3.2   0.2   3.6   0.8   2.6   2.3  179006.   3.9  452.  -0.9  -4.9 0.036   13957.   0.2    6.   3.8   1.3 0.007  1.52   1.45   1.22   7.0  4.9 0.0245 33 111   -34  18 168.6  172   -53   119   4.1 0.009041 999999.99 99999.99 99999.99 99999.99 99999.99 99999.99  0
2001 328  3 2297 71 71  14  14   6.5   5.7 -21.9 167.7  -5.2   1.1  -2.1   0.8  -2.2   0.2   2.8   0.9   2.5   1.1  169769.   4.0  444.   0.4  -6.7 0.036    9456.   0.2    8.   2.5   0.7 0.006  1.51   0.98   1.17   6.8  4.8 0.0255 53 111   -34  56 168.6  415  -180   236   3.5 0.009041 999999.99 99999.99 99999.99 99999.99 99999.99 99999.99  0
2001 328  4 2297 71 71  16  16   5.7   3.4 -35.3 221.5  -2.1  -1.8  -1.9  -2.1  -1.5   0.5   4.4   1.4   3.6   1.9  227046.   4.2  468.   2.1  -8.6 0.044   24446.   0.3   11.   3.9   1.5 0.023  1.81   0.70   1.91   8.4  5.2 0.0168 53 111   -39  56 168.6  482  -314   168   6.7 0.009041 999999.99 99999.99 99999.99 99999.99 99999.99 99999.99  0
2001 328  5 2297 71 71   5   5   6.6   5.5 -32.1 221.9  -3.5  -3.1  -2.9  -3.7  -2.0   0.3   2.1   1.0   1.1   1.5  229613.   4.7  466.   4.3  -9.2 0.034   10636.   0.2    7.   0.7   1.7 0.011  1.94   0.93   1.61   7.7  5.0 0.0203 53 111   -24  56 168.6  444  -208   236   8.8 0.009041 999999.99 99999.99 99999.99 99999.99 99999.99 99999.99  0
2001 328  6 2297 51 52  60  37  41.6  32.9 -19.5  68.1  11.6  28.8 -11.0  24.2 -19.1   5.0  24.8   9.9  16.2  15.9 2191491.  24.6  948.   5.0  -4.1 0.026  646839.   8.2   51.   2.3   4.0 0.000 40.76  18.11   1.37   5.7  3.8 0.0372 83 111     2 236 168.6 2006  -930  1075  19.8 0.009041 999999.99 99999.99 99999.99 99999.99 99999.99 99999.99  0
2001 328  7 2297 51 52  60  35  23.8  13.7  29.1 318.6   9.0  -7.9   6.7  -5.2   9.0  12.0  22.3  14.6  11.9  12.0 1063972.  44.5  894.   0.6   0.5 0.049  203117.  18.5   22.   3.4   1.5 0.014 71.04  -8.05   3.90  12.5  6.0 0.0076 83 111   -91 236 168.6 1728 -1314   414  21.9 0.009041 999999.99 99999.99 99999.99 99999.99 99999.99 99999.99  0
2001 328  8 2297 51 52  60  37  37.7  33.9  19.3 283.6   7.5 -31.1  11.2 -24.9  21.7   2.7  15.6  13.8   4.4   5.7 1221613.  36.1  849.  -3.3  -0.2 0.035  218888.   5.0   17.   1.3   1.0 0.009 49.54 -18.42   1.43   6.8  4.5 0.0260 83 111   -92 236 168.6  558  -429   129   4.0 0.009041 999999.99 99999.99 99999.99 99999.99 99999.99 99999.99  0
2001 328  9 2297 51 52  60  34  50.1  45.1  48.3 245.9 -12.3 -27.4  33.7 -12.6  41.6  11.4  23.5  12.9  10.8  16.4 1172501.  31.9  864.   0.1  -2.0 0.045  543005.  17.9   19.   1.2   2.3 0.027 46.93 -35.94   0.69   4.9  3.9 0.0501 70 111   -72 132 168.6  407  -231   177  -7.4 0.009041 999999.99 99999.99 99999.99 99999.99 99999.99 99999.99  0
2001 328 10 2297 51 52  60  37  48.3  20.6  26.1 260.6  -3.0 -18.2   9.1 -13.3  15.4   8.6  44.3   7.0  12.6  41.9 2437172.  18.2  876.   2.6   1.7 0.037  842017.   6.8   30.   4.2   3.1 0.009 26.78 -13.49   0.83   3.9  2.9 0.0795 70 111   -96 132 168.6  512  -217   295  -0.1 0.009041 999999.99 99999.99 99999.99 99999.99 99999.99 99999.99  0
2001 328 11 2297 51 52  60  37  42.3  22.9 -71.0  66.2   3.0   6.8 -21.7  -1.8 -22.7   8.1  35.9  10.3  23.7  25.0 1457266.  23.5  843.   0.9   3.6 0.035  696581.   9.6   21.   4.0   1.6 0.011 31.79  19.14   0.87   4.8  3.7 0.0510 70 111  -132 132 168.6 1070  -708   362   8.0 0.009041 999999.99 99999.99 99999.99 99999.99 99999.99 99999.99  0
2001 328 12 2297 51 52  60  35  19.8  10.7 -29.0  59.3   4.8   8.0  -5.2   5.6  -7.7   7.7  17.5   8.9  12.1   8.9 1604702.  20.1  843.  -2.2   0.9 0.044  614142.   7.7   23.   2.3   2.4 0.000 28.05   6.49   3.70   9.5  4.7 0.0131 77 111  -196 179 168.6  849  -604   245  10.4 0.009041 999999.99 99999.99 99999.99 99999.99 99999.99 99999.99  0
2001 328 13 2297 51 52  60  34  23.1  15.0 -18.3  52.0   8.7  11.2  -4.7   9.1  -8.1   5.0  17.0   9.2  10.7   9.5 1505270.  14.5  907.  -3.0  -7.6 0.020 1043127.   6.9   54.   2.8   3.6 0.000 21.51   7.35   1.85   7.5  4.6 0.0213 77 111  -179 179 168.6 1385  -979   406  13.4 0.009041 999999.99 99999.99 99999.99 99999.99 99999.99 99999.99  0
2001 328 14 2297 51 52  60  36  12.0  10.4 -23.2  45.5   6.7   6.9  -4.1   5.4  -5.9   5.0   7.5   3.7   5.9   2.8  291389.   8.1 1040.  -1.8  -8.1 9.999   71075.   2.3   20.   1.5   0.7 9.999 17.52   6.14   0.98  12.3  9.1 0.0078 77 111  -202 179 168.6 1206  -740   466  10.9 0.009041 999999.99 99999.99 99999.99 99999.99 99999.99 99999.99  0
2001 328 15 2297 51 52  60  37   9.2   8.4  25.9 349.5   7.4  -1.4   3.7  -0.4   3.9   2.5   4.4   2.2   3.1   2.2  205761.   5.4 1034.   1.8  -7.7 9.999   56267.   2.6   45.   1.3   0.8 9.999 11.55  -4.03   0.89  13.1  9.8 0.0070 73 111  -211 154 168.6  914  -724   190   8.0 0.009041 999999.99 99999.99 99999.99 99999.99 99999.99 99999.99  0
2001 328 16 2297 51 52  60  35  15.5  13.2  19.7  24.3  11.3   5.1   4.5   5.9   3.4   2.2   8.3   2.1   6.8   4.3  223387.   1.4  918.  -3.2  -2.7 0.036  235088.   0.5   37.   3.3   3.3 0.008  2.25  -3.12   0.09   3.5  3.4 0.0969 73 111  -221 154 168.6  352  -135   217   1.4 0.009041 999999.99 99999.99 99999.99 99999.99 99999.99 99999.99  0
2001 328 17 2297 71 71   1   1  21.2  21.2  38.7 348.7  16.2  -3.2  13.2  -1.2  13.5   0.0   0.0   0.0   0.0   0.0  136415.   0.6  876.  -6.3  -2.2 0.044       0.   0.0    0.   0.0   0.0 0.008  0.90 -11.83   0.01   1.6  1.6 0.4644 73 111  -216 154 168.6  292  -186   106   1.1 0.009041 999999.99 99999.99 99999.99 99999.99 99999.99 99999.99  0
2001 328 18 2297 71 71  15  15  22.0  22.0  43.4 346.5  15.5  -3.7  15.1  -2.1  15.4   0.2   1.1   0.7   0.6   0.6  147950.   0.4  827.  -4.5  -4.7 0.067   21609.   0.1   18.   0.9   1.0 0.003  0.58 -12.74   0.01   1.2  1.2 0.8417 30 111  -205  15 168.6  156   -90    66  -1.5 0.009041 999999.99 99999.99 99999.99 99999.99 99999.99 99999.99  0
2001 328 19 2297 71 71  15  15  21.6  21.5  38.9 356.5  16.7  -1.0  13.5  -0.1  13.5   0.4   1.8   0.5   1.3   1.2  137223.   0.7  827.  -4.6  -1.9 0.066   28081.   0.2   14.   1.1   1.3 0.009  1.01 -11.16   0.02   1.6  1.6 0.4637 30 111  -187  15 168.6  113  -101    12  -1.2 0.009041 999999.99 99999.99 99999.99 99999.99 99999.99 99999.99  0
2001 328 20 2297 71 71  15  15  20.2  20.1  31.2 359.8  17.2  -0.1  10.4   0.3  10.4   0.2   1.5   0.4   1.3   0.8  192112.   0.6  826.  -6.2  -1.0 0.068   50483.   0.3   17.   2.0   1.0 0.017  0.87  -8.59   0.02   1.6  1.6 0.4742 30 111  -177  15 168.6   92  -100    -8  -1.5 0.009041 999999.99 99999.99 99999.99 99999.99 99999.99 99999.99  0
2001 328 21 2297 71 71  15  15  19.6  19.5  31.2   1.9  16.7   0.6  10.1   0.7  10.1   0.2   1.1   0.4   0.8   0.7  112626.   0.7  803.  -6.3  -2.2 0.069   36734.   0.3   10.   0.9   1.0 0.016  0.96  -8.11   0.02   1.7  1.7 0.4049 47 111  -172  39 168.6  100  -103    -3  -1.1 0.009041 999999.99 99999.99 99999.99 99999.99 99999.99 99999.99  0
2001 328 22 2297 71 71  15  15  18.6  18.4  35.5   8.4  14.8   2.2  10.7   2.2  10.7   0.5   2.0   1.4   1.3   0.7   47597.   3.3  788.  -4.5  -1.0 0.084   15205.   2.4   14.   1.0   0.5 0.016  4.57  -8.43   0.07   3.8  3.7 0.0803 47 111  -153  39 168.6  213  -154    59  -0.2 0.009041 999999.99 99999.99 99999.99 99999.99 99999.99 99999.99  0
2001 328 23 2297 71 71  15  15  18.0  17.8  45.1  15.9  12.1   3.5  12.6   3.6  12.6   0.2   1.9   1.0   1.5   0.7   61008.   2.2  765.  -5.2  -1.0 0.077   20322.   0.7   15.   0.5   0.3 0.017  2.81  -9.64   0.05   3.2  3.1 0.1197 47 111  -150  39 168.6  154  -128    26  -0.0 0.009041 999999.99 99999.99 99999.99 99999.99 99999.99 99999.99  0
2001 329  0 2297 71 71  14  14  17.4  17.4  38.2   8.7  13.5   2.1  10.7   2.3  10.7   0.2   1.2   0.5   0.9   0.7   42257.   2.3  773.  -4.7  -1.6 0.088   10748.   0.6   11.   0.6   0.8 0.013  3.10  -8.27   0.05   3.4  3.3 0.1048 17 121  -145   6 165.6   84   -88    -4   0.7 0.008896 999999.99 99999.99 99999.99 99999.99 99999.99 99999.99  0
2001 329  1 2297 71 71  15  15  16.3  16.3  40.2   4.3  12.4   0.9  10.5   1.4  10.4   0.4   1.0   0.6   0.7   0.4   59121.   1.4  754.  -3.9  -1.9 0.101   10664.   0.2    7.   1.0   0.6 0.019  1.87  -7.84   0.04   2.7  2.7 0.1588 17 121  -145   6 165.6   66   -76    -9   0.7 0.008896 999999.99 99999.99 99999.99 99999.99 99999.99 99999.99  0
2001 329  2 2297 71 71  16  16  15.4  15.3  46.8   9.7  10.3   1.8  11.1   2.8  10.9   0.3   1.4   1.1   0.5   0.8   36628.   1.7  759.  -5.0  -0.2 0.083    9658.   0.3   11.   0.2   0.8 0.016  2.18  -8.27   0.05   3.2  3.1 0.1152 17 121  -144   6 165.6   71   -77    -6  -0.4 0.008896 999999.99 99999.99 99999.99 99999.99 99999.99 99999.99  0
2001 329  3 2297 71 71  14  14  14.9  14.3  70.1 354.3   4.8  -0.5  13.4   1.3  13.3   0.2   4.0   3.0   2.3   1.2   47545.   2.0  725.  -5.1   0.8 0.090   13131.   0.5   36.   1.5   1.2 0.035  2.39  -9.64   0.07   3.4  3.3 0.1005 27 121  -134  12 165.6   73   -75    -2   0.0 0.008896 999999.99 99999.99 99999.99 99999.99 99999.99 99999.99  0
2001 329  4 2297 71 71  14  14  15.3  15.3  82.3 282.2   0.4  -2.0  15.1   0.9  15.2   0.2   0.8   0.8   0.3   0.2   21293.   3.2  689.  -4.4   2.2 0.063    1894.   1.0   17.   0.2   0.4 0.019  3.18 -10.47   0.09   4.0  3.9 0.0733 27 121  -124  12 165.6   49   -52    -3  -1.0 0.008896 999999.99 99999.99 99999.99 99999.99 99999.99 99999.99  0
2001 329  5 2297 71 71  15  15  15.3  15.2  85.5 233.8  -0.7  -1.0  15.2   2.7  15.0   0.1   1.3   1.0   0.8   0.1   25860.   4.0  667.  -4.1   1.2 0.072    7369.   0.6    8.   0.5   0.4 0.016  3.83 -10.01   0.11   4.4  4.2 0.0626 27 121  -118  12 165.6   52   -58    -5   0.4 0.008896 999999.99 99999.99 99999.99 99999.99 99999.99 99999.99  0
2001 329  6 2297 71 71  15  15  15.5  15.3  75.2   9.8   3.9   0.7  14.8   5.0  14.0   0.3   1.8   1.6   0.8   0.2   30669.   5.7  655.  -2.5   0.6 0.069    3394.   1.2    5.   0.8   0.3 0.018  5.21  -9.17   0.16   5.0  4.7 0.0467 27 121  -111  12 165.6   85   -74    11   0.6 0.008896 999999.99 99999.99 99999.99 99999.99 99999.99 99999.99  0
2001 329  7 2297 71 71  15  15  16.3  16.2  68.0  15.4   5.9   1.6  15.0   6.5  13.6   0.1   1.2   0.4   1.2   0.2   18283.   3.4  654.  -4.4  -0.0 0.077    3030.   0.9    4.   0.7   0.5 0.019  3.18  -8.89   0.08   3.7  3.6 0.0869 27 121  -114  12 165.6   69   -75    -5   1.1 0.008896 999999.99 99999.99 99999.99 99999.99 99999.99 99999.99  0
2001 329  8 2297 71 71  15  15  15.8  14.8  76.4 331.6   3.1  -1.7  14.3   3.5  14.0   0.4   5.5   3.1   4.4   1.0   15393.   1.7  635.  -3.6  -0.6 0.040    9544.   0.9   10.   1.6   0.5 0.029  1.33  -8.89   0.04   2.6  2.6 0.1733 27 121  -113  12 165.6  102  -105    -2   0.9 0.008896 999999.99 99999.99 99999.99 99999.99 99999.99 99999.99  0
2001 329  9 2297 71 71  15  15  14.2  14.0  58.6 244.5  -3.1  -6.6  11.9  -1.7  13.5   0.3   2.4   1.3   1.8   1.0   14328.   3.1  641.  -4.5  -2.1 0.022    2316.   1.5   11.   2.3   1.0 0.004  2.31  -8.65   0.09   4.0  3.8 0.0753 30 121  -106  15 165.6  102   -85    17   0.7 0.008896 999999.99 99999.99 99999.99 99999.99 99999.99 99999.99  0
2001 329 10 2297 71 71  15  15  13.7  13.6  38.7 233.5  -6.3  -8.5   8.5  -4.7  11.1   0.2   1.3   0.7   0.5   0.9   17944.   3.5  652.  -6.5  -3.4 0.043    9919.   0.8    6.   0.9   0.6 0.025  2.91  -7.24   0.11   4.5  4.2 0.0600 30 121  -103  15 165.6   85   -69    16  -0.3 0.008896 999999.99 99999.99 99999.99 99999.99 99999.99 99999.99  0
2001 329 11 2297 71 71  15  15  12.9  12.9  52.9 253.8  -2.2  -7.5  10.3  -3.2  12.3   0.3   1.1   1.0   0.3   0.3   33486.   0.8  662.  -4.5  -4.3 0.068   11701.   0.3   11.   0.9   0.4 0.022  0.74  -8.14   0.03   2.3  2.3 0.2258 30 121  -107  15 165.6   67   -69    -2  -0.2 0.008896 999999.99 99999.99 99999.99 99999.99 99999.99 99999.99  0
2001 329 12 2297 71 71  15  15  12.0  12.0  53.8 268.5  -0.2  -7.1   9.7  -3.3  11.6   0.3   1.0   0.9   0.3   0.3   17340.   0.6  606.  -4.4  -4.2 0.078    5057.   0.1   20.   1.2   0.5 0.054  0.48  -7.03   0.03   2.0  1.9 0.3109 20 121  -104   7 165.6   82   -84    -2  -0.3 0.008896 999999.99 99999.99 99999.99 99999.99 99999.99 99999.99  0
2001 329 13 2297 71 71  15  15  10.5  10.1  63.6 298.4   2.1  -4.0   9.1  -0.9   9.9   0.8   2.7   2.1   1.5   0.8   66640.   0.9  633.  -5.2  -4.1 0.180   37430.   0.3   12.   0.6   0.5 0.026  1.04  -6.27   0.07   2.9  2.8 0.1455 20 121   -98   7 165.6   67   -58    10  -0.3 0.008896 999999.99 99999.99 99999.99 99999.99 99999.99 99999.99  0
2001 329 14 2297 71 71  15  15   7.8   7.7  59.7 302.1   2.1  -3.3   6.6  -1.3   7.3   0.5   1.3   0.4   1.0   0.7  207705.   1.3  628.  -5.5  -5.4 0.141   78484.   0.1    6.   0.8   1.1 0.024  1.34  -4.58   0.30   4.6  4.1 0.0565 20 121   -96   7 165.6   67   -57    11  -0.4 0.008896 999999.99 99999.99 99999.99 99999.99 99999.99 99999.99  0
2001 329 15 2297 71 71  15  15   8.0   7.9  44.3 270.7   0.1  -5.6   5.5  -4.1   6.7   0.3   1.4   1.0   0.6   0.7   23910.   1.7  632.  -6.6  -6.8 0.140    4263.   0.4   10.   0.5   1.0 0.025  1.77  -4.23   0.17   5.2  4.8 0.0448 20 121   -92   7 165.6   65   -56     9  -0.6 0.008896 999999.99 99999.99 99999.99 99999.99 99999.99 99999.99  0
2001 329 16 2297 71 71  15  15   6.9   5.8  43.8 255.7  -1.0  -4.0   4.0  -3.2   4.7   0.5   3.4   2.2   1.0   2.4   58654.   1.4  630.  -5.1  -8.7 0.097   57356.   0.3   22.   1.3   2.5 0.067  1.29  -2.96   0.23   5.4  4.9 0.0408 20 121   -89   7 165.6   64   -60     5  -0.4 0.008896 999999.99 99999.99 99999.99 99999.99 99999.99 99999.99  0
2001 329 17 2297 71 71  15  15   6.5   5.4  41.7 238.3  -2.1  -3.4   3.6  -2.8   4.1   0.5   3.1   1.2   1.1   2.6   58355.   1.2  637.  -4.0  -8.5 0.131   39877.   0.2   15.   1.7   2.7 0.042  1.24  -2.61   0.22   5.4  4.9 0.0413 20 121   -90   7 165.6   77   -79    -2   0.1 0.008896 999999.99 99999.99 99999.99 99999.99 99999.99 99999.99  0
2001 329 18 2297 71 71  13  13   6.9   6.0  54.6 264.1  -0.4  -3.5   4.9  -3.0   5.2   0.4   3.2   2.6   1.4   1.4   36266.   1.2  615.  -3.9  -6.5 0.167   17196.   0.3   27.   1.5   2.3 0.050  1.26  -3.20   0.17   4.9  4.6 0.0499 10 121   -88   4 165.6   37   -40    -3  -0.6 0.008896 999999.99 99999.99 99999.99 99999.99 99999.99 99999.99  0
2001 329 19 2297 71 71  16  16   7.3   7.2  63.7 323.9   2.6  -1.9   6.5  -1.5   6.6   0.1   1.1   0.4   1.0   0.4   68574.   0.8  580.  -3.0  -3.3 0.185   21321.   0.1    6.   1.7   0.7 0.047  0.78  -3.83   0.12   3.6  3.4 0.0942 10 121   -86   4 165.6   31   -39    -8  -0.5 0.008896 999999.99 99999.99 99999.99 99999.99 99999.99 99999.99  0
2001 329 20 2297 71 71  15  15   7.1   6.9  54.5 295.7   1.7  -3.6   5.6  -3.4   5.7   0.1   1.4   1.0   0.8   0.6  159373.   0.8  595.  -5.6  -4.1 0.176   13182.   0.1   16.   1.5   0.7 0.018  0.81  -3.39   0.19   3.7  3.5 0.0847 10 121   -85   4 165.6   24   -36   -13  -0.9 0.008896 999999.99 99999.99 99999.99 99999.99 99999.99 99999.99  0
2001 329 21 2297 71 71  15  15   7.2   6.7  47.7 313.3   3.1  -3.3   4.9  -3.3   4.9   0.2   2.3   1.0   1.7   1.2  130434.   0.9  578.  -4.4  -3.9 0.160   21174.   0.2   12.   1.7   1.0 0.041  0.82  -2.83   0.19   3.8  3.5 0.0820  7 121   -84   3 165.6   24   -33    -9  -0.8 0.008896 999999.99 99999.99 99999.99 99999.99 99999.99 99999.99  0
2001 329 22 2297 71 71  14  14   7.0   6.6  11.7 272.5   0.3  -6.5   1.3  -6.5   1.3   0.2   2.2   0.9   0.4   1.9  131443.   0.9  602.  -3.8  -3.3 0.131   19891.   0.1    7.   0.8   2.1 0.022  0.83  -0.78   0.20   4.1  3.8 0.0715  7 121   -83   3 165.6   39   -37     2  -0.6 0.008896 999999.99 99999.99 99999.99 99999.99 99999.99 99999.99  0
2001 329 23 2297 71 71  16  16   6.7   6.4  21.1 277.9   0.8  -5.9   2.3  -5.9   2.3   0.1   1.2   0.8   0.4   0.8  154822.   0.8  596.  -4.4  -2.3 0.135   24706.   0.1   12.   0.9   0.7 0.014  0.73  -1.37   0.21   4.0  3.7 0.0752  7 121   -81   3 165.6   36   -32     5  -0.5 0.008896 999999.99 99999.99 99999.99 99999.99 99999.99 99999.99  0
2001 330  0 2297 71 71  15  15   6.4   5.3  22.9 280.3   0.9  -4.8   2.1  -4.8   2.2   0.4   3.1   1.3   1.9   2.0  107455.   0.9  603.  -3.3  -2.4 0.097    7652.   0.1   12.   1.5   2.4 0.029  0.76  -1.33   0.22   4.5  4.1 0.0595 17 139   -83   6 170.3   47   -33    14  -0.7 0.008697 999999.99 99999.99 99999.99 99999.99 99999.99 99999.99  0
2001 330  1 2297 71 71  16  16   4.6   3.7   0.4 284.9   1.0  -3.6   0.0  -3.6   0.1   0.4   2.3   1.4   1.1   1.5   89156.   0.8  638.  -2.6  -1.6 0.091   14860.   0.2   25.   1.6   2.0 0.017  0.74  -0.06   0.34   6.2  5.4 0.0309 17 139   -86   6 170.3   80   -34    45   0.1 0.008697 999999.99 99999.99 99999.99 99999.99 99999.99 99999.99  0
2001 330  2 2297 71 71  15  15   4.2   3.8  22.4 307.3   2.1  -2.8   1.4  -2.7   1.6   0.1   1.6   0.8   0.9   1.0   80884.   0.8  627.  -1.0   1.8 0.078    6887.   0.1   15.   1.6   1.6 0.010  0.69  -1.00   0.39   6.7  5.8 0.0267 17 139   -85   6 170.3   55   -33    22  -0.2 0.008697 999999.99 99999.99 99999.99 99999.99 99999.99 99999.99  0
2001 330  3 2297 71 71  14  14   4.6   4.3   9.6 301.3   2.2  -3.6   0.7  -3.5   1.2   0.1   0.9   0.4   0.3   0.7   76066.   0.8  623.  -2.3   0.6 0.086    7948.   0.1    9.   0.7   1.1 0.011  0.70  -0.75   0.32   6.1  5.4 0.0324 10 139   -82   4 170.3   41   -34     7  -0.2 0.008697 999999.99 99999.99 99999.99 99999.99 99999.99 99999.99  0
2001 330  4 2297 71 71  15  15   4.4   4.1   3.1 323.5   3.3  -2.4   0.2  -2.3   0.6   0.1   1.6   0.6   0.9   1.1   62326.   0.8  596.  -0.4   0.1 0.076    7115.   0.1   12.   1.1   1.9 0.013  0.62  -0.36   0.33   6.1  5.3 0.0324 10 139   -78   4 170.3   33   -26     7  -0.6 0.008697 999999.99 99999.99 99999.99 99999.99 99999.99 99999.99  0
2001 330  5 2297 71 71  15  15   4.3   4.1  -6.1 358.7   4.1  -0.1  -0.4  -0.2  -0.4   0.0   1.2   0.2   1.1   0.5   64768.   0.8  578.   3.0  -1.7 0.069   10575.   0.1    4.   1.8   1.0 0.013  0.57   0.23   0.35   6.0  5.3 0.0329 10 139   -75   4 170.3   31   -23     8  -0.6 0.008697 999999.99 99999.99 99999.99 99999.99 99999.99 99999.99  0
2001 330  6 2297 71 71  15  15   4.4   4.3  -8.4  11.0   4.2   0.8  -0.6   0.6  -0.8   0.1   0.5   0.1   0.4   0.2   78014.   0.8  574.   4.3  -2.0 0.078    8100.   0.0    2.   0.8   0.3 0.012  0.58   0.46   0.35   5.8  5.1 0.0349 27 139   -75  12 170.3   72   -47    25   0.1 0.008697 999999.99 99999.99 99999.99 99999.99 99999.99 99999.99  0
2001 330  7 2297 71 71  14  14   4.4   4.2  -5.2 349.7   4.1  -0.7  -0.4  -0.8  -0.2   0.0   1.0   0.2   0.9   0.4   67256.   0.8  568.   1.9  -1.4 0.066    7279.   0.1    2.   1.4   1.0 0.006  0.54   0.11   0.34   5.8  5.1 0.0357 27 139   -73  12 170.3  155  -141    14   0.5 0.008697 999999.99 99999.99 99999.99 99999.99 99999.99 99999.99  0
2001 330  8 2297 71 71  16  16   4.4   4.3  -6.5 327.4   3.6  -2.3  -0.5  -2.3   0.3   0.0   0.9   0.4   0.7   0.5   65022.   0.8  571.  -0.8  -1.6 0.085    5202.   0.0    7.   1.2   0.9 0.016  0.58  -0.17   0.33   5.8  5.1 0.0353 27 139   -67  12 170.3  123   -94    30   0.7 0.008697 999999.99 99999.99 99999.99 99999.99 99999.99 99999.99  0
2001 330  9 2297 71 71  14  14   4.5   4.4  -9.8 313.0   3.0  -3.2  -0.8  -3.3   0.4   0.0   0.6   0.3   0.2   0.5   63273.   0.8  576.  -2.3  -2.0 0.099    5280.   0.1    8.   0.5   0.8 0.012  0.62  -0.23   0.31   5.7  5.1 0.0363 17 139   -63   6 170.3   67   -23    45   0.2 0.008697 999999.99 99999.99 99999.99 99999.99 99999.99 99999.99  0
2001 330 10 2297 71 71  16  16   4.6   4.5  -2.1 308.1   2.8  -3.5  -0.2  -3.3   1.1   0.0   0.7   0.5   0.4   0.4   63331.   0.8  576.  -2.8  -1.1 0.091    8657.   0.0    7.   1.0   0.6 0.011  0.60  -0.63   0.30   5.6  5.0 0.0379 17 139   -60   6 170.3   52   -16    36  -0.1 0.008697 999999.99 99999.99 99999.99 99999.99 99999.99 99999.99  0
2001 330 11 2297 71 71  14  14   4.6   4.5   2.8 329.7   3.9  -2.3   0.2  -2.1   1.0   0.0   0.8   0.4   0.6   0.3   91277.   0.8  553.  -0.4  -0.6 0.072   10955.   0.0    8.   1.2   0.5 0.012  0.53  -0.55   0.35   5.4  4.7 0.0412 17 139   -57   6 170.3   33   -20    13   0.1 0.008697 999999.99 99999.99 99999.99 99999.99 99999.99 99999.99  0
2001 330 12 2297 71 71  15  15   4.6   4.6   1.1 329.0   3.9  -2.4   0.1  -2.2   0.9   0.0   0.5   0.2   0.3   0.4   98048.   0.9  549.  -0.7  -0.8 0.089    6425.   0.0    4.   0.5   0.7 0.016  0.61  -0.49   0.40   5.7  4.9 0.0371  7 139   -56   3 170.3   33   -26     8  -0.0 0.008697 999999.99 99999.99 99999.99 99999.99 99999.99 99999.99  0
2001 330 13 2297 71 71  15  15   4.6   4.6  -4.6 337.2   4.2  -1.8  -0.4  -1.8   0.2   0.0   0.3   0.1   0.2   0.2  113827.   0.9  539.  -0.0  -1.5 0.085    5105.   0.0    2.   0.4   0.4 0.013  0.59  -0.11   0.43   5.6  4.7 0.0385  7 139   -54   3 170.3   31   -30     1   0.4 0.008697 999999.99 99999.99 99999.99 99999.99 99999.99 99999.99  0
2001 330 14 2297 71 71  15  15   4.5   4.5  -3.6 331.5   4.0  -2.1  -0.3  -2.1   0.3   0.0   0.4   0.1   0.2   0.4  122762.   1.0  541.  -0.6  -1.3 0.077    4499.   0.0    2.   0.3   0.6 0.024  0.64  -0.16   0.52   6.0  5.0 0.0329  7 139   -50   3 170.3   64   -62     3   0.4 0.008697 999999.99 99999.99 99999.99 99999.99 99999.99 99999.99  0
2001 330 15 2297 71 71  15  15   4.5   4.5   7.3 334.9   4.0  -1.9   0.6  -1.7   1.0   0.0   0.5   0.1   0.3   0.3  128343.   1.0  535.  -0.2  -0.4 0.073    4246.   0.0    3.   0.5   0.4 0.040  0.62  -0.54   0.53   5.9  4.9 0.0337  3 139   -50   2 170.3   63   -54     9   0.5 0.008697 999999.99 99999.99 99999.99 99999.99 99999.99 99999.99  0
2001 330 16 2297 71 71  15  15   4.4   4.4   2.0 338.5   4.1  -1.6   0.2  -1.5   0.5   0.0   0.4   0.1   0.3   0.2  153192.   1.0  528.  -0.1  -1.4 0.066    8406.   0.0    3.   0.4   0.3 0.050  0.59  -0.26   0.60   6.0  4.9 0.0330  3 139   -50   2 170.3   38   -37     1   0.4 0.008697 999999.99 99999.99 99999.99 99999.99 99999.99 99999.99  0
2001 330 17 2297 71 71  14  14   4.4   4.4   0.4 352.8   4.4  -0.6   0.0  -0.6   0.1   0.0   0.4   0.0   0.2   0.4  177266.   0.9  521.   1.1  -1.4 0.092    7143.   0.0    2.   0.4   0.5 0.058  0.56  -0.05   0.59   5.6  4.6 0.0377  3 139   -48   2 170.3   29   -27     2   0.4 0.008697 999999.99 99999.99 99999.99 99999.99 99999.99 99999.99  0
2001 330 18 2297 71 71  15  15   4.4   4.4  -1.9   1.8   4.4   0.1  -0.1   0.1  -0.1   0.0   0.4   0.0   0.3   0.3  192508.   0.9  518.   2.1  -2.0 0.074    7672.   0.0    1.   0.6   0.4 0.052  0.52   0.05   0.62   5.6  4.5 0.0381  0 139   -45   0 170.3   28   -22     6   0.2 0.008697 999999.99 99999.99 99999.99 99999.99 99999.99 99999.99  0
2001 330 19 2297 71 71  15  15   4.5   4.4  -3.8 351.9   4.4  -0.6  -0.3  -0.6  -0.3   0.1   0.4   0.1   0.2   0.3  161417.   1.0  511.   1.2  -1.9 0.056   14602.   0.1    3.   0.3   0.4 0.035  0.53   0.15   0.60   5.7  4.6 0.0369  0 139   -45   0 170.3   25   -24     2   0.1 0.008697 999999.99 99999.99 99999.99 99999.99 99999.99 99999.99  0
2001 330 20 2297 71 71  15  15   4.8   4.7   5.0 340.4   4.4  -1.6   0.4  -1.6   0.4   0.0   0.7   0.2   0.5   0.4  119205.   1.2  503.   0.5  -1.1 0.059   16752.   0.1    2.   0.6   0.5 0.032  0.63  -0.20   0.54   5.7  4.7 0.0361  0 139   -45   0 170.3   35   -32     3   0.0 0.008697 999999.99 99999.99 99999.99 99999.99 99999.99 99999.99  0
2001 330 21 2297 71 71  15  15   4.9   4.8  14.9 333.6   4.2  -2.1   1.2  -2.1   1.2   0.1   0.7   0.2   0.5   0.5   87198.   1.3  497.   0.3   0.3 0.065   13166.   0.1    2.   0.5   0.8 0.037  0.68  -0.60   0.49   5.8  4.9 0.0356  7 139   -43   3 170.3   36   -30     5  -0.2 0.008697 999999.99 99999.99 99999.99 99999.99 99999.99 99999.99  0
2001 330 22 2297 71 71  15  15   5.0   4.8  -9.3 331.1   4.1  -2.3  -0.8  -2.3  -0.8   0.1   1.5   0.4   0.4   1.4   58358.   1.4  483.  -1.2  -2.2 0.082    7126.   0.1    3.   1.1   1.9 0.040  0.72   0.39   0.43   5.7  4.9 0.0364  7 139   -43   3 170.3   28   -25     3  -0.1 0.008697 999999.99 99999.99 99999.99 99999.99 99999.99 99999.99  0
2001 330 23 2297 71 71  14  14   5.1   4.8 -12.6 343.2   4.5  -1.3  -1.0  -1.3  -1.0   0.0   1.8   0.3   1.1   1.3   71829.   1.6  473.  -0.2  -2.2 0.077   13474.   0.2    4.   1.3   1.8 0.010  0.78   0.47   0.51   5.9  4.9 0.0346  7 139   -43   3 170.3   31   -23     8   0.5 0.008697 999999.99 99999.99 99999.99 99999.99 99999.99 99999.99  0
2001 331  0 2298 71 71  15  15   5.1   5.0   2.3 341.0   4.7  -1.6   0.2  -1.6   0.2   0.1   1.0   0.3   0.8   0.5   71763.   1.5  466.  -0.1  -0.8 0.071    9161.   0.1    5.   1.1   0.9 0.011  0.70  -0.09   0.48   5.6  4.7 0.0380  7 126   -50   3 185.3   44   -25    19   0.5 0.008636 999999.99 99999.99 99999.99 99999.99 99999.99 99999.99  0
2001 331  1 2298 71 71  15  15   5.0   4.7   3.9 349.4   4.6  -0.9   0.3  -0.9   0.3   0.1   1.5   0.3   1.3   0.6   82847.   1.6  464.   0.4  -0.4 0.074   15035.   0.2    3.   2.0   0.7 0.008  0.75  -0.14   0.56   5.9  4.8 0.0345  7 126   -55   3 185.3   42   -24    18   0.8 0.008636 999999.99 99999.99 99999.99 99999.99 99999.99 99999.99  0
2001 331  2 2298 71 71  15  15   5.2   5.0  -3.6 323.8   4.0  -3.0  -0.3  -3.0  -0.1   0.0   1.0   0.5   0.6   0.6   56299.   1.8  468.  -3.0  -1.1 0.074   10112.   0.2    7.   1.1   0.9 0.006  0.85   0.05   0.51   6.0  5.0 0.0326  7 126   -53   3 185.3   28   -18    10   0.3 0.008636 999999.99 99999.99 99999.99 99999.99 99999.99 99999.99  0
2001 331  3 2298 71 71  15  15   5.2   5.1  -2.5 331.9   4.5  -2.4  -0.2  -2.4   0.1   0.0   0.7   0.3   0.6   0.2   72069.   1.9  460.  -1.9  -0.8 0.100    8664.   0.1    4.   1.1   0.4 0.023  0.94  -0.05   0.59   6.1  5.0 0.0320  3 126   -48   2 185.3   26   -13    13  -0.1 0.008636 999999.99 99999.99 99999.99 99999.99 99999.99 99999.99  0
2001 331  4 2298 71 71  15  15   5.3   5.2   2.7 332.1   4.6  -2.4   0.2  -2.3   0.6   0.1   0.7   0.2   0.5   0.4   66719.   2.1  457.  -2.2   0.0 0.104    8733.   0.1    4.   0.6   0.5 0.024  1.04  -0.27   0.61   6.2  5.1 0.0305  3 126   -42   2 185.3   18   -12     6  -0.4 0.008636 999999.99 99999.99 99999.99 99999.99 99999.99 99999.99  0
2001 331  5 2298 71 71  15  15   5.6   5.5  11.4 320.5   4.1  -3.4   1.1  -3.1   1.9   0.1   0.9   0.6   0.6   0.2   52905.   2.4  464.  -2.9   1.4 0.100   10348.   0.2    5.   0.4   0.4 0.009  1.21  -0.88   0.58   6.4  5.2 0.0289  3 126   -37   2 185.3   19    -7    12  -0.4 0.008636 999999.99 99999.99 99999.99 99999.99 99999.99 99999.99  0
2001 331  6 2298 71 71  15  15   5.8   5.8  14.8 322.3   4.4  -3.4   1.5  -2.8   2.4   0.1   0.6   0.3   0.4   0.4   59456.   2.6  463.  -2.9   2.1 0.095    8100.   0.1    3.   0.4   0.3 0.010  1.28  -1.11   0.60   6.4  5.2 0.0287  0 126   -36   0 185.3   21    -6    15  -0.4 0.008636 999999.99 99999.99 99999.99 99999.99 99999.99 99999.99  0
2001 331  7 2298 71 71  15  15   5.8   5.6  11.1 289.5   1.8  -5.1   1.1  -4.5   2.7   0.0   1.5   1.2   0.7   0.4   25287.   3.0  478.  -2.8   1.7 0.074   11379.   0.2    9.   0.1   0.4 0.015  1.48  -1.29   0.57   7.1  5.8 0.0233  0 126   -33   0 185.3   31    -7    24  -0.4 0.008636 999999.99 99999.99 99999.99 99999.99 99999.99 99999.99  0
2001 331  8 2298 71 71  15  15   5.7   5.6   9.4 279.8   0.9  -5.5   0.9  -4.8   2.7   0.1   0.6   0.4   0.1   0.4   18613.   3.3  482.  -3.0   1.4 0.073    1230.   0.3    3.   0.1   0.4 0.012  1.65  -1.30   0.62   7.7  6.2 0.0202  0 126   -29   0 185.3   37    -9    28  -0.4 0.008636 999999.99 99999.99 99999.99 99999.99 99999.99 99999.99  0
2001 331  9 2298 71 71  15  15   6.0   5.9   4.2 288.4   1.9  -5.6   0.4  -5.1   2.4   0.1   0.6   0.5   0.1   0.3   13748.   2.5  468.  -3.0   1.4 0.042    2243.   0.4    4.   0.2   0.5 0.009  1.07  -1.12   0.41   6.2  5.3 0.0313  3 126   -31   2 185.3   39   -16    23  -0.3 0.008636 999999.99 99999.99 99999.99 99999.99 99999.99 99999.99  0
2001 331 10 2298 71 71  15  15   6.0   5.9   4.4 291.7   2.2  -5.5   0.5  -4.9   2.5   0.0   0.5   0.4   0.2   0.2   15418.   2.1  465.  -3.4   0.8 0.038    1766.   0.4    6.   0.3   0.5 0.006  0.87  -1.16   0.35   5.6  4.9 0.0377  3 126   -30   2 185.3   35   -17    18  -0.2 0.008636 999999.99 99999.99 99999.99 99999.99 99999.99 99999.99  0
2001 331 11 2298 71 71  14  14   5.8   5.8   2.7 302.3   3.1  -4.9   0.3  -4.5   2.0   0.1   0.3   0.3   0.2   0.2   23017.   2.2  454.  -3.2   0.1 0.040    2552.   0.1    3.   0.3   0.4 0.007  0.88  -0.91   0.41   5.8  5.0 0.0353  3 126   -30   2 185.3   41   -19    23  -0.2 0.008636 999999.99 99999.99 99999.99 99999.99 99999.99 99999.99  0
2001 331 12 2298 71 71  15  15   5.9   5.9   4.3 306.4   3.5  -4.7   0.4  -4.3   2.0   0.0   0.5   0.4   0.3   0.2   27719.   2.3  451.  -3.2   0.5 0.042    7000.   0.2    3.   0.2   0.3 0.008  0.91  -0.90   0.43   5.8  5.0 0.0354  0 126   -30   0 185.3   39   -20    19  -0.1 0.008636 999999.99 99999.99 99999.99 99999.99 99999.99 99999.99  0
2001 331 13 2298 71 71  15  15   5.6   5.5   1.8 320.6   4.3  -3.5   0.2  -3.3   1.3   0.1   0.4   0.3   0.1   0.3   62866.   2.2  448.  -2.5   0.1 0.056    6310.   0.1    1.   0.2   0.2 0.018  0.90  -0.58   0.56   5.9  4.9 0.0338  0 126   -29   0 185.3   29   -20     9  -0.1 0.008636 999999.99 99999.99 99999.99 99999.99 99999.99 99999.99  0
2001 331 14 2298 71 71  15  15   5.3   5.3  -0.4 320.4   4.1  -3.4   0.0  -3.3   0.9   0.0   0.4   0.1   0.1   0.3   58038.   2.0  444.  -2.6  -0.1 0.073    3206.   0.0    1.   0.1   0.4 0.015  0.85  -0.40   0.55   5.9  4.9 0.0339  0 126   -28   0 185.3   22   -22     0   0.0 0.008636 999999.99 99999.99 99999.99 99999.99 99999.99 99999.99  0
2001 331 15 2298 71 71  15  15   5.3   5.0  -2.2 312.8   3.4  -3.7  -0.2  -3.6   0.6   0.1   1.4   0.9   0.6   0.9   53016.   2.0  448.  -2.8   0.4 0.069    9234.   0.2    9.   1.0   1.3 0.023  0.86  -0.27   0.54   6.0  4.9 0.0333  7 126   -26   3 185.3   30   -28     2   0.1 0.008636 999999.99 99999.99 99999.99 99999.99 99999.99 99999.99  0
2001 331 16 2298 71 71  15  15   5.2   5.0 -15.7 310.2   3.1  -3.7  -1.4  -3.9  -0.7   0.2   1.1   0.5   0.5   0.9   50220.   2.2  450.  -3.4  -1.2 0.078   16716.   0.2    5.   1.0   1.1 0.011  0.98   0.32   0.60   6.4  5.2 0.0289  7 126   -27   3 185.3   55   -49     6   0.8 0.008636 999999.99 99999.99 99999.99 99999.99 99999.99 99999.99  0
2001 331 17 2298 71 71  15  15   5.1   5.0   2.7 323.0   4.0  -3.0   0.2  -2.9   0.6   0.1   1.0   0.4   0.4   0.9   78730.   2.1  440.  -2.1   0.7 0.092   11930.   0.1    4.   0.7   1.1 0.000  0.93  -0.26   0.70   6.3  4.9 0.0304  7 126   -27   3 185.3   62   -48    14   0.5 0.008636 999999.99 99999.99 99999.99 99999.99 99999.99 99999.99  0
2001 331 18 2298 71 71  15  15   5.4   5.2  -1.1 322.2   4.1  -3.2  -0.1  -3.2   0.2   0.1   1.1   0.4   0.8   0.7   83264.   2.2  440.  -2.5   0.1 9.999   17568.   0.2    5.   1.2   0.8 9.999  0.85  -0.09   0.66   6.0  4.8 0.0326  7 126   -25   3 185.3   42   -35     7   0.5 0.008636 999999.99 99999.99 99999.99 99999.99 99999.99 99999.99  0
2001 331 19 2298 71 71  15  15   5.3   5.2  -1.1 324.6   4.2  -3.0  -0.1  -3.0   0.0   0.0   1.3   0.6   0.9   0.6   95582.   2.3  435.  -2.0  -0.3 0.077   25956.   0.1    7.   1.3   1.0 0.014  0.95  -0.00   0.76   6.2  4.8 0.0307  7 126   -25   3 185.3   37   -28     9   0.4 0.008636 999999.99 99999.99 99999.99 99999.99 99999.99 99999.99  0
2001 331 20 2298 71 71  15  15   5.4   5.2   7.0 340.9   4.9  -1.7   0.6  -1.7   0.6   0.1   1.0   0.2   0.8   0.5  139554.   2.4  429.   0.3   0.5 0.075   16144.   0.2    2.   0.8   0.6 0.023  0.96  -0.26   0.92   6.2  4.6 0.0314  7 126   -25   3 185.3   30   -15    14   0.2 0.008636 999999.99 99999.99 99999.99 99999.99 99999.99 99999.99  0
2001 331 21 2298 71 71  15  15   5.4   5.0  -8.0 317.6   3.7  -3.4  -0.7  -3.4  -0.7   0.1   1.7   1.1   0.8   1.0   89899.   2.4  435.  -1.6  -0.3 0.072   27733.   0.2    7.   1.3   1.3 0.021  0.98   0.30   0.75   6.2  4.9 0.0305 10 126   -26   4 185.3   25   -14    11   0.1 0.008636 999999.99 99999.99 99999.99 99999.99 99999.99 99999.99  0
2001 331 22 2298 71 71  15  15   5.0   3.9   2.5 327.0   3.3  -2.1   0.2  -2.1   0.2   0.2   3.0   1.1   2.3   1.5   99308.   2.7  442.  -1.1  -0.2 0.073   42178.   0.3    5.   2.5   1.0 0.012  1.14  -0.09   1.02   7.3  5.3 0.0225 10 126   -26   4 185.3   33   -16    17   0.3 0.008636 999999.99 99999.99 99999.99 99999.99 99999.99 99999.99  0
2001 331 23 2298 71 71  15  15   5.1   4.5  13.2 312.0   2.9  -3.2   1.0  -3.2   0.9   0.1   2.2   1.3   1.2   1.3   83878.   2.8  443.  -0.8   0.7 0.079   21478.   0.1    7.   1.3   0.8 0.006  1.21  -0.40   0.95   7.3  5.4 0.0225 10 126   -28   4 185.3   37   -18    19  -0.0 0.008636 999999.99 99999.99 99999.99 99999.99 99999.99 99999.99  0
2001 332  0 2298 71 71  15  15   5.1   4.7   0.0 343.4   4.5  -1.4   0.0  -1.4   0.0   0.1   1.6   0.7   1.4   0.4  129455.   2.8  430.   0.5  -0.4 0.086   24036.   0.2    6.   1.6   0.4 0.017  1.16  -0.00   1.15   7.1  5.0 0.0239  3 177   -30   2 193.1   37   -18    19   0.3 0.008617 999999.99 99999.99 99999.99 99999.99 99999.99 99999.99  0
2001 332  1 2298 71 71  14  14   5.8   5.7   4.9   1.3   5.6   0.1   0.5   0.1   0.5   0.3   1.3   0.5   1.1   0.2  118036.   2.4  422.   2.2   0.1 0.061    9082.   0.3    5.   1.4   0.3 0.024  0.89  -0.21   0.73   5.6  4.4 0.0374  3 177   -31   2 193.1   34   -18    16   0.4 0.008617 999999.99 99999.99 99999.99 99999.99 99999.99 99999.99  0
2001 332  2 2298 71 71  15  15   5.9   5.9   2.7 355.5   5.8  -0.5   0.3  -0.5   0.3   0.0   0.4   0.0   0.3   0.2  131473.   2.3  415.   1.9  -0.1 0.069    9873.   0.1    2.   0.6   0.2 0.020  0.84  -0.12   0.71   5.3  4.2 0.0418  3 177   -33   2 193.1   25   -17     8   0.2 0.008617 999999.99 99999.99 99999.99 99999.99 99999.99 99999.99  0
2001 332  3 2298 71 71  15  15   5.7   5.7  -0.4   0.1   5.7   0.0   0.0   0.0   0.0   0.2   0.5   0.2   0.4   0.2  119051.   2.3  412.   2.4  -1.0 0.080    5233.   0.1    1.   0.6   0.5 0.003  0.86  -0.00   0.73   5.5  4.3 0.0396  0 177   -33   0 193.1   16   -13     2   0.0 0.008617 999999.99 99999.99 99999.99 99999.99 99999.99 99999.99  0
2001 332  4 2298 71 71  15  15   5.3   5.3  -3.0 351.1   5.2  -0.8  -0.3  -0.8  -0.2   0.1   0.4   0.1   0.4   0.2  108281.   2.2  410.   0.9  -1.2 0.072    4261.   0.1    1.   0.7   0.2 0.005  0.80   0.08   0.77   5.7  4.4 0.0361  0 177   -32   0 193.1   14   -11     3   0.0 0.008617 999999.99 99999.99 99999.99 99999.99 99999.99 99999.99  0
2001 332  5 2298 71 71  15  15   5.2   5.2  -6.3 351.3   5.1  -0.8  -0.6  -0.9  -0.4   0.1   0.2   0.1   0.1   0.2   83332.   2.4  409.   0.6  -1.5 0.065   10189.   0.2    1.   0.1   0.2 0.005  0.84   0.16   0.78   6.1  4.7 0.0320  0 177   -28   0 193.1   12    -8     4  -0.2 0.008617 999999.99 99999.99 99999.99 99999.99 99999.99 99999.99  0
2001 332  6 2298 71 71  15  15   5.8   5.8   1.1 347.2   5.7  -1.3   0.1  -1.2   0.4   0.2   0.3   0.2   0.2   0.2   78333.   2.7  406.   0.7  -0.7 0.063    4312.   0.1    0.   0.1   0.3 0.010  0.93  -0.16   0.69   5.8  4.6 0.0360  3 177   -25   2 193.1   12    -7     6  -0.2 0.008617 999999.99 99999.99 99999.99 99999.99 99999.99 99999.99  0
2001 332  7 2298 71 71  15  15   5.8   5.7   3.6 335.3   5.2  -2.4   0.4  -2.2   1.1   0.1   0.8   0.4   0.7   0.1   89136.   2.6  410.  -0.7  -1.4 0.062    6054.   0.1    4.   0.7   0.4 0.008  0.91  -0.45   0.70   5.7  4.5 0.0366  3 177   -20   2 193.1   13    -4     9  -0.2 0.008617 999999.99 99999.99 99999.99 99999.99 99999.99 99999.99  0
2001 332  8 2298 71 71  16  16   5.6   5.6   1.8 312.0   3.7  -4.1   0.2  -3.8   1.6   0.1   0.8   0.5   0.5   0.4   56168.   2.6  418.  -2.7  -1.9 0.065   10337.   0.3    4.   0.6   0.3 0.006  0.96  -0.67   0.64   6.0  4.8 0.0328  3 177   -17   2 193.1   19    -7    12  -0.3 0.008617 999999.99 99999.99 99999.99 99999.99 99999.99 99999.99  0
2001 332  9 2298 71 71  14  14   6.1   5.6   7.4 308.9   3.5  -4.3   0.7  -3.8   2.2   0.0   2.3   1.4   1.2   1.3   51717.   2.7  418.  -1.7   0.1 0.078   19442.   0.2   13.   1.8   1.4 0.009  1.03  -0.92   0.54   5.6  4.6 0.0375  0 177   -16   0 193.1   31   -11    21  -0.2 0.008617 999999.99 99999.99 99999.99 99999.99 99999.99 99999.99  0
2001 332 10 2298 71 71  15  15   6.1   5.9  16.3 338.5   5.3  -2.1   1.7  -1.3   2.3   0.1   1.2   0.2   1.1   0.5   94426.   2.2  411.   0.5   0.6 0.080   21289.   0.1    8.   0.7   0.5 0.014  0.82  -0.95   0.55   5.0  4.1 0.0476  0 177   -17   0 193.1   28   -15    13  -0.3 0.008617 999999.99 99999.99 99999.99 99999.99 99999.99 99999.99  0
2001 332 11 2298 71 71  10  10   6.2   6.0   3.4 347.3   5.8  -1.3   0.4  -1.1   0.8   0.2   1.5   0.3   0.1   1.5  137328.   1.9  417.   0.2  -0.1 0.078   11809.   0.1    3.   0.1   0.2 0.048  0.72  -0.33   0.55   4.6  3.8 0.0554  0 177   -16   0 193.1   33   -18    15  -0.1 0.008617 999999.99 99999.99 99999.99 99999.99 99999.99 99999.99  0
2001 332 12 2298 71 71  15  15   5.7   5.4  -5.9 330.3   4.7  -2.7  -0.6  -2.7   0.3   0.1   1.6   0.8   1.0   0.9   83502.   2.4  406.  -0.5  -1.4 0.088   24648.   0.3    8.   0.9   1.0 0.051  0.89  -0.12   0.65   5.5  4.4 0.0391  7 177   -16   3 193.1   41   -20    21   0.1 0.008617 999999.99 99999.99 99999.99 99999.99 99999.99 99999.99  0
2001 332 13 2298 71 71  15  15   5.9   5.9   0.9 325.9   4.9  -3.3   0.1  -3.1   1.1   0.0   0.6   0.3   0.4   0.4   55077.   2.5  401.  -1.9  -1.3 0.064    6290.   0.2    4.   0.4   0.4 0.016  0.84  -0.44   0.55   5.4  4.4 0.0412  7 177   -16   3 193.1   48   -23    24  -0.0 0.008617 999999.99 99999.99 99999.99 99999.99 99999.99 99999.99  0
2001 332 14 2298 71 71  14  14   5.7   5.6  13.5 331.6   4.8  -2.6   1.3  -2.2   1.9   0.2   0.9   0.1   0.8   0.5   50734.   2.2  396.  -1.6  -0.5 0.060    7865.   0.3    4.   0.6   0.5 0.007  0.71  -0.75   0.50   5.2  4.3 0.0448  7 177   -15   3 193.1   60   -34    26   0.1 0.008617 999999.99 99999.99 99999.99 99999.99 99999.99 99999.99  0
2001 332 15 2298 71 71  16  16   5.2   5.0   0.7 316.6   3.6  -3.4   0.1  -3.3   0.8   0.2   1.1   0.6   0.7   0.5   76441.   1.9  413.  -4.8  -2.2 0.097   17978.   0.2   14.   2.6   1.0 0.029  0.75  -0.33   0.60   5.5  4.4 0.0397 10 177   -13   4 193.1   44   -23    22   0.2 0.008617 999999.99 99999.99 99999.99 99999.99 99999.99 99999.99  0
2001 332 16 2298 71 71  16  16   5.5   5.1  -1.5 308.1   3.1  -4.0  -0.1  -4.0   0.6   0.2   2.1   1.2   1.4   1.0   54721.   2.2  425.  -6.5  -3.4 0.097   20696.   0.2   17.   1.5   1.2 0.029  0.92  -0.26   0.55   5.7  4.7 0.0362 10 177   -13   4 193.1   44   -24    21   0.4 0.008617 999999.99 99999.99 99999.99 99999.99 99999.99 99999.99  0
2001 332 17 2298 71 71  15  15   5.8   5.7  -2.0 306.6   3.4  -4.5  -0.2  -4.5   0.4   0.1   1.1   0.6   0.4   0.9   51303.   2.4  431.  -6.0  -4.0 0.071    6432.   0.5    6.   0.9   0.7 0.009  0.96  -0.17   0.53   5.8  4.8 0.0359 10 177   -14   4 193.1   52   -23    29   0.6 0.008617 999999.99 99999.99 99999.99 99999.99 99999.99 99999.99  0
2001 332 18 2298 71 71  14  14   5.6   5.1   2.2 325.7   4.2  -2.9   0.2  -2.9   0.4   0.1   2.0   1.4   1.2   0.8  104780.   2.8  423.  -3.3  -3.6 0.064   36190.   0.3   11.   1.6   0.6 0.010  1.05  -0.17   0.87   6.3  4.8 0.0298  7 177   -13   3 193.1   37   -18    18   0.2 0.008617 999999.99 99999.99 99999.99 99999.99 99999.99 99999.99  0
2001 332 19 2298 71 71  15  15   5.8   5.5  22.7 355.3   5.0  -0.4   2.1  -0.3   2.1   0.1   1.6   0.4   1.0   1.2  126355.   2.7  411.  -0.9  -2.6 0.084   33959.   0.2    5.   1.2   1.2 0.008  1.02  -0.86   0.85   5.8  4.4 0.0351  7 177   -13   3 193.1   35   -15    20  -0.2 0.008617 999999.99 99999.99 99999.99 99999.99 99999.99 99999.99  0
2001 332 20 2298 71 71  15  15   6.1   5.1  28.4 321.7   3.5  -2.8   2.4  -2.8   2.4   0.2   3.1   1.2   2.4   1.4   77429.   2.4  421.  -1.1  -2.2 0.060   18368.   0.1    6.   1.9   0.8 0.010  0.88  -1.01   0.55   5.3  4.4 0.0416  7 177   -13   3 193.1   24   -13    10  -0.1 0.008617 999999.99 99999.99 99999.99 99999.99 99999.99 99999.99  0
2001 332 21 2298 71 71  17  17   5.9   4.2  -1.3 269.4   0.0  -4.2  -0.1  -4.2  -0.2   0.2   3.9   3.3   1.1   1.6   79745.   3.4  450.  -0.6  -4.6 0.031   12389.   0.6   32.   1.4   1.9 0.010  1.29   0.09   0.85   7.0  5.3 0.0241 13 177   -12   5 193.1   27   -13    15   0.1 0.008617 999999.99 99999.99 99999.99 99999.99 99999.99 99999.99  0
2001 332 22 2298 71 71  14  14   5.9   5.3   3.2 256.9  -1.2  -5.1   0.3  -5.1   0.2   0.3   2.4   2.0   0.6   1.2   73896.   3.6  448.  -0.2  -4.1 0.039   15027.   0.3   18.   1.2   1.2 0.010  1.39  -0.09   0.87   7.2  5.4 0.0229 13 177   -14   5 193.1   48   -21    27   0.4 0.008617 999999.99 99999.99 99999.99 99999.99 99999.99 99999.99  0
2001 332 23 2298 71 71  15  15   5.6   4.5   1.6 268.6  -0.1  -4.5   0.1  -4.5   0.0   0.1   2.7   2.3   1.1   1.1  102854.   3.6  438.   0.4  -4.0 0.048   15371.   0.4   11.   0.9   0.9 0.004  1.37  -0.00   1.10   7.4  5.3 0.0216 13 177   -15   5 193.1   56   -31    26   0.9 0.008617 999999.99 99999.99 99999.99 99999.99 99999.99 99999.99  0
2001 333  0 2298 71 71  15  15   5.2   4.9  21.6 339.4   4.3  -1.6   1.8  -1.6   1.8   0.4   1.5   0.6   1.2   0.6  147123.   4.0  427.   2.6  -4.5 0.055   21432.   0.2    5.   1.1   0.9 0.008  1.49  -0.77   1.70   8.2  5.2 0.0176 13 191   -15   5 210.5   32   -13    19   0.5 0.008946 999999.99 99999.99 99999.99 99999.99 99999.99 99999.99  0
2001 333  1 2298 71 71  15  15   4.7   4.0   3.3 274.0   0.3  -4.0   0.2  -4.0   0.3   0.1   2.4   2.1   0.7   0.8  154082.   3.7  446.  -0.3  -5.5 0.050    5205.   0.2   11.   1.0   0.6 0.004  1.47  -0.13   1.97   9.1  5.6 0.0143 13 191   -15   5 210.5   26    -8    18   0.3 0.008946 999999.99 99999.99 99999.99 99999.99 99999.99 99999.99  0
2001 333  2 2298 71 71  15  15   4.4   3.9 -16.6 276.7   0.4  -3.7  -1.1  -3.8  -0.9   0.3   1.7   1.1   0.5   1.2  146572.   3.6  444.  -1.2  -6.4 0.047   11887.   0.2    6.   0.5   1.0 0.004  1.41   0.40   2.13   9.6  5.7 0.0130 13 191   -17   5 210.5   31    -7    24   0.5 0.008946 999999.99 99999.99 99999.99 99999.99 99999.99 99999.99  0
2001 333  3 2298 71 71  15  15   4.5   3.8 -10.8 266.5  -0.2  -3.7  -0.7  -3.8  -0.3   0.4   2.2   1.6   0.9   1.2  132299.   3.5  442.  -1.0  -5.7 0.048    9534.   0.3    9.   0.9   1.2 0.005  1.36   0.13   1.87   9.2  5.7 0.0141  3 191   -19   2 210.5   37    -6    31   0.1 0.008946 999999.99 99999.99 99999.99 99999.99 99999.99 99999.99  0
2001 333  4 2298 71 71  15  15   4.9   4.3   6.4 244.6  -1.8  -3.9   0.5  -3.8   1.1   0.2   2.0   1.2   0.6   1.5  139823.   3.5  446.  -0.4  -4.7 0.054   12535.   0.3    6.   0.5   1.1 0.006  1.41  -0.49   1.63   8.5  5.5 0.0164  3 191   -20   2 210.5   49   -12    37   0.1 0.008946 999999.99 99999.99 99999.99 99999.99 99999.99 99999.99  0
2001 333  5 2298 71 71  15  15   4.4   3.1   4.0 262.4  -0.4  -3.1   0.2  -3.0   0.9   0.6   3.1   2.0   1.3   1.9  131801.   3.4  435.   0.0  -4.8 0.052   12389.   0.4    8.   1.4   1.1 0.009  1.30  -0.39   1.90   9.1  5.6 0.0143  3 191   -18   2 210.5   46    -7    39  -0.0 0.008946 999999.99 99999.99 99999.99 99999.99 99999.99 99999.99  0
2001 333  6 2298 71 71  15  15   5.1   5.0 -21.5 241.7  -2.2  -4.1  -1.8  -4.4  -0.7   0.3   0.8   0.5   0.3   0.6  115508.   3.0  442.  -1.1  -6.2 0.043   10033.   0.1    2.   0.4   0.7 0.006  1.15   0.31   1.17   7.5  5.3 0.0211 13 191   -18   5 210.5   36    -3    33  -0.0 0.008946 999999.99 99999.99 99999.99 99999.99 99999.99 99999.99  0
2001 333  7 2298 71 71  15  15   5.5   5.0 -29.5 245.6  -1.8  -4.0  -2.5  -4.6  -1.2   0.2   1.8   0.7   0.9   1.4  106429.   3.0  441.  -0.7  -7.1 0.044    5517.   0.3    6.   0.3   0.9 0.006  1.15   0.53   0.97   6.9  5.1 0.0247 13 191   -19   5 210.5   70   -29    41   0.4 0.008946 999999.99 99999.99 99999.99 99999.99 99999.99 99999.99  0
2001 333  8 2298 71 71  15  15   5.6   4.4 -12.9 241.9  -2.0  -3.8  -1.0  -3.9   0.3   0.2   3.2   1.9   1.4   2.2  106404.   3.3  433.  -1.1  -6.0 0.036    6208.   0.2    7.   0.5   0.8 0.004  1.18  -0.13   1.03   7.0  5.1 0.0241 13 191   -17   5 210.5   97   -44    52   0.7 0.008946 999999.99 99999.99 99999.99 99999.99 99999.99 99999.99  0
2001 333  9 2298 71 71  14  14   4.8   4.1  -3.3 273.9   0.3  -4.1  -0.2  -3.9   1.2   0.3   2.2   1.3   0.5   1.7  115153.   3.2  427.  -1.5  -5.9 0.045   11972.   0.1    6.   0.4   0.8 0.004  1.15  -0.51   1.41   8.0  5.3 0.0188 10 191   -17   4 210.5   75   -17    57   0.4 0.008946 999999.99 99999.99 99999.99 99999.99 99999.99 99999.99  0
2001 333 10 2298 71 71  16  16   4.8   4.4  49.6 319.6   2.2  -1.8   3.3  -0.5   3.7   0.2   1.4   0.4   1.2   0.6  102577.   3.3  417.   1.4  -4.1 0.056    3780.   0.2    3.   1.2   0.4 0.004  1.17  -1.54   1.38   7.9  5.3 0.0191 10 191   -17   4 210.5   42    -9    33  -0.1 0.008946 999999.99 99999.99 99999.99 99999.99 99999.99 99999.99  0
2001 333 11 2298 71 71  15  15   4.6   2.6 -15.6 294.1   1.0  -2.3  -0.7  -2.4   0.1   0.2   3.6   1.2   1.4   3.0   90011.   3.0  418.   0.6  -5.9 0.046    6831.   0.1    5.   1.8   1.3 0.009  1.04  -0.04   1.29   7.9  5.4 0.0192 10 191   -16   4 210.5   29   -12    18   0.2 0.008946 999999.99 99999.99 99999.99 99999.99 99999.99 99999.99  0
2001 333 12 2298 71 71  14  14   4.8   4.2  -9.4 258.2  -0.9  -4.1  -0.7  -4.1   0.7   0.2   2.0   0.5   0.8   1.8   77781.   3.1  426.  -0.8  -4.5 0.044    5260.   0.1    4.   1.5   1.3 0.008  1.10  -0.30   1.15   7.8  5.5 0.0195  7 191   -17   3 210.5   28   -13    15   0.5 0.008946 999999.99 99999.99 99999.99 99999.99 99999.99 99999.99  0
2001 333 13 2298 71 71  15  15   4.0   3.4  -6.6 307.7   2.1  -2.6  -0.4  -2.6   0.4   0.2   1.9   1.1   0.5   1.5   88762.   2.8  410.  -0.2  -5.0 0.045    5952.   0.2    6.   1.1   1.2 0.004  0.93  -0.16   1.58   8.6  5.6 0.0162  7 191   -16   3 210.5   35   -20    15   0.3 0.008946 999999.99 99999.99 99999.99 99999.99 99999.99 99999.99  0
2001 333 14 2298 71 71  15  15   3.8   2.4  28.5 309.1   1.3  -1.7   1.2  -1.3   1.6   0.2   2.5   1.4   1.2   1.7   79457.   2.8  411.   1.7  -3.6 0.044    8144.   0.1   11.   1.9   1.4 0.004  0.93  -0.66   1.68   9.0  5.8 0.0145  7 191   -12   3 210.5   61   -41    21   0.2 0.008946 999999.99 99999.99 99999.99 99999.99 99999.99 99999.99  0
2001 333 15 2298 71 71   7   7   3.8   3.7   0.8 315.8   2.6  -2.6   0.1  -2.5   0.7   0.1   0.5   0.2   0.2   0.3   82472.   2.9  401.  -0.4  -4.5 0.042    2155.   0.1    1.   0.2   0.4 0.004  0.91  -0.28   1.76   9.0  5.7 0.0147  3 191   -12   2 210.5   46   -21    25   0.4 0.008946 999999.99 99999.99 99999.99 99999.99 99999.99 99999.99  0
2001 333 16 2298 71 71   2   2   3.6   3.4   5.2 301.0   1.8  -2.9   0.3  -2.8   0.8   0.0   0.8   0.5   0.5   0.3   62308.   3.4  402.   0.1  -4.6 0.046    2014.   0.1    1.   0.0   0.2 0.004  1.09  -0.32   2.08  10.3  6.2 0.0112  3 191   -14   2 210.5   48   -22    26   0.2 0.008946 999999.99 99999.99 99999.99 99999.99 99999.99 99999.99  0
2001 333 17 2298 71 71  15  15   3.9   3.4  54.0 325.7   1.7  -1.1   2.8  -0.8   2.9   0.2   1.7   1.0   0.9   1.0   48413.   4.0  399.   1.2  -2.0 0.045   10053.   0.4    6.   0.7   0.7 0.004  1.25  -1.16   1.93  10.2  6.3 0.0114  3 191   -14   2 210.5   30   -20    10   0.1 0.008946 999999.99 99999.99 99999.99 99999.99 99999.99 99999.99  0
2001 333 18 2298 71 71  14  14   4.0   3.9  -0.1 303.2   2.2  -3.3   0.0  -3.3   0.2   0.2   0.7   0.4   0.2   0.5   44563.   4.3  394.  -0.5  -3.7 0.036    1717.   0.3    2.   0.4   0.4 0.008  1.28  -0.08   1.93  10.2  6.3 0.0114  3 191   -14   2 210.5   25   -15    10   0.2 0.008946 999999.99 99999.99 99999.99 99999.99 99999.99 99999.99  0
2001 333 19 2298 71 71  15  15   3.7   3.4  31.3 305.6   1.7  -2.4   1.8  -2.3   1.9   0.1   1.1   0.7   0.4   0.7   44858.   4.3  393.   0.4  -2.8 0.036    6639.   0.2    3.   0.3   0.5 0.005  1.27  -0.75   2.26  11.0  6.4 0.0098  3 191   -14   2 210.5   22   -12    10   0.1 0.008946 999999.99 99999.99 99999.99 99999.99 99999.99 99999.99  0
2001 333 20 2298 71 71  15  15   4.0   3.7  14.2 295.0   1.5  -3.3   0.9  -3.3   0.9   0.2   1.2   0.8   0.3   0.8   41088.   4.1  392.  -0.4  -3.3 0.037    3144.   0.3    4.   0.3   0.5 0.006  1.21  -0.35   1.81   9.9  6.2 0.0121  3 191   -14   2 210.5   26   -14    12   0.1 0.008946 999999.99 99999.99 99999.99 99999.99 99999.99 99999.99  0
2001 333 21 2298 71 71  15  15   4.2   4.0   9.5 273.9   0.3  -4.0   0.7  -4.0   0.6   0.1   0.7   0.6   0.1   0.3   37058.   3.8  392.  -1.0  -3.2 0.043    3043.   0.2    3.   0.5   0.5 0.005  1.14  -0.24   1.48   9.1  6.0 0.0144  0 191   -14   0 210.5   30   -17    13   0.1 0.008946 999999.99 99999.99 99999.99 99999.99 99999.99 99999.99  0
2001 333 22 2298 71 71  15  15   4.2   4.0  -1.1 286.4   1.1  -3.8  -0.1  -3.8  -0.2   0.2   1.2   1.1   0.1   0.4   35034.   3.8  383.  -0.8  -3.7 0.038    4471.   0.2    8.   0.4   0.4 0.002  1.07   0.08   1.46   8.9  5.9 0.0151  0 191   -15   0 210.5   26   -11    14   0.1 0.008946 999999.99 99999.99 99999.99 99999.99 99999.99 99999.99  0
2001 333 23 2298 71 71  14  14   4.2   4.1 -11.6 295.7   1.7  -3.6  -0.8  -3.6  -0.9   0.2   1.1   1.0   0.3   0.5   31067.   3.8  376.  -1.3  -4.2 0.042    1963.   0.1    4.   0.3   0.5 0.003  1.05   0.34   1.43   8.7  5.8 0.0156  0 191   -17   0 210.5   32   -12    20   0.2 0.008946 999999.99 99999.99 99999.99 99999.99 99999.99 99999.99  0
2001 334  0 2298 71 71  16  16   3.8   3.5 -11.3 291.3   1.2  -3.2  -0.7  -3.2  -0.7   0.1   1.3   0.6   0.4   1.1   35070.   3.9  375.  -2.1  -4.0 0.053    3503.   0.2    4.   0.6   1.0 0.009  1.11   0.26   1.84   9.7  6.1 0.0125  7 201   -19   3 219.6   28    -9    19   0.3 0.009074 999999.99 99999.99 99999.99 99999.99 99999.99 99999.99  0
2001 334  1 2298 71 71  15  15   3.9   3.4 -27.5 282.4   0.6  -2.9  -1.6  -2.9  -1.6   0.1   1.8   1.5   0.8   0.5   37648.   3.9  376.  -2.3  -5.0 0.053    8410.   0.2   10.   0.9   0.8 0.006  1.12   0.60   1.77   9.5  6.0 0.0131  7 201   -22   3 219.6   29    -7    22   0.6 0.009074 999999.99 99999.99 99999.99 99999.99 99999.99 99999.99  0
2001 334  2 2298 71 71  15  15   3.8   3.0 -17.7 252.5  -0.9  -2.8  -0.9  -2.8  -0.8   0.1   2.0   1.8   0.5   0.8   43288.   4.2  383.  -1.6  -3.5 0.055    5553.   0.3   13.   0.5   1.2 0.005  1.26   0.31   2.08  10.3  6.2 0.0112  7 201   -22   3 219.6   25    -3    22   0.3 0.009074 999999.99 99999.99 99999.99 99999.99 99999.99 99999.99  0
2001 334  3 2298 71 71  15  15   3.8   3.0   8.5 275.4   0.3  -3.0   0.5  -2.9   0.8   0.1   2.0   0.8   0.5   1.8   33493.   4.3  373.  -1.9  -2.0 0.053    1709.   0.4    4.   0.9   1.8 0.011  1.21  -0.30   2.01  10.2  6.2 0.0115  3 201   -20   2 219.6   27    -6    21   0.0 0.009074 999999.99 99999.99 99999.99 99999.99 99999.99 99999.99  0
2001 334  4 2298 71 71  14  14   3.4   3.0  27.1 289.3   0.9  -2.5   1.4  -2.3   1.8   0.3   1.3   0.8   0.8   0.6   36221.   4.4  368.  -1.5  -1.5 0.049    5521.   0.4    5.   0.9   0.5 0.005  1.19  -0.66   2.61  11.4  6.3 0.0092  3 201   -16   2 219.6   34   -12    22  -0.1 0.009074 999999.99 99999.99 99999.99 99999.99 99999.99 99999.99  0
2001 334  5 2298 71 71  15  15   3.6   3.4  39.6 311.9   1.8  -2.0   2.2  -1.5   2.6   0.1   0.8   0.5   0.5   0.4   33434.   4.4  362.  -1.0  -0.7 0.046    4361.   0.2    3.   0.6   0.5 0.006  1.14  -0.94   2.29  10.5  6.1 0.0107  3 201   -13   2 219.6   34   -16    18  -0.2 0.009074 999999.99 99999.99 99999.99 99999.99 99999.99 99999.99  0
2001 334  6 2298 71 71  15  15   3.7   3.5  -1.2 310.4   2.2  -2.6  -0.1  -2.5   0.6   0.0   1.3   0.5   0.2   1.1   37083.   4.3  358.  -2.3  -2.6 0.052    5228.   0.1    2.   0.3   0.8 0.004  1.11  -0.21   2.16  10.0  5.9 0.0118  0 201   -13   0 219.6   38   -21    17  -0.1 0.009074 999999.99 99999.99 99999.99 99999.99 99999.99 99999.99  0
2001 334  7 2298 71 71  14  14   3.7   3.6  -6.2 294.8   1.5  -3.3  -0.4  -3.3   0.6   0.0   0.7   0.6   0.3   0.3   30302.   4.2  359.  -3.2  -2.7 0.053    2480.   0.1    3.   0.2   0.4 0.006  1.10  -0.22   2.03   9.9  6.0 0.0120  0 201   -12   0 219.6   40   -21    19  -0.2 0.009074 999999.99 99999.99 99999.99 99999.99 99999.99 99999.99  0
2001 334  8 2298 71 71  16  16   3.8   3.7  -9.7 294.6   1.5  -3.3  -0.6  -3.3   0.5   0.0   0.7   0.3   0.1   0.6   27601.   4.1  355.  -3.5  -2.9 0.048    1454.   0.1    1.   0.3   0.5 0.006  1.03  -0.18   1.84   9.5  5.9 0.0133  0 201   -13   0 219.6   32   -17    15  -0.2 0.009074 999999.99 99999.99 99999.99 99999.99 99999.99 99999.99  0
2001 334  9 2298 71 71  15  15   3.7   3.6 -22.2 284.9   0.9  -3.2  -1.4  -3.5  -0.2   0.1   0.7   0.3   0.4   0.6   25985.   4.2  357.  -3.6  -3.4 0.048     747.   0.1    2.   0.4   0.5 0.003  1.07   0.07   1.97   9.9  6.0 0.0122  3 201   -16   2 219.6   32   -14    18  -0.1 0.009074 999999.99 99999.99 99999.99 99999.99 99999.99 99999.99  0
2001 334 10 2298 71 71  15  15   3.7   3.6  -3.6 267.7  -0.1  -3.6  -0.2  -3.4   1.1   0.0   0.6   0.4   0.1   0.5   27475.   4.3  361.  -3.7  -2.3 0.046    1624.   0.1    2.   0.3   0.3 0.004  1.11  -0.40   2.04  10.1  6.1 0.0116  3 201   -17   2 219.6   32   -15    16  -0.1 0.009074 999999.99 99999.99 99999.99 99999.99 99999.99 99999.99  0
2001 334 11 2298 71 71  14  14   3.6   3.5  -8.6 279.7   0.6  -3.4  -0.5  -3.4   0.7   0.0   1.0   0.8   0.2   0.7   25163.   4.1  354.  -3.8  -2.6 0.046    2404.   0.1    4.   0.3   0.5 0.003  1.02  -0.25   2.02  10.0  6.0 0.0120  3 201   -16   2 219.6   32   -12    20   0.1 0.009074 999999.99 99999.99 99999.99 99999.99 99999.99 99999.99  0
2001 334 12 2298 71 71  15  15   3.6   3.4  13.2 325.5   2.7  -1.9   0.8  -1.5   1.4   0.1   1.2   0.8   0.5   0.8   44103.   4.3  343.  -2.7  -1.8 0.047    8486.   0.2    3.   0.3   0.6 0.004  1.00  -0.48   2.38   9.9  5.7 0.0122  3 201   -13   2 219.6   24   -12    11  -0.0 0.009074 999999.99 99999.99 99999.99 99999.99 99999.99 99999.99  0
2001 334 13 2298 71 71  15  15   3.7   3.6  14.1 333.7   3.1  -1.6   0.9  -1.3   1.3   0.0   0.6   0.2   0.4   0.4   46480.   4.3  340.  -2.4  -1.5 0.050    2567.   0.1    2.   0.4   0.3 0.005  1.00  -0.44   2.28   9.5  5.5 0.0131  3 201    -9   2 219.6   25   -15    10  -0.0 0.009074 999999.99 99999.99 99999.99 99999.99 99999.99 99999.99  0
2001 334 14 2298 71 71  15  15   3.5   3.5  19.5 354.0   3.3  -0.3   1.2   0.0   1.2   0.0   0.3   0.1   0.2   0.2   57553.   4.6  342.  -1.4  -1.4 0.047    3397.   0.1    1.   0.2   0.2 0.005  1.07  -0.41   2.90  10.5  5.6 0.0108  3 201     0   2 219.6   23   -15     7   0.0 0.009074 999999.99 99999.99 99999.99 99999.99 99999.99 99999.99  0
2001 334 15 2298 71 71  15  15   3.5   3.4   6.7 351.9   3.4  -0.5   0.4  -0.4   0.5   0.0   0.8   0.1   0.6   0.6   58729.   4.7  343.  -1.6  -1.9 0.044    4115.   0.1    1.   0.5   0.3 0.007  1.09  -0.17   2.99  10.6  5.6 0.0105  3 201    -5   2 219.6   31   -24     7   0.1 0.009074 999999.99 99999.99 99999.99 99999.99 99999.99 99999.99  0
2001 334 16 2298 71 71  15  15   3.4   3.3   0.0 319.1   2.5  -2.2   0.0  -2.2   0.4   0.1   0.7   0.3   0.4   0.4   39690.   4.7  343.  -3.0  -2.0 0.040    4844.   0.1    1.   0.4   0.3 0.004  1.07  -0.14   2.84  10.9  5.9 0.0099  3 201    -5   2 219.6   31   -23     8   0.3 0.009074 999999.99 99999.99 99999.99 99999.99 99999.99 99999.99  0
2001 334 17 2298 71 71  15  15   3.4   3.3 -10.2 306.9   2.0  -2.6  -0.6  -2.7  -0.3   0.2   0.8   0.3   0.3   0.7   32445.   4.6  342.  -3.4  -2.1 0.040    3162.   0.2    2.   0.3   0.4 0.003  1.04   0.10   2.66  10.8  5.9 0.0102  3 201    -7   2 219.6   28   -22     7   0.3 0.009074 999999.99 99999.99 99999.99 99999.99 99999.99 99999.99  0
2001 334 18 2298 71 71  16  16   4.4   4.3  17.5 296.9   1.9  -3.7   1.3  -3.6   1.5   0.8   1.0   0.3   0.7   0.7   26965.   4.9  348.  -3.7  -0.7 0.035    3252.   1.5    9.   0.4   0.7 0.004  1.13  -0.52   1.64   8.8  5.6 0.0155 10 201    -5   4 219.6   39   -30     9   0.1 0.009074 999999.99 99999.99 99999.99 99999.99 99999.99 99999.99  0
2001 334 19 2298 71 71  15  15   5.6   5.5  18.2 281.9   1.1  -5.1   1.7  -5.1   1.8   0.2   1.1   1.0   0.3   0.3   31899.   7.3  363.  -3.2  -0.3 0.031    5283.   0.6    2.   0.4   0.4 0.004  1.81  -0.65   1.55   8.8  5.7 0.0155 10 201    -1   4 219.6   33   -20    13   0.2 0.009074 999999.99 99999.99 99999.99 99999.99 99999.99 99999.99  0
2001 334 20 2298 71 71  15  15   5.5   5.4  11.5 265.1  -0.5  -5.3   1.1  -5.3   1.1   0.6   1.2   0.9   0.6   0.4   35169.   9.0  366.  -2.5  -2.2 0.030    4979.   0.9    2.   0.6   0.5 0.004  2.25  -0.40   2.02  10.0  6.0 0.0119 10 201     0   4 219.6   33   -17    16   0.1 0.009074 999999.99 99999.99 99999.99 99999.99 99999.99 99999.99  0
2001 334 21 2298 71 71  16  16   5.7   5.1  -0.6 247.7  -1.9  -4.7  -0.1  -4.7  -0.2   0.3   2.5   2.0   0.8   1.3   30615.  12.1  372.  -2.8  -2.9 0.035    1401.   2.0    6.   0.4   0.6 0.008  3.19   0.07   2.46  11.4  6.4 0.0092 10 201     3   4 219.6   33   -12    21   0.2 0.009074 999999.99 99999.99 99999.99 99999.99 99999.99 99999.99  0
2001 334 22 2298 71 71  14  14   5.5   4.4   7.3 274.8   0.4  -4.3   0.6  -4.3   0.4   0.2   3.2   2.9   1.2   0.7   37561.  13.0  366.  -2.4  -3.1 0.035    9026.   0.9    5.   0.4   0.2 0.004  3.32  -0.15   2.97  12.0  6.4 0.0083 10 201     2   4 219.6   33   -10    23   0.3 0.009074 999999.99 99999.99 99999.99 99999.99 99999.99 99999.99  0
2001 334 23 2298 71 71  15  15   5.6   5.3   4.4 323.8   4.2  -3.1   0.4  -3.1   0.3   0.2   1.5   0.7   0.8   1.1   55764.  12.8  364.  -3.4  -3.6 0.031    8073.   0.8    2.   0.6   0.6 0.003  3.18  -0.11   3.13  11.6  6.0 0.0088 10 201     1   4 219.6   30    -7    24   0.4 0.009074 999999.99 99999.99 99999.99 99999.99 99999.99 99999.99  0
2001 335  0 2298 71 71  15  15   6.6   6.2   6.0 321.9   4.8  -3.8   0.6  -3.8   0.5   0.4   2.0   0.7   0.7   1.7   50825.  13.2  361.  -4.2  -3.5 0.031    5344.   0.5    2.   0.6   1.0 0.003  3.23  -0.18   2.26   9.9  5.8 0.0120  7 215     1   3 215.1   39    -8    31   0.5 0.009277 999999.99 99999.99 99999.99 99999.99 99999.99 99999.99  0
2001 335  1 2298 71 71  15  15   7.7   7.3 -17.4 307.1   4.2  -5.6  -2.2  -5.6  -2.2   0.4   1.9   1.3   0.9   1.0   45610.  13.3  364.  -5.2  -3.9 0.032    3582.   0.7    5.   0.7   0.8 0.004  3.32   0.80   1.62   8.6  5.6 0.0160  7 215    -3   3 215.1   44    -6    38   0.7 0.009277 999999.99 99999.99 99999.99 99999.99 99999.99 99999.99  0
2001 335  2 2298 71 71  14  14   7.5   7.3  21.6 312.9   4.6  -5.0   2.7  -4.9   2.9   0.2   1.4   0.5   0.4   1.2   46789.  14.7  352.  -5.5  -2.0 0.030    3262.   0.7    2.   0.3   0.8 0.006  3.41  -1.02   1.90   9.0  5.5 0.0147  7 215    -3   3 215.1   35    -3    32   0.3 0.009277 999999.99 99999.99 99999.99 99999.99 99999.99 99999.99  0
2001 335  3 2298 71 71  16  16   6.9   6.5  42.1 324.5   3.9  -2.8   4.3  -2.4   4.5   0.3   2.2   1.2   1.5   1.1   48477.  13.2  350.  -4.9  -2.2 0.028    7835.   0.6    3.   1.2   0.7 0.003  3.00  -1.57   2.04   9.2  5.5 0.0140  7 215    -5   3 215.1   32    -7    26  -0.1 0.009277 999999.99 99999.99 99999.99 99999.99 99999.99 99999.99  0
2001 335  4 2298 71 71  15  15   7.4   7.3  16.2 306.9   4.2  -5.6   2.0  -5.2   2.8   0.2   1.3   0.7   0.7   0.8   29966.  11.7  348.  -6.9  -3.3 0.030    4089.   0.9    3.   0.4   0.4 0.002  2.65  -0.97   1.41   8.0  5.4 0.0184  7 215    -4   3 215.1   40   -13    27  -0.3 0.009277 999999.99 99999.99 99999.99 99999.99 99999.99 99999.99  0
2001 335  5 2298 71 71  15  15   6.6   6.2  -2.2 287.0   1.8  -6.0  -0.2  -5.9   1.0   0.1   1.8   1.1   0.3   1.4   25608.  17.6  355.  -5.3  -4.5 0.027    1975.   1.4    4.   0.6   0.7 0.006  4.10  -0.35   2.59  11.3  6.3 0.0093  7 215     4   3 215.1   55   -13    43  -0.2 0.009277 999999.99 99999.99 99999.99 99999.99 99999.99 99999.99  0
2001 335  6 2298 71 71  15  15   6.6   6.4 -31.8 271.6   0.1  -5.4  -3.4  -6.1  -1.9   0.3   1.4   0.4   0.8   1.0   20644.  23.5  358.  -3.7  -4.7 0.039     853.   3.3    1.   0.6   0.3 0.007  5.81   0.68   3.34  13.1  6.7 0.0069 17 215     8   6 215.1   78   -18    60  -0.0 0.009277 999999.99 99999.99 99999.99 99999.99 99999.99 99999.99  0
2001 335  7 2298 71 71  15  15   6.8   6.7 -23.7 253.6  -1.7  -5.9  -2.7  -6.4  -0.9   0.5   1.0   0.6   0.7   0.5   20191.  28.3  359.  -3.8  -4.3 0.039    1859.   0.8    2.   0.2   0.2 0.004  7.04   0.32   3.78  14.0  6.8 0.0060 17 215     7   6 215.1  187  -124    63   1.0 0.009277 999999.99 99999.99 99999.99 99999.99 99999.99 99999.99  0
2001 335  8 2298 71 71  15  15   7.4   7.1 -13.8 256.4  -1.6  -6.7  -1.7  -6.9   0.5   0.2   1.9   1.6   0.6   0.8   18383.  28.3  360.  -3.7  -3.9 0.042    1335.   1.2    4.   0.5   0.5 0.006  7.15  -0.18   3.15  12.9  6.7 0.0071 17 215     9   6 215.1  164   -47   117   1.4 0.009277 999999.99 99999.99 99999.99 99999.99 99999.99 99999.99  0
2001 335  9 2298 71 71  14  14   7.8   7.5  11.2 246.8  -2.9  -6.8   1.5  -5.9   3.7   0.3   2.0   1.6   0.7   1.1   19897.  25.1  352.  -3.7  -3.3 0.036    1808.   2.0    2.   0.7   0.2 0.009  5.94  -1.30   2.54  11.3  6.3 0.0093 20 215     6   7 215.1   87     0    87   0.4 0.009277 999999.99 99999.99 99999.99 99999.99 99999.99 99999.99  0
2001 335 10 2298 71 71  15  15   7.3   7.2  25.4 238.3  -3.4  -5.5   3.1  -4.1   4.8   0.5   1.1   0.5   0.6   0.7   23364.  26.1  349.  -3.4  -2.5 0.018    3176.   2.8    2.   0.4   0.4 0.002  5.69  -1.68   3.09  12.2  6.4 0.0080 20 215     8   7 215.1   64     0    64   0.0 0.009277 999999.99 99999.99 99999.99 99999.99 99999.99 99999.99  0
2001 335 11 2298 71 71  15  15   5.0   4.4 -10.4 238.9  -2.3  -3.7  -0.8  -3.8   0.5   1.0   2.3   0.6   0.9   2.0   19102.  46.4  346.  -3.3  -3.4 0.019    1238.   6.5    2.   0.3   0.8 0.003  9.98  -0.17  11.39  23.6  7.2 0.0021 20 215    13   7 215.1   44     1    46   0.5 0.009277 999999.99 99999.99 99999.99 99999.99 99999.99 99999.99  0
2001 335 12 2298 71 71  15  15   6.8   6.0 -17.5 241.3  -2.8  -5.0  -1.8  -5.3  -0.1   1.7   3.1   1.2   1.2   2.6   17724.  40.6  346.  -2.3  -1.5 0.013    2906.   9.5    2.   0.7   1.0 0.004  8.54   0.03   5.34  16.2  6.8 0.0045 27 215     7  12 215.1   38    -7    31   0.5 0.009277 999999.99 99999.99 99999.99 99999.99 99999.99 99999.99  0
2001 335 13 2298 71 71  14  14  10.4   6.3  58.6 249.2  -1.2  -3.1   5.4  -1.4   6.1   1.2   8.0   3.3   4.1   6.0   28750.  14.4  333.   2.5  -1.7 0.042   10063.   6.4    4.   3.3   0.8 0.015  3.11  -2.03   0.87   6.1  4.6 0.0322 27 215    -2  12 215.1   41   -15    25   0.2 0.009277 999999.99 99999.99 99999.99 99999.99 99999.99 99999.99  0
2001 335 14 2298 71 71  14  14  10.0   9.8  67.0 329.5   3.3  -1.9   9.0   0.4   9.2   0.3   1.9   0.6   1.7   0.4   19831.   9.4  326.   3.4  -1.8 0.024    7348.   1.5    3.   1.6   0.3 0.006  1.83  -3.00   0.58   5.0  4.1 0.0476 27 215    -2  12 215.1   40   -23    17  -0.1 0.009277 999999.99 99999.99 99999.99 99999.99 99999.99 99999.99  0
2001 335 15 2298 71 71  15  15   9.7   9.2  49.7 281.8   1.2  -5.8   7.0  -4.3   8.0   0.7   2.7   1.2   2.1   1.4   17232.  10.3  316.   4.4   2.5 0.023    2161.   4.7    3.   2.6   2.6 0.003  1.88  -2.53   0.66   5.2  4.2 0.0435 27 215    -3  12 215.1   42   -32    10  -0.0 0.009277 999999.99 99999.99 99999.99 99999.99 99999.99 99999.99  0
2001 335 16 2298 71 71  17  17  10.2  10.0  24.2 259.3  -1.7  -9.0   4.1  -8.3   5.4   0.3   2.0   1.2   0.5   1.5   25597.   4.2  332.  -1.6   2.5 0.023    6075.   0.7   13.   2.6   2.6 0.003  0.84  -1.79   0.26   3.3  3.0 0.1069 27 215    -9  12 215.1   45   -33    12   0.1 0.009277 999999.99 99999.99 99999.99 99999.99 99999.99 99999.99  0
2001 335 17 2298 71 71  15  15   8.8   8.6  29.4 268.2  -0.2  -7.5   4.2  -7.0   5.0   0.8   2.0   1.6   1.0   0.8   24150.  13.4  347.  -2.5  -2.2 0.017     798.   6.0    2.   1.1   0.8 0.006  2.88  -1.74   1.10   7.2  5.2 0.0228 27 215    -1  12 215.1   40   -20    19   0.2 0.009277 999999.99 99999.99 99999.99 99999.99 99999.99 99999.99  0
2001 335 18 2298 71 71  15  15   7.8   7.6  37.6 273.7   0.4  -6.0   4.7  -5.7   5.1   0.2   1.3   0.8   0.5   0.9   25913.  18.1  345.  -0.9  -2.9 0.013    1011.   2.0    2.   0.3   0.4 0.003  3.78  -1.76   1.91   9.4  5.8 0.0134 10 215    -1   4 215.1   26   -11    16  -0.0 0.009277 999999.99 99999.99 99999.99 99999.99 99999.99 99999.99  0
2001 335 19 2298 71 71  15  15   8.7   8.7  45.9 264.2  -0.6  -6.0   6.2  -5.9   6.3   0.2   0.7   0.3   0.4   0.4   26010.   8.7  345.  -2.8  -1.3 0.016    1476.   1.5    3.   0.7   0.7 0.002  1.84  -2.17   0.74   5.8  4.6 0.0348 10 215    -4   4 215.1   25   -11    14  -0.1 0.009277 999999.99 99999.99 99999.99 99999.99 99999.99 99999.99  0
2001 335 20 2298 71 71  15  15   8.7   8.6  55.2 276.8   0.6  -4.9   7.0  -5.0   6.9   0.1   1.0   0.7   0.7   0.4   23789.   6.2  348.  -2.5  -2.2 0.017    2376.   0.7    2.   0.8   0.4 0.002  1.34  -2.40   0.52   5.0  4.1 0.0480 10 215    -6   4 215.1   33   -17    15  -0.2 0.009277 999999.99 99999.99 99999.99 99999.99 99999.99 99999.99  0
2001 335 21 2298 71 71  16  16   8.2   7.8  56.2 283.1   1.0  -4.2   6.5  -4.4   6.4   0.5   2.1   1.1   1.6   0.7   33463.   6.5  348.   1.2  -1.6 0.019    5499.   1.0    4.   2.1   1.4 0.000  1.41  -2.23   0.65   5.4  4.3 0.0406 17 215    -4   6 215.1   31   -16    15  -0.2 0.009277 999999.99 99999.99 99999.99 99999.99 99999.99 99999.99  0
2001 335 22 2298 71 71  14  14   9.3   9.1  38.3 263.2  -0.8  -7.1   5.6  -7.3   5.3   0.2   1.7   0.9   1.0   1.0   16029.   3.2  353.  -0.4   1.8 9.999    2016.   0.4    8.   1.6   1.0 9.999  0.80  -1.87   0.22   3.4  3.1 0.1032 17 215    -7   6 215.1   25   -12    13  -0.2 0.009277 999999.99 99999.99 99999.99 99999.99 99999.99 99999.99  0
2001 335 23 2298 71 71  15  15   8.8   8.8  24.2 254.8  -2.1  -7.7   3.6  -7.9   3.3   0.3   0.7   0.4   0.4   0.4   20361.   5.7  371.  -4.5  -2.0 9.999    2431.   0.9    2.   0.3   0.5 9.999  1.57  -1.22   0.46   5.0  4.3 0.0470 17 215    -2   6 215.1   29   -12    17   0.0 0.009277 999999.99 99999.99 99999.99 99999.99 99999.99 99999.99  0
