 1 YEAR                          I4        
 2 DOY                           I4        
 3 Hour                          I3        
 4 Bartels rotation number       I5        
 5 ID for IMF spacecraft         I3        
 6 ID for SW Plasma spacecraft   I3        
 7 # of points in IMF averages   I4        
 8 # of points in Plasma averag. I4        
 9 Scalar B, nT                  F6.1      
10 Vector B Magnitude,nT         F6.1      
11 Lat. Angle of B (GSE)         F6.1      
12 Long. Angle of B (GSE)        F6.1      
13 BX, nT (GSE, GSM)             F6.1      
14 BY, nT (GSE)                  F6.1      
15 BZ, nT (GSE)                  F6.1      
16 BY, nT (GSM)                  F6.1      
17 BZ, nT (GSM)                  F6.1      
18 RMS_magnitude, nT             F6.1      
19 RMS_field_vector, nT          F6.1      
20 RMS_BX_GSE, nT                F6.1      
21 RMS_BY_GSE, nT                F6.1      
22 RMS_BZ_GSE, nT                F6.1      
23 SW Plasma Temperature, K      F9.0      
24 SW Proton Density, N/cm^3     F6.1      
25 SW Plasma Speed, km/s         F6.0      
26 SW Plasma flow long. angle    F6.1      
27 SW Plasma flow lat. angle     F6.1      
28 Alpha/Prot. ratio             F6.3      
29 sigma-T,K                     F9.0      
30 sigma-n, N/cm^3)              F6.1      
31 sigma-V, km/s                 F6.0      
32 sigma-phi V, degrees          F6.1      
33 sigma-theta V, degrees        F6.1      
34 sigma-ratio                   F6.3      
35 Flow pressure                 F6.2      
36 E elecrtric field             F7.2      
37 Plasma Beta                   F7.2      
38 Alfen mach number             F6.1      
39 Magnetosonic Much num.        F5.1      
40 Quasy-Invariant               F7.4      
41 Kp index                      I3        
42 R (Sunspot No.)               I4        
43 Dst-index, nT                 I6        
44 ap_index, nT                  I4        
45 f10.7_index                   F6.1      
46 AE-index, nT                  I5        
47 AL-index, nT                  I6        
48 AU-index, nT                  I6        
49 pc-index                      F6.1      
50 Lyman_alpha                   F9.6      
51 Proton flux (>1 Mev)          F10.2     
52 Proton flux (>2 Mev)          F9.2      
53 Proton flux (>4 Mev)          F9.2      
54 Proton flux (>10 Mev)         F9.2      
55 Proton flux (>30 Mev)         F9.2      
56 Proton flux (>60 Mev)         F9.2      
57 Flux FLAG                     I3        

2002 128  0 2304 71 71  15  15   9.3   9.0  -4.6 303.9   5.0  -7.4  -0.7  -6.4  -3.9   0.5   2.2   1.2   0.5   1.8   32332.   8.4  385.  -2.0  -1.0 0.039    7396.   1.3    3.   0.4   0.5 0.004  2.40   1.50   0.65   6.0  4.8 0.0330 30 220   -10  15 190.2  393  -176   216   2.3 0.009536     30.70     6.20     1.10     0.35     0.23     0.22 -1
2002 128  1 2304 71 71  14  14   9.0   8.7 -26.7 315.9   5.6  -5.4  -3.9  -3.3  -5.8   0.2   1.9   0.5   1.2   1.4   30456.   6.5  372.  -3.6  -2.7 0.038    2662.   0.4    5.   0.8   1.0 0.003  1.73   2.16   0.53   5.3  4.4 0.0428 30 220   -10  15 190.2  374  -124   250   2.3 0.009536     18.20     4.06     0.85     0.30     0.21     0.21 -1
2002 128  2 2304 71 71  15  15   8.8   8.6 -22.1 325.6   6.6  -4.5  -3.2  -3.0  -4.7   0.1   1.6   0.6   1.3   0.7   27596.   6.0  361.  -2.8  -3.2 0.038    2645.   0.5    6.   1.2   0.9 0.004  1.50   1.70   0.50   5.0  4.2 0.0471 30 220   -13  15 190.2  405  -175   230   2.4 0.009536     13.70     3.29     0.74     0.28     0.19     0.18 -1
2002 128  3 2304 71 71  15  15   8.5   8.4 -20.5 325.6   6.5  -4.5  -3.0  -3.2  -4.3   0.1   0.5   0.2   0.4   0.2   25075.   5.6  358.  -2.8  -3.2 0.047    3907.   0.4    3.   0.5   0.3 0.004  1.42   1.54   0.49   5.0  4.2 0.0479 27 220   -16  12 190.2  420  -215   205   2.5 0.009536     16.30     3.68     0.80     0.29     0.20     0.20 -1
2002 128  4 2304 71 71  15  15   8.3   8.1  -4.9 317.4   6.0  -5.5  -0.7  -5.1  -2.3   0.1   1.4   0.6   0.6   1.1   22472.   5.1  362.  -2.9  -0.7 0.041    3243.   0.2    4.   0.7   1.2 0.004  1.30   0.83   0.46   4.9  4.2 0.0490 27 220   -20  12 190.2  413  -214   199   2.0 0.009536     21.60     4.63     0.92     0.24     0.14     0.14 -1
2002 128  5 2304 71 71  15  15   8.7   8.6  -5.6 313.7   5.9  -6.2  -0.8  -5.8  -2.3   0.3   1.0   0.5   0.2   0.9   23883.   5.6  371.  -2.8  -1.9 0.041    2433.   0.2    2.   0.5   1.1 0.007  1.50   0.85   0.47   5.0  4.3 0.0467 27 220   -19  12 190.2  287   -93   193   1.4 0.009536     17.00     4.00     0.94     0.34     0.23     0.22 -1
2002 128  6 2304 71 71  16  16   7.6   6.7   9.6 319.0   5.0  -4.3   1.1  -4.4   0.2   1.5   3.8   1.7   2.1   2.6   43505.   7.2  377.  -2.0  -0.3 0.042   18310.   1.6    6.   1.0   1.9 0.005  2.00  -0.08   0.89   6.7  5.0 0.0269 23 220   -16   9 190.2  274  -139   135   1.2 0.009536     13.90     3.47     0.81     0.24     0.15     0.15 -1
2002 128  7 2304 71 71  15  15   5.1   4.5   3.4 324.4   3.6  -2.6   0.3  -2.6  -0.1   0.7   2.2   1.3   0.7   1.7   61094.  10.1  383.  -2.3  -1.3 0.046    5790.   0.9    3.   1.2   1.3 0.006  2.93   0.04   3.06  11.9  6.3 0.0084 23 220   -15   9 190.2  117   -35    83   0.4 0.009536     13.00     3.54     0.93     0.34     0.23     0.23 -1
2002 128  8 2304 71 71  15  15   7.9   7.8  -4.2 331.7   6.9  -3.7  -0.6  -3.6  -1.1   1.1   1.7   1.3   0.9   0.7   34997.   6.9  386.  -1.0  -2.4 0.059   11369.   1.4    4.   1.2   0.7 0.010  2.12   0.42   0.75   6.4  5.0 0.0289 23 220   -16   9 190.2   79   -16    64   0.5 0.009536     11.70     3.30     0.91     0.33     0.22     0.21 -1
2002 128  9 2304 71 71  15  15   8.6   8.6 -11.1 339.5   7.9  -3.0  -1.7  -2.8  -2.0   0.1   0.6   0.1   0.4   0.4   35769.   5.5  386.  -0.2  -3.5 0.058    7860.   0.9    6.   0.5   0.3 0.007  1.69   0.77   0.51   5.3  4.4 0.0429 13 220   -17   5 190.2   69   -34    35  -0.1 0.009536     11.90     3.46     0.93     0.33     0.21     0.20 -1
2002 128 10 2304 71 71  15  15   8.8   8.8 -17.4 349.0   8.2  -1.6  -2.6  -1.3  -2.7   0.1   0.9   0.2   0.6   0.5   43601.   5.4  383.   0.1  -4.5 0.055   11112.   0.6    5.   0.5   0.4 0.005  1.61   1.03   0.50   5.1  4.2 0.0465 13 220   -14   5 190.2   74   -22    52   0.5 0.009536     11.80     3.44     0.97     0.34     0.22     0.19 -1
2002 128 11 2304 71 71  14  14   9.1   8.6 -13.3 357.7   8.4  -0.3  -2.0  -0.1  -2.0   0.1   2.6   0.4   0.7   2.5   37353.   5.7  371.   1.5  -3.3 0.064   11644.   0.3    2.   0.9   2.0 0.005  1.65   0.74   0.47   4.9  4.1 0.0502 13 220   -15   5 190.2  184   -71   113   1.4 0.009536 999999.99 99999.99 99999.99 99999.99 99999.99 99999.99  0
2002 128 12 2304 71 71  15  15   9.1   9.0  -9.1   7.0   8.8   1.1  -1.4   1.2  -1.3   0.1   1.1   0.2   0.7   0.7   27308.   5.7  364.   1.7  -2.5 0.059    7908.   0.5    2.   0.9   0.6 0.007  1.56   0.47   0.45   4.8  4.1 0.0522 13 220   -16   5 190.2  216  -104   112   1.1 0.009536 999999.99 99999.99 99999.99 99999.99 99999.99 99999.99  0
2002 128 13 2304 71 71  15  15   8.8   8.7 -13.2  12.6   8.3   1.8  -2.0   2.1  -1.7   0.3   1.2   0.4   0.9   0.7   28794.   5.3  359.   2.0  -3.4 0.057    3250.   0.7    2.   1.0   0.8 0.005  1.40   0.61   0.45   4.7  4.0 0.0539 13 220   -19   5 190.2  185  -113    72   1.0 0.009536 999999.99 99999.99 99999.99 99999.99 99999.99 99999.99  0
2002 128 14 2304 71 71  15  15   8.8   8.7 -18.3   9.2   8.1   1.3  -2.7   1.7  -2.4   0.1   1.2   0.4   1.0   0.5   30678.   4.3  358.   1.5  -3.7 0.053    3709.   0.4    3.   1.8   0.8 0.007  1.12   0.86   0.37   4.2  3.7 0.0669 13 220   -19   5 190.2  203  -138    65   1.4 0.009536 999999.99 99999.99 99999.99 99999.99 99999.99 99999.99  0
2002 128 15 2304 71 71  15  15   8.9   8.8 -20.3 353.1   8.2  -1.0  -3.1  -0.3  -3.2   0.1   1.2   0.3   0.9   0.7   29276.   3.7  355.  -3.3  -3.5 0.043    2736.   0.2    6.   2.1   0.8 0.005  0.91   1.14   0.31   3.8  3.4 0.0808 17 220   -23   6 190.2  258  -140   118   2.2 0.009536 999999.99 99999.99 99999.99 99999.99 99999.99 99999.99  0
2002 128 16 2304 71 71  14  14   9.2   9.1 -22.9 344.7   8.1  -2.2  -3.5  -1.2  -4.0   0.1   0.9   0.2   0.7   0.6   29756.   3.7  359.  -5.8  -3.9 0.061    4898.   0.2    3.   0.9   1.2 0.012  0.99   1.44   0.29   3.8  3.4 0.0844 17 220   -29   6 190.2  394  -225   169   2.0 0.009536 999999.99 99999.99 99999.99 99999.99 99999.99 99999.99  0
2002 128 17 2304 71 71  15  15   9.2   9.2 -12.9   8.5   8.8   1.3  -2.0   1.9  -1.5   0.0   1.1   0.2   0.9   0.7   36392.   3.6  346.  -0.4  -2.0 0.067    6897.   0.2    3.   1.6   1.2 0.021  0.91   0.52   0.29   3.6  3.2 0.0934 17 220   -29   6 190.2  244  -119   124   0.8 0.009536 999999.99 99999.99 99999.99 99999.99 99999.99 99999.99  0
2002 128 18 2304 71 71  16  16   9.0   8.9 -10.0  10.0   8.6   1.5  -1.6   2.0  -0.9   0.2   1.2   0.4   0.9   0.6   71553.   3.8  351.   0.1  -1.3 0.070   46700.   0.4   12.   1.1   0.8 0.020  1.00   0.32   0.39   3.8  3.3 0.0823 17 220   -25   6 190.2  102   -53    49   0.1 0.009536 999999.99 99999.99 99999.99 99999.99 99999.99 99999.99  0
2002 128 19 2304 71 71  15  15   8.9   8.5  -6.9   1.4   8.4   0.2  -1.0   0.6  -0.8   0.2   2.3   0.4   2.2   0.6  103114.   3.9  359.  -1.2  -0.8 0.072   42728.   0.4    8.   2.7   0.6 0.009  1.08   0.29   0.47   4.0  3.4 0.0750 17 220   -23   6 190.2   67   -25    42   0.9 0.009536 999999.99 99999.99 99999.99 99999.99 99999.99 99999.99  0
2002 128 20 2304 71 71  15  15   8.2   8.0  -6.5 339.3   7.4  -2.8  -0.9  -2.1  -2.0   0.3   1.8   0.9   1.5   0.2   80626.   3.7  362.  -3.7  -0.3 0.074    9174.   0.5   15.   1.8   0.3 0.006  1.05   0.72   0.48   4.2  3.6 0.0660 17 220   -20   6 190.2  121   -45    76   1.1 0.009536 999999.99 99999.99 99999.99 99999.99 99999.99 99999.99  0
2002 128 21 2304 71 71  14  14   8.4   8.3  -5.9 341.4   7.9  -2.7  -0.9  -2.0  -2.0   0.3   0.9   0.5   0.7   0.2   63407.   3.6  353.  -4.0  -1.1 0.059   12450.   0.2    8.   1.4   0.6 0.008  0.93   0.71   0.41   4.0  3.4 0.0748 17 220   -25   6 190.2  127   -40    88   0.2 0.009536 999999.99 99999.99 99999.99 99999.99 99999.99 99999.99  0
2002 128 22 2304 71 71  16  16   8.4   8.3  -1.5 342.8   8.0  -2.5  -0.2  -2.1  -1.3   0.4   0.9   0.5   0.7   0.3   57762.   4.1  354.  -3.6  -0.3 0.083   13842.   0.6    7.   0.6   0.4 0.022  1.14   0.46   0.45   4.3  3.6 0.0653 17 220   -24   6 190.2  123   -45    78  -0.4 0.009536 999999.99 99999.99 99999.99 99999.99 99999.99 99999.99  0
2002 128 23 2304 71 71  15  15   8.3   8.0  -4.8 322.5   6.3  -4.9  -0.7  -4.1  -2.8   0.3   2.0   1.4   1.3   0.4   33356.   5.7  361.  -4.7  -0.5 0.103    1965.   0.5    4.   0.8   0.3 0.039  1.75   1.01   0.56   5.2  4.3 0.0441 17 220   -17   6 190.2  178   -89    90   0.3 0.009536 999999.99 99999.99 99999.99 99999.99 99999.99 99999.99  0
2002 129  0 2304 71 71  14  14   8.1   7.5   3.3 309.3   4.8  -5.8   0.4  -5.4  -2.1   0.3   2.8   2.0   1.3   1.4   40909.   5.5  363.  -4.6   0.1 0.066    6035.   1.0   12.   0.7   1.1 0.036  1.53   0.76   0.59   5.3  4.3 0.0431 27 196   -16  12 193.7  380  -199   182   2.0 0.009514     12.00     3.57     0.91     0.32     0.20     0.16 -1
2002 129  1 2304 71 71  15  15   8.2   7.8  21.4 339.5   6.8  -2.6   2.9  -3.6   1.6   0.2   2.5   0.6   1.4   1.9   43922.   4.6  347.  -2.8   2.3 0.064    3474.   0.5    5.   1.5   2.2 0.011  1.16  -0.56   0.49   4.5  3.8 0.0578 27 196   -20  12 193.7  155   -50   105   1.1 0.009514     13.00     3.72     0.91     0.29     0.19     0.19 -1
2002 129  2 2304 71 71  16  16   8.3   7.8  -3.5 318.0   5.8  -5.2  -0.5  -4.6  -2.4   0.2   2.6   1.3   2.0   1.0   34032.   5.5  358.  -5.3  -0.5 0.072    7395.   0.7   10.   2.0   0.8 0.026  1.52   0.86   0.54   5.1  4.2 0.0465 27 196   -13  12 193.7   61   -26    34   0.1 0.009514     11.90     3.41     0.89     0.32     0.21     0.20 -1
2002 129  3 2304 71 71  14  14   8.3   8.3  -6.8 315.0   5.8  -5.8  -1.0  -5.1  -2.9   0.1   0.7   0.3   0.4   0.4   28189.   5.9  351.  -5.3  -0.9 0.070    1638.   0.5    5.   0.4   0.3 0.012  1.55   1.02   0.56   5.1  4.2 0.0451 10 196   -12   4 193.7   79   -22    57   0.3 0.009514     11.40     3.32     0.83     0.28     0.18     0.18 -1
2002 129  4 2304 71 71  14  14   8.5   8.4  -0.3 346.8   8.2  -1.9   0.0  -1.8  -0.5   0.1   1.1   0.5   0.8   0.5   34808.   3.9  331.  -1.9  -0.4 0.065    1455.   0.4    2.   1.2   0.7 0.013  0.90   0.17   0.37   3.8  3.4 0.0804 10 196   -15   4 193.7   59   -23    36   0.2 0.009514     11.20     3.22     0.77     0.23     0.14     0.14 -1
2002 129  5 2304 71 71  15  15   8.3   8.2  -5.8 357.3   8.1  -0.4  -0.8  -0.2  -0.9   0.1   1.4   0.2   0.8   1.2   39353.   4.2  328.   0.3  -1.5 0.100    3298.   0.5    2.   0.9   1.5 0.031  1.06   0.30   0.43   4.0  3.5 0.0725 10 196   -12   4 193.7  133   -45    88   1.2 0.009514     11.30     3.20     0.84     0.34     0.25     0.24 -1
2002 129  6 2304 71 71  15  15   8.2   8.0 -23.1  18.7   7.0   2.4  -3.1   3.0  -2.6   0.1   1.5   0.4   1.3   0.5   56766.   3.8  337.   4.1  -4.1 0.133    4652.   0.4    5.   1.7   0.4 0.008  1.10   0.88   0.44   4.0  3.4 0.0741 20 196    -9   7 193.7  154   -59    96   1.4 0.009514     11.50     3.14     0.81     0.32     0.22     0.20 -1
2002 129  7 2304 71 71  16  16   8.1   7.3 -15.7  11.1   6.9   1.4  -2.0   1.7  -1.8   0.1   3.1   0.8   2.7   1.2   72665.   4.1  343.   3.2  -2.3 0.146   11320.   0.9   13.   4.3   1.5 0.013  1.28   0.62   0.52   4.3  3.6 0.0647 20 196    -9   7 193.7  135   -63    71   1.2 0.009514     12.30     3.26     0.82     0.30     0.21     0.20 -1
2002 129  8 2304 71 71  14  14   8.2   8.0 -21.8  10.4   7.3   1.3  -3.0   1.7  -2.8   0.0   1.2   0.2   1.0   0.7   72157.   3.6  335.   3.8  -3.9 0.124    7391.   0.3    5.   1.4   0.8 0.023  1.01   0.94   0.45   3.9  3.3 0.0792 20 196    -6   7 193.7  258  -169    90   1.8 0.009514     11.80     3.09     0.75     0.27     0.18     0.18 -1
2002 129  9 2304 71 71  15  15   8.0   7.4 -15.9   6.2   7.0   0.8  -2.0   1.0  -1.9   0.4   2.9   0.4   2.1   2.0  106199.   4.5  344.   3.1  -3.1 0.071   42623.   0.7   10.   2.6   2.2 0.050  1.14   0.65   0.69   4.6  3.6 0.0572 23 196    -7   9 193.7  179   -89    91   1.4 0.009514     12.50     3.29     0.79     0.28     0.19     0.19 -1
2002 129 10 2304 71 71  18  18   7.8   5.7 -19.2  26.6   4.8   2.4  -1.9   2.6  -1.7   0.5   4.9   2.3   2.8   3.3   98007.   5.7  364.   5.6  -3.2 0.063   23184.   1.2   19.   3.2   2.8 0.034  1.58   0.62   0.88   5.6  4.2 0.0383 23 196    -6   9 193.7  216  -106   110   2.1 0.009514     11.70     2.99     0.76     0.30     0.21     0.20 -1
2002 129 11 2304 71 71  15  15   7.9   5.7  61.8  35.2   2.2   1.6   5.0   1.1   5.1   0.3   4.4   1.6   3.5   2.2  100449.   7.1  389.   4.1   3.4 0.079   10213.   0.4    8.   3.0   1.9 0.020  2.36  -1.98   1.08   6.6  4.7 0.0276 23 196    -7   9 193.7  171   -90    80   1.4 0.009514     10.90     2.75     0.64     0.23     0.15     0.15 -1
2002 129 12 2304 71 71  15  15   8.4   6.5  70.5 229.1  -1.4  -1.6   6.1  -2.2   5.9   0.7   4.9   1.7   4.3   1.6   75725.   5.3  404.   3.4   2.1 0.044   21022.   1.3    9.   1.7   0.6 0.014  1.70  -2.38   0.64   5.5  4.4 0.0388 17 196    -7   6 193.7   79   -44    35  -1.1 0.009514 999999.99 99999.99 99999.99 99999.99 99999.99 99999.99  0
2002 129 13 2304 71 71  15  15   8.3   8.3  41.7 281.5   1.2  -6.1   5.5  -6.8   4.7   0.2   0.7   0.4   0.4   0.5   55645.   5.0  393.   1.4   2.0 0.031    3017.   0.2    2.   0.6   0.3 0.004  1.45  -1.85   0.56   5.3  4.4 0.0424 17 196    -8   6 193.7   50   -35    15   0.5 0.009514 999999.99 99999.99 99999.99 99999.99 99999.99 99999.99  0
2002 129 14 2304 71 71  15  15   8.3   8.2  34.3 274.4   0.5  -6.8   4.6  -7.5   3.4   0.1   1.3   0.7   0.6   1.0   52584.   5.0  395.   1.3   0.9 0.033    4007.   0.2    3.   0.8   0.9 0.004  1.47  -1.34   0.55   5.3  4.4 0.0420 17 196    -9   6 193.7   59   -44    15   2.2 0.009514 999999.99 99999.99 99999.99 99999.99 99999.99 99999.99  0
2002 129 15 2304 71 71  15  15   7.5   7.3  52.8 278.5   0.7  -4.4   5.9  -5.6   4.8   0.4   1.3   0.7   0.8   0.8   69906.   5.2  389.   0.6   3.8 0.045   10030.   0.4    4.   1.5   1.0 0.011  1.55  -1.87   0.76   5.9  4.6 0.0340  3 196    -7   2 193.7   86   -64    21   2.1 0.009514 999999.99 99999.99 99999.99 99999.99 99999.99 99999.99  0
2002 129 16 2304 71 71  15  15   7.5   7.2  45.2 285.0   1.3  -4.9   5.1  -6.1   3.6   0.3   1.8   1.2   1.0   0.8   68161.   5.2  384.   0.9   2.7 0.039    6729.   0.3    5.   1.0   1.0 0.009  1.48  -1.38   0.76   5.8  4.5 0.0349  3 196    -8   2 193.7   62   -46    16   1.9 0.009514 999999.99 99999.99 99999.99 99999.99 99999.99 99999.99  0
2002 129 17 2304 71 71  15  15   7.7   7.4  31.0 292.6   2.4  -5.9   3.8  -6.8   1.8   0.2   1.9   1.0   0.8   1.4   69270.   5.3  379.   0.9   1.9 0.027    4622.   0.3    6.   0.7   0.7 0.002  1.41  -0.68   0.73   5.7  4.4 0.0371  3 196    -8   2 193.7   68   -42    26   2.2 0.009514 999999.99 99999.99 99999.99 99999.99 99999.99 99999.99  0
2002 129 18 2304 71 71  14  14   7.5   7.3  16.3 310.6   4.6  -5.3   2.1  -5.7   0.1   0.1   1.5   0.7   0.7   1.1   64910.   4.9  366.   1.3   1.3 0.027    5396.   0.3    5.   0.8   1.0 0.005  1.21  -0.04   0.70   5.4  4.3 0.0408  7 196   -10   3 193.7  104   -67    37   1.9 0.009514 999999.99 99999.99 99999.99 99999.99 99999.99 99999.99  0
2002 129 19 2304 71 71  15  15   7.3   7.1  25.5 292.8   2.5  -5.9   3.1  -6.6   0.5   0.3   1.4   1.0   0.5   0.9   74429.   4.6  377.   1.7   1.8 0.034    7131.   0.3    8.   1.1   1.1 0.004  1.24  -0.19   0.73   5.5  4.3 0.0388  7 196   -13   3 193.7  109   -56    53   1.7 0.009514 999999.99 99999.99 99999.99 99999.99 99999.99 99999.99  0
2002 129 20 2304 71 71  15  15   7.1   7.0  19.9 297.1   3.0  -5.8   2.4  -6.3  -0.3   0.1   1.1   0.7   0.3   0.7   78175.   4.4  372.   1.9   0.5 0.031    5090.   0.2    5.   0.3   0.9 0.008  1.14   0.11   0.75   5.5  4.3 0.0394  7 196   -13   3 193.7   87   -36    51   1.3 0.009514 999999.99 99999.99 99999.99 99999.99 99999.99 99999.99  0
2002 129 21 2304 71 71  15  15   7.2   7.2   9.1 305.8   4.2  -5.8   1.1  -5.7  -1.6   0.1   0.6   0.2   0.1   0.6   85797.   3.9  374.   2.4   1.3 0.027    3413.   0.2    2.   0.4   0.7 0.002  1.01   0.60   0.67   5.1  4.1 0.0452 10 196   -12   4 193.7   98   -45    53   1.2 0.009514 999999.99 99999.99 99999.99 99999.99 99999.99 99999.99  0
2002 129 22 2304 71 71  15  15   7.0   6.9   9.1 302.6   3.7  -5.7   1.1  -5.6  -1.6   0.1   1.1   0.5   0.5   0.8   87632.   3.7  373.   2.4  -0.0 0.031    3633.   0.2    4.   0.2   0.5 0.003  0.97   0.60   0.68   5.1  4.1 0.0453 10 196   -11   4 193.7  163   -51   112   1.3 0.009514 999999.99 99999.99 99999.99 99999.99 99999.99 99999.99  0
2002 129 23 2304 71 71  16  16   6.9   6.8  12.7 311.1   4.4  -5.0   1.5  -5.1  -0.9   0.1   1.0   0.3   0.4   0.8   90932.   4.1  373.   1.8  -0.5 0.032    4287.   0.4    4.   0.8   1.2 0.002  1.07   0.34   0.79   5.5  4.2 0.0397 10 196    -6   4 193.7  171   -57   114   2.0 0.009514 999999.99 99999.99 99999.99 99999.99 99999.99 99999.99  0
2002 130  0 2304 71 71  15  15   7.0   6.4   3.0 316.2   4.6  -4.4   0.3  -4.1  -1.6   0.1   2.7   0.7   1.6   2.0  106730.   4.0  379.   3.7  -1.1 0.029   10991.   0.2    9.   1.5   1.5 0.005  1.07   0.61   0.80   5.4  4.2 0.0406 20 207    -3   7 194.8   89   -40    49   0.9 0.009475 999999.99 99999.99 99999.99 99999.99 99999.99 99999.99  0
2002 130  1 2304 71 71  15  15   7.3   7.2  -6.1 317.7   5.3  -4.8  -0.8  -4.1  -2.7   0.2   0.9   0.4   0.4   0.7  106609.   3.9  380.   3.2  -1.1 0.031    6898.   0.3    4.   0.6   0.5 0.003  1.06   1.03   0.72   5.1  4.0 0.0450 20 207    -1   7 194.8  109   -43    65   1.2 0.009475 999999.99 99999.99 99999.99 99999.99 99999.99 99999.99  0
2002 130  2 2304 71 71  14  14   7.5   7.2 -16.9 324.4   5.6  -4.0  -2.1  -3.0  -3.4   0.1   1.9   0.2   0.8   1.7  110665.   3.8  376.   3.5  -2.4 0.033    6977.   0.2    2.   0.6   1.2 0.003  1.02   1.28   0.67   4.9  3.9 0.0498 20 207    -3   7 194.8  141   -55    86   1.2 0.009475      7.40     1.92     0.60     0.31     0.25     0.24 -1
2002 130  3 2304 71 71  15  15   7.4   7.3  -5.6 325.9   6.0  -4.1  -0.7  -3.6  -2.0   0.1   1.3   0.5   0.5   1.1  113196.   3.7  372.   3.9  -3.1 0.034    7504.   0.1    3.   0.6   0.7 0.004  0.97   0.74   0.68   4.8  3.8 0.0509 17 207    -5   6 194.8  125   -38    86   1.3 0.009475      6.92     1.72     0.47     0.20     0.14     0.14 -1
2002 130  4 2304 71 71  16  16   7.9   7.7 -15.8 330.4   6.4  -3.7  -2.1  -3.0  -3.1   0.2   1.6   0.2   0.4   1.5  117015.   3.4  377.   4.9  -3.0 0.036    4101.   0.3    3.   0.7   0.6 0.007  0.92   1.17   0.56   4.4  3.6 0.0614 17 207    -6   6 194.8  131   -23   107   0.9 0.009475      7.58     1.88     0.58     0.26     0.19     0.18 -1
2002 130  5 2304 71 71  14  14   8.4   8.3 -28.7 334.8   6.6  -3.1  -4.0  -2.1  -4.6   0.2   1.2   0.4   0.8   0.7  109715.   3.1  378.   5.8  -2.7 0.034    8952.   0.1    4.   0.8   0.8 0.008  0.84   1.74   0.44   4.0  3.4 0.0758 17 207    -7   6 194.8  242   -87   155   1.5 0.009475      7.32     1.93     0.61     0.28     0.20     0.19 -1
2002 130  6 2304 71 71  15  15   8.3   8.2 -37.2 346.7   6.4  -1.5  -5.0  -0.5  -5.2   0.1   1.1   0.5   1.0   0.3  112704.   3.1  375.   6.7  -3.7 0.027    9498.   0.1    2.   1.0   0.4 0.009  0.81   1.95   0.45   4.0  3.4 0.0752 30 207    -7  15 194.8  280  -143   136   2.3 0.009475      7.99     1.97     0.57     0.21     0.14     0.14 -1
2002 130  7 2304 71 71  17  17   8.0   7.9 -35.5 332.2   5.7  -3.0  -4.6  -2.3  -5.0   0.3   1.2   0.4   0.9   0.7   83471.   3.6  385.   6.2  -2.8 0.028   20339.   1.0   11.   0.9   1.4 0.005  0.99   1.93   0.50   4.6  3.8 0.0571 30 207   -12  15 194.8  376  -182   194   2.7 0.009475      8.10     2.03     0.63     0.27     0.19     0.19 -1
2002 130  8 2304 71 71  14  14   7.2   7.2 -19.7 319.5   5.2  -4.4  -2.4  -4.1  -2.9   0.3   0.7   0.4   0.3   0.5   22233.   7.0  385.   5.0  -0.5 0.032   12453.   1.4    7.   1.4   0.4 0.007  1.95   1.12   0.85   7.1  5.4 0.0238 30 207   -10  15 194.8  484  -232   253   3.3 0.009475      6.95     1.77     0.55     0.23     0.16     0.15 -1
2002 130  9 2304 71 71  14  14   5.9   5.8 -15.2 316.0   4.0  -3.9  -1.5  -3.7  -1.9   0.6   0.8   0.5   0.4   0.4   14038.  11.4  369.   3.3  -0.3 0.030    1644.   2.8    7.   0.8   0.6 0.005  2.90   0.70   1.94  10.6  6.5 0.0107 37 207   -13  22 194.8  228   -97   132   1.8 0.009475      6.59     1.75     0.60     0.29     0.22     0.21 -1
2002 130 10 2304 71 71  15  15   5.1   5.1  -2.0 317.3   3.7  -3.4  -0.2  -3.4  -0.5   0.7   0.9   0.5   0.5   0.6   14538.  15.2  361.   2.3   0.2 0.031    4249.   1.1    3.   0.3   0.5 0.007  3.72   0.18   3.47  13.8  6.9 0.0062 37 207    -6  22 194.8  242  -102   140   1.3 0.009475      5.59     1.47     0.51     0.24     0.18     0.17 -1
2002 130 11 2304 71 71  17  17   8.5   8.1  13.7 313.6   5.4  -5.7   1.9  -5.8   1.4   4.0   4.5   2.0   3.5   2.2   57950.  15.3  376.   1.1   1.9 0.031   25622.   7.9   24.   1.2   1.5 0.019  4.06  -0.53   1.64   8.7  5.6 0.0159 37 207     5  22 194.8  233  -105   127   0.4 0.009475      6.14     1.64     0.55     0.25     0.17     0.15 -1
2002 130 12 2304 71 71  14  14  10.1  10.0   6.0 310.1   6.4  -7.6   1.0  -7.7   0.2   1.5   1.8   0.7   1.5   0.6   52965.  32.2  397.  -2.1   2.3 0.050    5183.   4.5    5.   0.7   0.4 0.011 10.17  -0.08   2.38  11.2  6.4 0.0096 23 207    17   9 194.8  160   -54   105   0.5 0.009475      4.62     1.26     0.50     0.27     0.21     0.21 -1
2002 130 13 2304 71 71  15  15   7.2   6.7  32.0 316.7   4.1  -3.9   3.5  -4.3   3.0   1.8   2.9   1.2   2.0   1.7   45618.  36.6  383.  -2.1   3.5 0.032    4148.   4.2    2.   0.5   0.4 0.013 10.11  -1.15   5.11  16.1  6.9 0.0046 23 207    17   9 194.8   81   -20    61   0.2 0.009475 999999.99 99999.99 99999.99 99999.99 99999.99 99999.99  0
2002 130 14 2304 71 71  15  15   8.6   5.9  74.6  53.2   0.9   1.3   5.7   0.4   5.8   1.8   6.3   2.1   5.1   3.1   42828.  36.9  381.  -2.9   2.4 0.036    4790.   5.0    2.   0.3   0.7 0.013 10.23  -2.21   3.55  13.5  6.7 0.0066 23 207    21   9 194.8   79   -26    53  -0.7 0.009475 999999.99 99999.99 99999.99 99999.99 99999.99 99999.99  0
2002 130 15 2304 71 71  15  15   9.2   4.0  54.4  80.5   0.4   2.3   3.2   1.6   3.6   2.4   8.4   1.8   5.6   6.0   46308.  33.7  386.  -3.1   1.6 0.037    3322.   7.2    2.   0.4   0.7 0.011  9.63  -1.39   2.89  12.2  6.5 0.0080 30 207    22  15 194.8   85   -40    45  -1.1 0.009475 999999.99 99999.99 99999.99 99999.99 99999.99 99999.99  0
2002 130 16 2304 71 71  15  15  10.8   8.8  28.2 113.1  -3.1   7.2   4.2   5.9   5.9   0.9   6.2   1.1   3.6   4.9   39161.  32.6  388.  -0.1   1.0 0.027    7557.   6.3    3.   0.8   0.9 0.005  9.08  -2.29   1.95  10.3  6.3 0.0113 30 207    19  15 194.8  149   -59    90  -0.1 0.009475 999999.99 99999.99 99999.99 99999.99 99999.99 99999.99  0
2002 130 17 2304 71 71  15  15   8.3   7.1  29.4 109.9  -2.1   5.8   3.5   4.4   5.1   1.0   4.3   1.2   2.2   3.4   50941.  30.8  385.  -1.4  -0.4 0.033    6894.   2.7    2.   1.4   0.7 0.006  8.63  -1.96   3.33  12.9  6.5 0.0072 30 207    15  15 194.8   80   -38    42  -2.3 0.009475 999999.99 99999.99 99999.99 99999.99 99999.99 99999.99  0
2002 130 18 2304 71 71  15  15   9.5   8.4 -13.6 121.2  -4.2   7.0  -2.0   7.3   0.6   1.0   4.3   3.4   1.0   2.3   63128.  25.7  392.  -2.5  -1.5 0.033    4850.   3.6    5.   0.8   0.4 0.005  7.47  -0.24   2.27  10.5  6.1 0.0109 33 207    13  18 194.8  195   -89   105  -0.2 0.009475 999999.99 99999.99 99999.99 99999.99 99999.99 99999.99  0
2002 130 19 2304 71 71  15  15   9.1   4.5  37.3 147.8  -3.1   1.9   2.8   0.6   3.3   1.2   7.9   2.2   7.2   2.5   52231.  25.7  395.  -0.4  -1.4 0.030    5304.   4.2    3.   0.9   0.6 0.010  7.50  -1.30   2.33  11.0  6.3 0.0098 33 207    14  18 194.8  203   -83   119  -0.7 0.009475 999999.99 99999.99 99999.99 99999.99 99999.99 99999.99  0
2002 130 20 2304 71 71  16  16   8.6   6.8  -3.2 295.0   2.9  -6.1  -0.4  -5.4  -2.9   2.5   5.7   1.5   4.0   3.7   60262.  24.4  405.   0.6  -1.2 0.021   10525.   7.2    7.   0.5   0.8 0.006  7.25   1.17   2.59  11.6  6.5 0.0088 33 207    10  18 194.8  209   -73   136   1.8 0.009475 999999.99 99999.99 99999.99 99999.99 99999.99 99999.99  0
2002 130 21 2304 71 71  15  15   7.9   7.7 -24.8 318.4   5.2  -4.6  -3.2  -2.7  -4.9   0.4   1.4   0.9   0.7   0.8   37424.  23.2  421.   0.5  -2.1 0.029    1528.   1.3    2.   0.4   0.5 0.005  7.66   2.06   2.56  12.8  7.2 0.0072 40 207    -1  27 194.8  467  -229   239   2.2 0.009475 999999.99 99999.99 99999.99 99999.99 99999.99 99999.99  0
2002 130 22 2304 71 71  14  14   6.9   6.5 -14.5 333.8   5.7  -2.8  -1.6  -1.8  -2.7   0.7   2.1   1.2   0.6   1.6   42154.  19.6  411.  -0.2  -2.3 0.032   14535.   4.0   11.   0.8   0.9 0.010  6.24   1.11   2.92  13.2  7.0 0.0068 40 207   -10  27 194.8  886  -548   338   4.2 0.009475 999999.99 99999.99 99999.99 99999.99 99999.99 99999.99  0
2002 130 23 2304 71 71  14  14   6.6   5.9  -9.9 333.4   5.2  -2.6  -1.0  -1.9  -2.0   0.5   2.9   1.1   0.7   2.6   76364.  11.6  371.  -3.6  -2.6 0.044    4639.   1.5    7.   0.6   0.8 0.003  3.14   0.74   2.27   9.6  5.6 0.0130 40 207   -14  27 194.8  392  -144   248   2.7 0.009475 999999.99 99999.99 99999.99 99999.99 99999.99 99999.99  0
2002 131  0 2304 71 71  15  15   7.3   7.0  -9.3 335.5   6.3  -2.9  -1.1  -2.2  -2.2   0.1   2.0   0.2   0.7   1.9   72420.  10.0  364.  -4.4  -3.4 0.046    2868.   0.3    1.   0.3   1.1 0.004  2.62   0.80   1.57   7.9  5.1 0.0191 10 214   -14   4 191.8  156   -58    99   1.6 0.009337 999999.99 99999.99 99999.99 99999.99 99999.99 99999.99  0
2002 131  1 2304 71 71  15  15   7.1   7.0 -37.3 357.4   5.6  -0.3  -4.2   1.4  -4.0   0.2   0.9   0.4   0.2   0.8   62493.  10.5  364.  -2.9  -5.3 0.044    3047.   0.4    3.   0.2   0.4 0.004  2.73   1.46   1.65   8.3  5.3 0.0172 10 214   -11   4 191.8   97   -47    50   0.7 0.009337 999999.99 99999.99 99999.99 99999.99 99999.99 99999.99  0
2002 131  2 2304 71 71  15  15   6.7   6.7 -36.6   2.9   5.3   0.3  -4.0   1.7  -3.6   0.1   0.8   0.4   0.3   0.6   56420.   9.8  362.  -2.3  -5.6 0.048    3845.   0.3    2.   0.2   0.6 0.005  2.56   1.30   1.68   8.5  5.4 0.0166 10 214    -9   4 191.8   68   -39    29   0.6 0.009337 999999.99 99999.99 99999.99 99999.99 99999.99 99999.99  0
2002 131  3 2304 71 71  14  14   6.5   6.3 -31.6 357.8   5.4  -0.2  -3.3   0.9  -3.2   0.1   1.5   0.6   0.6   1.2   53329.   9.0  358.  -2.6  -5.1 0.051    2316.   0.6    4.   0.5   0.9 0.003  2.32   1.15   1.61   8.3  5.3 0.0174  7 214   -11   3 191.8   52   -33    19   0.8 0.009337 999999.99 99999.99 99999.99 99999.99 99999.99 99999.99  0
2002 131  4 2304 71 71  15  15   6.4   6.3 -41.6   9.1   4.6   0.7  -4.2   1.8  -3.8   0.1   1.2   0.6   0.5   0.9   45771.   9.4  355.  -2.6  -5.6 0.053    3962.   0.5    2.   0.2   0.6 0.003  2.40   1.35   1.66   8.5  5.4 0.0165  7 214   -12   3 191.8   46   -25    21   0.5 0.009337 999999.99 99999.99 99999.99 99999.99 99999.99 99999.99  0
2002 131  5 2304 71 71  16  16   6.1   5.8 -50.3  15.8   3.6   1.0  -4.5   2.0  -4.1   0.1   1.7   1.3   0.7   0.9   41832.   9.5  351.  -2.5  -5.6 0.060    6072.   0.5    5.   0.6   0.6 0.004  2.42   1.44   1.81   8.9  5.5 0.0151  7 214   -10   3 191.8   69   -32    37   0.8 0.009337      1.45     0.48     0.28     0.20     0.17     0.17 -1
2002 131  6 2304 71 71  14  14   6.3   6.2 -55.9  17.4   3.3   1.0  -5.1   1.9  -4.8   0.1   1.1   0.7   0.7   0.4   37050.   9.5  350.  -2.4  -5.5 0.065    2604.   0.6    3.   0.7   0.4 0.003  2.45   1.68   1.65   8.6  5.5 0.0162 20 214    -3   7 191.8  166   -63   103   1.0 0.009337      1.52     0.49     0.28     0.20     0.17     0.16 -1
2002 131  7 2304 71 71  15  15   6.5   6.4 -52.1 355.4   3.9  -0.3  -5.0   0.4  -5.0   0.2   1.2   0.6   0.9   0.4   40383.   8.9  348.  -3.2  -5.7 0.061    2441.   0.4    3.   0.9   0.4 0.004  2.24   1.74   1.48   8.0  5.3 0.0186 20 214     0   7 191.8  459  -331   129   2.6 0.009337      1.44     0.49     0.29     0.20     0.18     0.17 -1
2002 131  8 2304 71 71  15  15   7.0   6.8 -26.5 351.7   6.0  -0.9  -3.0  -0.6  -3.1   0.3   1.5   0.8   0.6   1.1   47354.   9.3  341.  -3.0  -4.5 0.056    3419.   0.5    4.   0.8   0.9 0.004  2.21   1.06   1.39   7.4  5.0 0.0216 20 214    -3   7 191.8  377  -248   129   2.9 0.009337      1.40     0.50     0.28     0.20     0.17     0.16 -1
2002 131  9 2304 71 71  15  15   7.9   7.7 -18.1   5.7   7.3   0.7  -2.4   0.9  -2.3   0.3   1.6   0.2   0.7   1.4   50744.   9.5  343.  -1.7  -4.7 0.050    3279.   0.9    5.   0.6   1.1 0.003  2.24   0.79   1.13   6.7  4.8 0.0266 57 214    -1  67 191.8  294  -158   136   2.8 0.009337      1.60     0.58     0.34     0.24     0.21     0.21 -1
2002 131 10 2304 71 71  20  20  13.4  11.7 -56.9 314.9   4.5  -4.5  -9.8  -3.7 -10.1   5.1   7.9   3.0   5.4   4.9   79341.  17.2  400.  -4.4  -6.7 0.050   34544.  10.0   47.   2.9   1.6 0.009  5.52   4.04   0.83   6.2  4.7 0.0310 57 214    15  67 191.8  959  -587   372   6.1 0.009337      1.57     0.61     0.38     0.28     0.25     0.24 -1
2002 131 11 2304 71 71  14  14  12.7   8.1 -41.7 253.1  -1.7  -5.8  -5.4  -5.3  -5.8   4.4  10.2   2.4   8.5   5.2   93969.  52.2  441.  -2.8  -4.7 0.041    8904.  13.6    6.   2.7   1.3 0.013 19.73   2.56   2.99  12.5  6.6 0.0076 57 214     0  67 191.8 1287  -922   365   6.4 0.009337      1.58     0.57     0.31     0.18     0.15     0.15 -1
2002 131 12 2304 71 71  15  15  18.9  11.4  11.5  58.4   5.9   9.5   2.3   9.2   3.2   3.4  14.4   4.5   5.6  12.5  135183.  28.1  435.   2.1  -7.3 0.033   19087.  11.5    5.   1.5   2.2 0.007 10.05  -1.39   0.86   6.1  4.6 0.0320 67 214   -12 111 191.8  532  -281   251   3.8 0.009337      2.17     0.81     0.44     0.31     0.27     0.27 -1
2002 131 13 2304 71 71  15  15  16.5  15.7 -35.9  74.9   3.3  12.3  -9.2  13.3  -7.7   2.2   4.9   2.3   1.8   3.9  136942.  29.7  432.   4.1  -6.9 0.027   34861.   7.0    4.   1.7   2.0 0.007 10.26   3.33   1.20   7.1  5.0 0.0234 67 214    -7 111 191.8  704  -346   357   4.3 0.009337      2.83     1.21     0.52     0.26     0.19     0.19 -1
2002 131 14 2304 71 71  15  15  18.2  14.7 -71.2  31.8   4.0   2.5 -13.9   4.6 -13.3   2.9  10.6   1.9   8.7   5.8   88620.  25.0  432.   2.1  -2.4 0.029   21703.  10.7    7.   1.7   3.1 0.007  8.70   5.75   0.68   5.9  4.7 0.0338 67 214   -23 111 191.8  697  -297   399   2.6 0.009337 999999.99 99999.99 99999.99 99999.99 99999.99 99999.99  0
2002 131 15 2304 71 71  15  15  18.8  12.2 -64.0 307.9   3.3  -4.2 -11.0  -1.9 -11.6   1.0  13.2   3.1   9.8   8.3  160535.  14.2  443.   6.0  -1.1 0.028   67493.   7.7   11.   3.6   3.1 0.017  5.18   5.14   0.48   4.4  3.7 0.0603 67 214   -64 111 191.8 1155  -789   366   3.9 0.009337 999999.99 99999.99 99999.99 99999.99 99999.99 99999.99  0
2002 131 16 2304 71 71  14  14  19.4  17.6 -59.0 300.8   4.6  -7.8 -15.0  -3.8 -16.5   0.7   7.9   2.3   7.1   2.4  220585.   5.1  438.   8.0  -3.4 0.055   26217.   2.1    5.   2.3   2.0 0.017  1.99   7.23   0.20   2.5  2.4 0.1830 67 214   -82 111 191.8  819  -440   379   3.4 0.009337 999999.99 99999.99 99999.99 99999.99 99999.99 99999.99  0
2002 131 17 2304 71 71  15  15  16.4  15.3 -84.0  30.4   1.4   0.8 -15.2   5.4 -14.2   0.5   5.4   1.4   5.2   0.7  103855.   9.0  422.   6.4  -7.1 0.045   18984.   4.3    7.   4.6   1.1 0.012  3.16   5.99   0.32   3.9  3.4 0.0798 67 214   -97 111 191.8  746  -412   334   4.2 0.009337 999999.99 99999.99 99999.99 99999.99 99999.99 99999.99  0
2002 131 18 2304 71 71  16  16  16.2  15.7 -52.2 273.1   0.5  -9.6 -12.4  -4.6 -15.0   0.4   3.7   1.8   2.3   2.3  125323.   4.7  416.  -0.0  -5.9 0.064   34267.   1.8    7.   2.2   2.0 0.027  1.71   6.24   0.19   2.8  2.6 0.1535 53 214  -104  56 191.8  807  -444   363   4.5 0.009337 999999.99 99999.99 99999.99 99999.99 99999.99 99999.99  0
2002 131 19 2304 71 71  14  14  14.6  13.3 -14.4 245.7  -5.3 -11.8  -3.3  -9.6  -7.6   2.0   5.6   2.7   1.8   4.5  144370.   8.1  437.  -3.4  -3.2 0.063   36495.   2.3   14.   3.3   2.1 0.021  3.23   3.32   0.43   4.3  3.6 0.0656 53 214  -110  56 191.8 1138  -877   261   3.9 0.009337 999999.99 99999.99 99999.99 99999.99 99999.99 99999.99  0
2002 131 20 2304 71 71  15  15  12.2  10.2  19.8 256.7  -2.2  -9.4   3.5 -10.0  -0.7   1.7   6.2   1.7   5.9   1.1  192413.  11.9  426.   1.4   0.7 0.038   28967.   2.2    5.   2.0   1.3 0.016  4.15   0.30   1.07   6.0  4.3 0.0328 53 214  -105  56 191.8  758  -452   306   3.4 0.009337 999999.99 99999.99 99999.99 99999.99 99999.99 99999.99  0
2002 131 21 2304 71 71  15  15  11.3  10.8  10.6 266.1  -0.7 -10.6   2.0 -10.4  -2.8   1.0   3.0   1.6   1.3   2.1  204745.  12.8  431.  -1.1   0.3 0.030   17930.   1.3    9.   1.9   0.7 0.005  4.45   1.21   1.39   6.8  4.6 0.0255 43 214   -93  32 191.8  652  -337   315   2.4 0.009337 999999.99 99999.99 99999.99 99999.99 99999.99 99999.99  0
2002 131 22 2304 71 71  15  15  11.6  11.5 -18.9 248.9  -3.9 -10.2  -3.7  -7.5  -7.8   0.7   1.2   0.6   0.8   0.7  174609.  10.7  417.  -0.5  -1.6 0.036    9790.   1.7    3.   0.7   1.4 0.009  3.55   3.25   1.00   5.9  4.3 0.0344 43 214   -89  32 191.8  766  -511   255   3.7 0.009337 999999.99 99999.99 99999.99 99999.99 99999.99 99999.99  0
2002 131 23 2304 71 71  15  15  10.5   8.8 -75.0 284.7   0.6  -2.2  -8.5   1.7  -8.6   1.0   5.3   1.6   4.8   1.6  175432.   7.9  423.   2.1   1.9 0.029   31235.   1.6    3.   2.7   3.0 0.003  2.63   3.64   0.91   5.7  4.2 0.0371 43 214   -89  32 191.8  756  -439   317   5.2 0.009337 999999.99 99999.99 99999.99 99999.99 99999.99 99999.99  0
2002 132  0 2304 71 71  16  16   6.6   5.5 -68.7 351.5   2.0  -0.3  -5.1   1.9  -4.8   1.1   3.4   2.4   1.7   1.8  236098.   5.3  428.   1.5   1.8 0.038   32657.   2.4    8.   3.5   2.3 0.009  1.87   2.05   1.84   7.5  4.6 0.0213 47 202   -97  39 187.1  550  -319   232   4.1 0.009170 999999.99 99999.99 99999.99 99999.99 99999.99 99999.99  0
2002 132  1 2304 71 71  15  15   6.5   4.6 -33.2 348.2   3.8  -0.8  -2.5   0.2  -2.6   1.7   4.3   2.8   2.8   1.7  256212.   3.8  436.  -2.0  -0.7 0.056   35407.   0.3    7.   1.4   1.2 0.022  1.48   1.13   1.44   6.5  4.4 0.0278 47 202   -88  39 187.1  454  -262   192   3.8 0.009170 999999.99 99999.99 99999.99 99999.99 99999.99 99999.99  0
2002 132  2 2304 71 71  16  16   4.4   2.8 -24.6 343.9   2.4  -0.7  -1.2  -0.2  -1.4   0.3   3.1   1.2   1.5   2.5  229480.   2.7  473.  -3.1  -1.0 0.065   21668.   0.5   13.   0.3   0.9 0.016  1.27   0.66   2.08   8.8  5.3 0.0152 47 202   -76  39 187.1  563  -337   225   4.5 0.009170 999999.99 99999.99 99999.99 99999.99 99999.99 99999.99  0
2002 132  3 2304 71 71  15  15   4.3   3.9   0.5 332.7   3.4  -1.8   0.0  -1.7  -0.6   0.1   1.7   0.8   1.0   1.0  207503.   2.7  481.  -2.9  -0.8 0.034   15724.   0.2    3.   0.6   0.5 0.004  1.19   0.29   2.04   9.2  5.5 0.0141 30 202   -77  15 187.1  218   -98   121   1.5 0.009170 999999.99 99999.99 99999.99 99999.99 99999.99 99999.99  0
2002 132  4 2304 71 71  15  15   4.5   4.2 -10.6 351.3   4.0  -0.6  -0.8  -0.4  -0.9   0.2   1.4   0.5   0.9   1.0  210623.   2.8  482.  -2.3  -1.3 0.030   10717.   0.1    2.   0.8   0.6 0.002  1.22   0.43   1.95   9.0  5.5 0.0148 30 202   -75  15 187.1  209   -74   135   1.3 0.009170 999999.99 99999.99 99999.99 99999.99 99999.99 99999.99  0
2002 132  5 2304 71 71  16  16   5.3   4.4 -19.5 317.3   3.0  -2.8  -1.5  -2.4  -2.1   0.5   2.9   1.3   2.5   0.8  164794.   2.6  487.  -2.5  -2.1 0.028   26779.   0.3    8.   1.4   0.6 0.002  1.15   1.02   1.13   7.4  5.3 0.0217 30 202   -72  15 187.1  221   -98   123   1.0 0.009170 999999.99 99999.99 99999.99 99999.99 99999.99 99999.99  0
2002 132  6 2304 71 71  15  15   5.7   5.5 -21.3 300.9   2.6  -4.4  -2.0  -4.0  -2.8   0.1   1.1   0.8   0.5   0.5  134416.   2.2  493.  -2.6  -2.2 0.030    3804.   0.1    5.   0.6   0.6 0.002  1.00   1.38   0.74   6.4  5.0 0.0289 37 202   -69  22 187.1  379  -242   137   1.6 0.009170 999999.99 99999.99 99999.99 99999.99 99999.99 99999.99  0
2002 132  7 2304 71 71  15  15   5.8   5.4 -47.1 312.9   2.5  -2.7  -4.0  -2.1  -4.3   0.1   1.9   0.6   1.4   1.0  120982.   2.1  509.  -2.4  -4.8 0.031    6089.   0.2    7.   1.6   1.2 0.003  1.02   2.19   0.65   6.4  5.1 0.0294 37 202   -57  22 187.1  591  -325   266   3.9 0.009170 999999.99 99999.99 99999.99 99999.99 99999.99 99999.99  0
2002 132  8 2304 71 71  15  15   5.3   4.6   7.3 328.3   3.8  -2.4   0.6  -2.5   0.3   0.2   2.5   0.6   0.7   2.2  161661.   2.1  509.  -0.5   0.2 0.043   11026.   0.1   10.   0.9   2.2 0.008  1.06  -0.15   0.90   7.0  5.2 0.0246 37 202   -59  22 187.1  498  -250   248   3.3 0.009170 999999.99 99999.99 99999.99 99999.99 99999.99 99999.99  0
2002 132  9 2304 71 71  15  15   5.3   5.2  29.4 309.3   2.9  -3.5   2.6  -3.7   2.3   0.0   0.6   0.3   0.4   0.3  141551.   1.9  520.  -1.2   2.2 0.040    6249.   0.1    4.   0.5   0.4 0.008  1.00  -1.20   0.76   6.8  5.3 0.0260 20 202   -59   7 187.1  198   -92   106   0.0 0.009170      0.90     0.48     0.36     0.29     0.28     0.28 -1
2002 132 10 2304 71 71  15  15   5.1   4.6  26.5 322.6   3.3  -2.5   2.1  -2.6   1.9   0.1   1.8   0.7   1.3   1.1  147144.   2.0  520.  -0.6   1.0 0.036   10155.   0.2    7.   1.7   1.3 0.003  1.03  -0.99   0.88   7.2  5.4 0.0229 20 202   -51   7 187.1   81   -38    43  -0.6 0.009170      0.78     0.37     0.25     0.20     0.18     0.16 -1
2002 132 11 2304 71 71  15  15   4.9   4.6  11.3 326.6   3.8  -2.5   0.9  -2.6   0.7   0.0   1.3   0.7   0.7   0.8  138893.   1.9  512.  -0.9  -0.3 0.044   10724.   0.1   10.   0.9   0.9 0.005  0.98  -0.36   0.88   7.2  5.4 0.0229 20 202   -50   7 187.1  136   -79    57   0.7 0.009170      0.79     0.38     0.26     0.21     0.19     0.19 -1
2002 132 12 2304 71 71  15  15   4.8   4.5 -53.5 347.1   2.6  -0.6  -3.6  -0.3  -3.6   0.1   1.0   0.7   0.6   0.4  137792.   1.8  523.  -0.2  -6.1 0.042    9731.   0.1    7.   1.0   0.6 0.004  0.96   1.88   0.87   7.3  5.5 0.0223 27 202   -54  12 187.1  210  -132    78   1.3 0.009170      0.90     0.48     0.34     0.27     0.25     0.24 -1
2002 132 13 2304 71 71  15  15   4.9   4.1 -47.3  34.7   2.3   1.6  -3.0   1.9  -2.8   0.1   2.2   0.9   1.1   1.7  137743.   1.9  524.   2.7  -5.5 0.041   13284.   0.1   10.   1.7   2.0 0.005  1.01   1.47   0.88   7.4  5.6 0.0219 27 202   -56  12 187.1  520  -366   154   3.1 0.009170      0.84     0.46     0.33     0.28     0.25     0.24 -1
2002 132 14 2304 71 71  14  14   4.9   4.6 -30.9 359.7   3.9   0.0  -2.3   0.3  -2.3   0.0   1.2   0.6   0.4   0.9  141832.   1.9  500.   0.4  -4.5 0.039   10156.   0.1    9.   0.7   1.5 0.004  0.92   1.15   0.89   7.0  5.3 0.0240 27 202   -61  12 187.1  651  -469   182   2.3 0.009170      0.87     0.47     0.34     0.27     0.25     0.25 -1
2002 132 15 2304 71 71  16  16   5.0   4.1  10.7 348.1   4.0  -0.8   0.8  -0.9   0.6   0.1   2.5   0.9   2.0   1.3  133280.   2.1  496.   0.1  -0.5 0.040    7111.   0.1   10.   2.9   1.5 0.005  1.00  -0.30   0.91   7.2  5.4 0.0230 23 202   -55   9 187.1  360  -246   114   1.8 0.009170      0.85     0.47     0.34     0.28     0.24     0.21 -1
2002 132 16 2304 71 71  14  14   5.1   4.6  28.3 342.8   3.9  -1.2   2.2  -1.7   1.8   0.1   2.1   0.8   1.6   1.2  111372.   2.3  494.   0.0   1.2 0.030    9883.   0.2    6.   1.9   1.6 0.003  1.05  -0.89   0.88   7.3  5.5 0.0220 23 202   -52   9 187.1  163  -117    47   0.5 0.009170 999999.99 99999.99 99999.99 99999.99 99999.99 99999.99  0
2002 132 17 2304 71 71  15  15   5.0   4.5  17.9 343.0   4.1  -1.2   1.4  -1.6   1.0   0.0   1.9   1.0   1.1   1.2  113158.   2.3  486.  -0.6   0.2 0.028    4215.   0.1   12.   1.3   1.8 0.002  1.01  -0.49   0.92   7.4  5.5 0.0219 23 202   -47   9 187.1   55   -35    20   1.3 0.009170      0.74     0.37     0.24     0.18     0.16     0.16 -1
2002 132 18 2304 71 71  15  15   5.1   4.4   3.8 345.0   4.3  -1.1   0.3  -1.1  -0.1   0.1   2.0   0.5   1.7   0.9  119706.   2.3  482.  -0.7  -1.1 0.030   11051.   0.1    5.   2.3   1.2 0.003  1.00   0.05   0.91   7.2  5.4 0.0232 20 202   -46   7 187.1   52   -22    30   1.5 0.009170 999999.99 99999.99 99999.99 99999.99 99999.99 99999.99  0
2002 132 19 2304 71 71  15  15   5.2   4.6  10.1 321.6   3.5  -2.8   0.8  -2.9  -0.3   0.1   1.7   0.7   0.8   1.3  112087.   2.5  489.  -3.0  -0.6 0.030    8960.   0.2    9.   1.3   1.4 0.004  1.12   0.15   0.92   7.4  5.5 0.0215 20 202   -44   7 187.1   96   -40    57   1.0 0.009170 999999.99 99999.99 99999.99 99999.99 99999.99 99999.99  0
2002 132 20 2304 71 71  15  15   5.3   4.5  26.8 350.0   4.0  -0.7   2.0  -1.5   1.5   0.1   2.1   1.4   1.0   1.4  113999.   2.7  482.  -0.4   0.8 0.036    8551.   0.2   16.   1.6   1.7 0.007  1.20  -0.72   0.97   7.5  5.5 0.0213 20 202   -45   7 187.1   93   -36    57   0.3 0.009170 999999.99 99999.99 99999.99 99999.99 99999.99 99999.99  0
2002 132 21 2304 71 71  15  15   5.6   5.4 -25.8 358.8   4.9  -0.1  -2.4   0.9  -2.2   0.2   1.3   0.3   0.6   1.1  110767.   2.6  461.  -1.5  -4.2 0.034    9715.   0.2    5.   0.5   1.2 0.006  1.05   1.01   0.82   6.6  5.1 0.0270 23 202   -44   9 187.1  119   -70    49   0.2 0.009170 999999.99 99999.99 99999.99 99999.99 99999.99 99999.99  0
2002 132 22 2304 71 71  14  14   6.1   5.9 -31.6  10.5   4.9   0.9  -3.1   2.2  -2.4   0.1   1.2   0.5   0.9   0.7   94666.   2.6  454.  -0.4  -5.2 0.034    9432.   0.1    6.   1.4   0.9 0.008  1.02   1.09   0.65   6.0  4.8 0.0330 23 202   -39   9 187.1  221  -126    95   1.4 0.009170 999999.99 99999.99 99999.99 99999.99 99999.99 99999.99  0
2002 132 23 2304 71 71  16  16   6.1   5.3 -22.1  27.5   4.3   2.3  -2.0   2.9  -0.8   0.1   2.3   0.8   1.1   1.9  115270.   2.6  461.   0.6  -3.8 0.034   14522.   0.1   10.   2.0   2.1 0.004  1.05   0.37   0.71   6.1  4.8 0.0320 23 202   -37   9 187.1  430  -271   159   2.7 0.009170 999999.99 99999.99 99999.99 99999.99 99999.99 99999.99  0
2002 133  0 2304 71 71  15  15   6.2   4.7 -44.3  90.9  -0.1   3.4  -3.3   4.5  -1.6   0.2   3.6   2.9   0.8   2.0  106634.   2.9  499.   1.1  -5.2 0.030   15265.   0.2   25.   0.9   2.2 0.002  1.35   0.80   0.74   6.9  5.4 0.0253 37 161   -38  22 175.6  413  -203   210   3.1 0.009050 999999.99 99999.99 99999.99 99999.99 99999.99 99999.99  0
2002 133  1 2304 71 71  15  15   5.9   5.0 -29.9  40.8   3.3   2.8  -2.5   3.5  -1.2   0.2   2.8   0.9   1.5   2.2  113126.   2.6  464.   0.5  -4.8 0.030   20687.   0.2    8.   1.8   2.0 0.003  1.05   0.56   0.75   6.3  4.9 0.0296 37 161   -44  22 175.6  405  -228   176   3.0 0.009050 999999.99 99999.99 99999.99 99999.99 99999.99 99999.99  0
2002 133  2 2304 71 71  15  15   6.1   5.3 -52.5  72.7   1.0   3.1  -4.2   4.4  -2.8   0.2   2.4   2.0   0.9   0.8  103141.   2.8  485.   0.4  -6.8 0.034   14390.   0.2   19.   1.2   1.0 0.003  1.25   1.36   0.72   6.7  5.2 0.0269 37 161   -40  22 175.6  636  -405   231   4.9 0.009050 999999.99 99999.99 99999.99 99999.99 99999.99 99999.99  0
2002 133  3 2304 71 71  15  15   6.0   4.8   3.3  43.9   3.4   3.3   0.3   3.0   1.3   0.2   3.4   0.7   0.9   3.2  126247.   3.0  463.   0.2  -2.8 0.035   17552.   0.3    4.   0.9   2.7 0.003  1.22  -0.60   0.88   6.7  5.0 0.0266 27 161   -41  12 175.6  369  -211   158   3.6 0.009050 999999.99 99999.99 99999.99 99999.99 99999.99 99999.99  0
2002 133  4 2304 71 71  15  15   6.4   6.1 -42.5  62.7   2.1   4.0  -4.1   4.9  -2.9   0.2   1.6   1.0   0.9   0.9  105987.   2.6  470.   0.2  -6.5 0.033    8280.   0.2    7.   1.0   1.0 0.006  1.09   1.36   0.62   5.9  4.8 0.0339 27 161   -39  12 175.6  454  -184   270   3.9 0.009050 999999.99 99999.99 99999.99 99999.99 99999.99 99999.99  0
2002 133  5 2304 71 71  15  15   6.2   5.1 -25.7  62.6   2.1   4.1  -2.2   4.5  -1.2   0.4   2.9   1.6   1.3   2.1  130786.   2.7  476.  -1.0  -5.2 0.040   20740.   0.2   14.   1.3   2.0 0.011  1.19   0.57   0.76   6.3  4.9 0.0299 27 161   -38  12 175.6  379  -184   195   2.4 0.009050 999999.99 99999.99 99999.99 99999.99 99999.99 99999.99  0
2002 133  6 2304 71 71  14  14   6.3   5.5 -10.5  28.9   4.8   2.6  -1.0   2.7  -0.5   0.1   2.8   1.3   1.5   2.0  164871.   3.0  465.  -2.7  -4.3 0.043    7013.   0.2   14.   1.1   1.7 0.005  1.27   0.23   0.92   6.4  4.8 0.0291 10 161   -35   4 175.6  194  -126    68   1.3 0.009050 999999.99 99999.99 99999.99 99999.99 99999.99 99999.99  0
2002 133  7 2304 71 71  15  15   6.6   6.1  26.6  17.3   5.2   1.6   2.7   1.2   2.9   0.1   1.7   0.6   1.3   1.0  130454.   3.0  454.  -2.8  -1.3 0.052   15857.   0.2    6.   1.3   1.1 0.009  1.25  -1.32   0.74   6.0  4.7 0.0335 10 161   -30   4 175.6   69   -47    22   0.1 0.009050 999999.99 99999.99 99999.99 99999.99 99999.99 99999.99  0
2002 133  8 2304 71 71  15  15   6.6   6.3  32.5  11.0   5.2   1.0   3.4   0.6   3.5   0.1   1.5   0.7   0.3   1.3  106937.   2.9  452.  -3.4  -0.6 0.046   17178.   0.1    4.   0.5   1.3 0.006  1.17  -1.58   0.65   5.8  4.7 0.0350 10 161   -29   4 175.6   40   -25    15  -0.4 0.009050 999999.99 99999.99 99999.99 99999.99 99999.99 99999.99  0
2002 133  9 2304 71 71  16  16   6.4   6.4  58.1  22.9   3.1   1.3   5.4   0.9   5.5   0.1   0.7   0.5   0.4   0.3   83743.   3.1  461.  -2.1   1.1 0.038    3954.   0.2    5.   0.6   0.4 0.004  1.27  -2.54   0.67   6.3  5.0 0.0296 13 161   -28   5 175.6   53   -30    23  -0.5 0.009050 999999.99 99999.99 99999.99 99999.99 99999.99 99999.99  0
2002 133 10 2304 71 71  14  14   6.5   3.6 -18.7  40.0   2.6   2.2  -1.2   2.3  -1.0   0.3   4.8   2.2   1.3   4.0   97432.   2.9  471.  -2.6  -3.9 0.049   21564.   0.4   13.   0.6   3.3 0.011  1.28   0.47   0.64   6.2  4.9 0.0312 13 161   -24   5 175.6  136   -44    92   1.8 0.009050 999999.99 99999.99 99999.99 99999.99 99999.99 99999.99  0
2002 133 11 2304 71 71  15  15   6.5   6.3  10.9  29.1   5.4   3.0   1.2   2.9   1.4   0.2   1.2   0.3   0.9   0.8  117189.   3.2  453.  -1.5  -3.3 0.036    8087.   0.1    2.   0.5   0.7 0.011  1.25  -0.63   0.77   6.2  4.8 0.0306 13 161   -23   5 175.6  134   -83    51   0.9 0.009050      0.86     0.50     0.39     0.34     0.32     0.32 -1
2002 133 12 2304 71 71  16  16   6.2   5.2  12.9  34.0   4.2   2.8   1.2   2.7   1.4   0.6   3.4   3.0   0.5   1.6  118120.   3.8  458.  -2.1  -3.0 0.043   17041.   1.1   12.   1.5   0.5 0.008  1.56  -0.64   1.01   7.2  5.3 0.0229 23 161   -19   9 175.6   87   -46    41  -0.2 0.009050      0.71     0.40     0.29     0.24     0.22     0.21 -1
2002 133 13 2304 71 71  14  14   4.9   2.6 -13.6  71.3   0.8   2.4  -0.6   2.5  -0.3   1.0   4.1   3.0   1.6   2.4   95613.   6.6  472.  -3.7  -3.2 0.042   18803.   1.7   10.   0.5   0.7 0.008  2.87   0.14   2.56  12.4  6.9 0.0078 23 161   -12   9 175.6  157   -73    84   0.9 0.009050      0.52     0.28     0.19     0.14     0.13     0.13 -1
2002 133 14 2304 71 71  15  15   5.0   3.9  31.4   9.2   3.3   0.5   2.0   0.2   2.1   0.7   2.7   1.7   1.7   1.1   71067.  10.1  456.  -3.7  -2.0 0.034   22087.   3.6    3.   0.6   0.4 0.009  3.98  -0.96   3.35  14.5  7.3 0.0057 23 161    -7   9 175.6   86   -50    36  -0.7 0.009050      0.61     0.37     0.28     0.24     0.22     0.21 -1
2002 133 15 2304 71 71  14  14   4.8   4.0  54.3 350.6   2.3  -0.4   3.2  -1.0   3.1   0.9   2.4   0.7   2.1   1.1   34067.  14.0  448.  -2.9  -1.3 0.034    1485.   3.3    2.   0.5   0.4 0.006  5.33  -1.39   4.11  17.5  8.2 0.0039 13 161    -3   5 175.6   88   -51    37  -0.2 0.009050      0.61     0.35     0.27     0.22     0.20     0.20 -1
2002 133 16 2304 71 71  15  15   5.8   5.7  41.1 332.3   3.8  -2.0   3.8  -2.9   3.2   0.2   0.7   0.6   0.2   0.4   32712.  12.0  446.  -2.0  -1.3 0.032     836.   0.8    1.   0.4   0.2 0.003  4.50  -1.43   2.39  13.3  7.6 0.0067 13 161    -8   5 175.6   57   -41    15   0.6 0.009050      0.55     0.31     0.22     0.17     0.15     0.15 -1
2002 133 17 2304 71 71  15  15   5.6   5.6  34.1 334.1   4.2  -2.0   3.1  -2.8   2.4   0.3   0.5   0.3   0.2   0.2   26051.  12.6  443.  -1.2  -1.2 0.035    2356.   1.0    2.   0.2   0.3 0.005  4.71  -1.06   2.58  14.0  7.8 0.0060 13 161    -8   5 175.6   66   -39    27   1.0 0.009050      0.52     0.27     0.18     0.14     0.13     0.13 -1
2002 133 18 2304 71 71  15  15   5.0   4.8  51.9 339.7   2.8  -1.0   3.8  -2.2   3.2   0.4   1.5   0.7   1.1   0.8   36398.  13.5  440.  -1.2  -1.2 0.040    8786.   0.7    1.   0.5   0.3 0.006  5.06  -1.41   3.70  16.2  7.9 0.0046 10 161    -7   4 175.6   62   -29    33   0.7 0.009050      0.51     0.26     0.16     0.13     0.12     0.12 -1
2002 133 19 2304 71 71  15  15   4.2   3.9  76.1 341.7   0.9  -0.3   3.8  -1.7   3.4   0.3   1.3   0.9   0.9   0.4   55436.  11.7  437.  -1.4  -1.5 0.034    6877.   1.4    3.   0.5   0.3 0.005  4.24  -1.49   5.07  17.8  7.7 0.0038 10 161    -9   4 175.6   45   -20    25  -0.0 0.009050      0.58     0.33     0.22     0.18     0.17     0.17 -1
2002 133 20 2304 71 71  15  15   5.3   5.0  85.4 353.0   0.4   0.0   4.9  -2.0   4.5   0.4   1.5   1.1   0.9   0.5   55036.  10.9  437.  -1.1  -0.9 0.050    6754.   0.4    3.   0.4   0.3 0.011  4.17  -1.97   2.96  13.6  7.2 0.0064 10 161    -9   4 175.6   57   -31    26  -0.2 0.009050      0.63     0.36     0.26     0.23     0.21     0.19 -1
2002 133 21 2304 71 71  15  15   5.9   5.7  64.5 350.5   2.4  -0.4   5.1  -2.5   4.4   0.4   1.5   1.0   0.6   0.9   50550.  11.9  438.  -0.6  -0.6 0.071    4602.   0.5    5.   0.3   0.3 0.011  4.90  -1.93   2.54  12.8  7.2 0.0073 10 161    -7   4 175.6   65   -36    30  -0.6 0.009050      0.62     0.36     0.27     0.23     0.21     0.20 -1
2002 133 22 2304 71 71  15  15   6.8   5.0  32.7 349.0   4.1  -0.8   2.7  -1.9   2.1   0.3   4.5   3.4   1.2   2.7   49006.  11.9  437.   0.3   0.6 0.062    9740.   2.0   12.   0.4   0.7 0.009  4.74  -0.92   1.90  11.1  6.8 0.0097 10 161    -7   4 175.6   77   -35    42  -0.6 0.009050      0.54     0.26     0.17     0.15     0.15     0.15 -1
2002 133 23 2304 71 71  15  15   7.7   7.5   3.6 341.6   7.1  -2.4   0.5  -2.4  -0.6   0.6   1.7   0.7   0.2   1.5   33091.  13.5  439.   0.4  -0.4 0.058    3184.   1.0    3.   0.1   0.6 0.009  5.35   0.26   1.53  10.5  6.9 0.0108 10 161    -7   4 175.6   65   -31    34  -0.3 0.009050 999999.99 99999.99 99999.99 99999.99 99999.99 99999.99  0
2002 134  0 2304 71 71  14  14   8.3   8.0 -21.4 343.4   7.2  -2.1  -2.9  -0.7  -3.5   0.9   2.1   1.5   0.5   1.3   81287.   9.5  422.   0.6  -0.6 0.047   35451.   4.7   10.   0.6   0.5 0.009  3.36   1.48   1.20   7.8  5.5 0.0194 37 118    -8  22 164.2  125   -36    89   1.0 0.008691 999999.99 99999.99 99999.99 99999.99 99999.99 99999.99  0
2002 134  1 2304 71 71  16  16  10.0   8.2 -49.3 340.8   5.1  -1.8  -6.2   0.7  -6.4   0.4   5.5   3.0   1.6   4.4   90991.   4.1  440.   0.4  -5.6 0.039   22502.   1.0   16.   0.9   2.8 0.008  1.53   2.82   0.37   4.5  3.9 0.0599 37 118   -18  22 164.2  253   -77   177   2.0 0.008691 999999.99 99999.99 99999.99 99999.99 99999.99 99999.99  0
2002 134  2 2304 71 71  14  14   9.9   9.6 -33.7 317.1   5.8  -5.4  -5.3  -3.2  -6.8   0.2   2.0   0.9   1.1   1.4   82606.   3.5  428.  -3.4  -4.5 0.047    7289.   0.3    7.   1.2   1.2 0.017  1.27   2.91   0.31   4.0  3.6 0.0727 37 118   -33  22 164.2  479  -259   221   3.2 0.008691 999999.99 99999.99 99999.99 99999.99 99999.99 99999.99  0
2002 134  3 2304 71 71  16  16   9.3   8.0 -25.4 311.0   4.7  -5.4  -3.4  -4.1  -4.9   0.3   4.2   1.9   1.5   3.4  104123.   3.7  441.  -3.2  -2.5 0.043   24230.   0.3   19.   1.6   3.4 0.011  1.41   2.16   0.41   4.6  3.9 0.0572 47 118   -47  39 164.2  737  -498   238   3.3 0.008691 999999.99 99999.99 99999.99 99999.99 99999.99 99999.99  0
2002 134  4 2304 71 71  15  15   8.6   7.7 -32.4 322.1   5.1  -4.0  -4.1  -2.8  -5.0   0.1   3.0   1.1   0.7   2.6  142827.   3.8  449.  -2.5  -2.6 0.046    9706.   0.3    7.   1.0   3.4 0.025  1.51   2.25   0.58   5.1  4.2 0.0459 47 118   -52  39 164.2  523  -265   258   2.4 0.008691 999999.99 99999.99 99999.99 99999.99 99999.99 99999.99  0
2002 134  5 2304 71 71  15  15   8.5   6.7 -26.3 314.3   4.2  -4.3  -3.0  -3.6  -3.9   0.1   4.6   3.2   0.9   3.2  148386.   4.1  463.  -2.0  -1.2 0.034   13921.   0.4   29.   1.3   3.7 0.004  1.67   1.81   0.65   5.5  4.4 0.0391 47 118   -46  39 164.2  565  -250   316   2.7 0.008691 999999.99 99999.99 99999.99 99999.99 99999.99 99999.99  0
2002 134  6 2304 71 71  15  15   8.6   8.0 -33.7 333.0   5.9  -3.0  -4.4  -2.2  -4.8   0.0   2.9   1.3   1.7   2.1  126849.   3.8  440.  -0.1  -3.0 0.034    6353.   0.2   10.   2.0   2.3 0.003  1.40   2.11   0.55   5.0  4.1 0.0478 43 118   -46  32 164.2  662  -341   322   3.0 0.008691 999999.99 99999.99 99999.99 99999.99 99999.99 99999.99  0
2002 134  7 2304 71 71  15  15   8.6   7.7 -16.0 350.7   7.3  -1.2  -2.1  -0.9  -2.2   0.1   3.3   1.0   2.3   2.1  125216.   3.8  429.   3.4  -1.3 0.041   15738.   0.3   12.   3.1   2.8 0.005  1.36   0.94   0.54   4.9  4.0 0.0503 43 118   -58  32 164.2  689  -486   203   3.3 0.008691 999999.99 99999.99 99999.99 99999.99 99999.99 99999.99  0
2002 134  8 2304 71 71  16  16   8.8   8.3 -28.0 311.3   4.8  -5.5  -3.9  -5.1  -4.4   0.1   2.9   2.0   0.8   1.9  150068.   3.8  452.  -1.5  -3.5 0.036    9959.   0.2   16.   0.7   2.2 0.004  1.48   1.99   0.57   5.0  4.1 0.0475 43 118   -61  32 164.2  733  -517   216   3.1 0.008691 999999.99 99999.99 99999.99 99999.99 99999.99 99999.99  0
2002 134  9 2304 71 71  13  13   9.3   7.8 -33.8 327.7   5.5  -3.5  -4.3  -3.2  -4.6   0.1   4.4   3.0   2.4   2.2  150813.   3.7  444.   2.4  -4.7 0.040   20413.   0.2   25.   3.0   2.1 0.009  1.41   2.04   0.50   4.6  3.8 0.0564 37 118   -48  22 164.2  645  -295   349   4.4 0.008691 999999.99 99999.99 99999.99 99999.99 99999.99 99999.99  0
2002 134 10 2304 71 71  15  15   9.4   8.4 -37.6 330.1   5.8  -3.3  -5.1  -3.0  -5.3   0.2   3.7   1.6   1.0   3.2  170808.   3.8  435.   3.2  -4.9 0.043   16835.   0.3   13.   1.6   3.3 0.006  1.41   2.31   0.54   4.5  3.7 0.0585 37 118   -52  22 164.2  732  -400   333   4.5 0.008691 999999.99 99999.99 99999.99 99999.99 99999.99 99999.99  0
2002 134 11 2304 71 71  15  15   9.5   9.0 -19.9 318.4   6.3  -5.6  -3.1  -5.4  -3.4   0.2   2.9   1.6   0.8   2.3  150817.   3.8  433.   2.3  -3.1 0.045   18610.   0.3   15.   1.0   2.5 0.009  1.40   1.47   0.49   4.4  3.7 0.0603 37 118   -57  22 164.2  471  -314   157   2.2 0.008691 999999.99 99999.99 99999.99 99999.99 99999.99 99999.99  0
2002 134 12 2304 71 71  16  16   9.6   9.1  -7.3 319.4   6.9  -5.9  -1.2  -5.8  -1.6   0.1   2.7   0.9   1.1   2.3  165926.   3.9  429.   3.5  -1.8 0.057   14048.   0.2    6.   1.2   2.4 0.010  1.47   0.69   0.52   4.4  3.7 0.0611 37 118   -50  22 164.2  341  -215   126   2.2 0.008691 999999.99 99999.99 99999.99 99999.99 99999.99 99999.99  0
2002 134 13 2304 71 71  14  14   9.3   8.4  -8.0 315.2   5.9  -5.8  -1.2  -5.6  -1.8   0.1   2.9   0.9   1.0   2.6  188026.   4.0  433.   4.2  -2.1 0.057   10594.   0.3    8.   1.3   2.7 0.008  1.54   0.78   0.61   4.7  3.8 0.0549 37 118   -40  22 164.2  529  -353   177   3.1 0.008691      0.46     0.26     0.19     0.16     0.15     0.15 -1
2002 134 14 2304 71 71  16  16   9.5   8.6  -4.5 316.1   6.2  -5.9  -0.7  -5.7  -1.5   0.1   2.9   1.2   1.4   2.3  187311.   3.8  430.   4.8  -1.9 0.070   12569.   0.3   10.   2.1   2.2 0.013  1.50   0.65   0.55   4.4  3.6 0.0611 37 118   -42  22 164.2  359  -239   119   2.9 0.008691      0.47     0.28     0.21     0.17     0.16     0.15 -1
2002 134 15 2304 71 71  15  15   9.5   8.8 -28.5 315.0   5.4  -5.4  -4.2  -4.5  -5.1   0.2   2.7   1.4   1.1   2.1  201255.   4.0  438.   6.5  -5.7 0.065   13671.   0.2   12.   1.5   2.6 0.014  1.61   2.23   0.61   4.6  3.7 0.0560 40 118   -43  27 164.2  352  -195   157   2.9 0.008691      0.50     0.31     0.24     0.20     0.18     0.17 -1
2002 134 16 2304 71 71  15  15   9.8   8.4 -19.1 321.1   6.2  -5.0  -2.8  -4.2  -3.9   0.1   4.3   1.5   2.7   3.0  174608.   4.3  431.   7.7  -4.0 0.066   17819.   0.5   11.   3.5   3.7 0.010  1.69   1.68   0.56   4.6  3.7 0.0572 40 118   -48  27 164.2  728  -454   274   3.4 0.008691      0.44     0.26     0.19     0.16     0.14     0.14 -1
2002 134 17 2304 71 71  15  15  10.3   9.6 -17.3 305.6   5.3  -7.4  -2.9  -6.2  -4.9   0.1   2.8   1.1   2.1   1.5  160729.   4.1  431.   4.0  -2.4 0.054   10873.   0.3    8.   3.2   2.0 0.013  1.55   2.11   0.46   4.2  3.6 0.0663 40 118   -55  27 164.2  922  -559   363   3.1 0.008691      0.51     0.29     0.22     0.19     0.17     0.17 -1
2002 134 18 2304 71 71  15  15  10.0   9.5 -20.5 298.5   4.2  -7.8  -3.3  -6.2  -5.7   0.1   2.3   1.2   1.2   1.6  157522.   4.3  437.   3.2  -2.8 0.058    9741.   0.4    8.   1.2   1.5 0.011  1.69   2.49   0.51   4.5  3.8 0.0579 50 118   -56  48 164.2  939  -553   386   3.8 0.008691      0.51     0.33     0.26     0.23     0.23     0.22 -1
2002 134 19 2304 71 71  14  14   9.8   9.0 -14.4 302.7   4.7  -7.3  -2.2  -5.9  -4.8   0.1   3.4   2.2   0.9   2.4  152648.   4.9  429.   4.1  -2.4 0.058    7009.   0.3   16.   1.6   2.4 0.005  1.86   2.06   0.60   4.8  3.9 0.0507 50 118   -57  48 164.2  740  -371   369   3.6 0.008691      0.47     0.28     0.20     0.18     0.16     0.15 -1
2002 134 20 2304 71 71  15  15   9.3   8.5 -30.5 302.6   3.9  -6.2  -4.3  -3.9  -6.4   0.3   3.5   1.4   2.1   2.3  172773.   5.1  429.   4.2  -4.2 0.055    9504.   0.3    9.   1.7   2.2 0.015  1.91   2.75   0.74   5.2  4.1 0.0438 50 118   -63  48 164.2  670  -365   305   3.0 0.008691      0.53     0.34     0.26     0.23     0.21     0.21 -1
2002 134 21 2304 71 71  14  14   9.0   8.3   7.8 326.0   6.8  -4.6   1.1  -4.6  -0.9   0.4   3.0   1.2   1.1   2.5  150300.   5.6  409.   5.9  -0.2 0.046   21198.   0.4   10.   1.3   2.5 0.015  1.85   0.37   0.80   5.4  4.1 0.0411 37 118   -60  22 164.2  737  -351   386   5.1 0.008691      0.50     0.30     0.23     0.19     0.18     0.18 -1
2002 134 22 2304 71 71  16  16   8.9   8.4 -25.2 314.7   5.3  -5.4  -3.6  -3.3  -5.6   0.2   2.6   1.8   1.2   1.5  142324.   5.1  414.   3.0  -5.5 0.037   20504.   0.2   13.   1.4   1.3 0.006  1.68   2.32   0.73   5.3  4.1 0.0431 37 118   -63  22 164.2  336  -134   201   2.3 0.008691      0.52     0.33     0.25     0.22     0.21     0.21 -1
2002 134 23 2304 71 71  15  15   8.6   8.2 -16.1 303.4   4.3  -6.6  -2.3  -5.0  -4.9   0.2   1.9   1.1   0.7   1.3  151954.   4.9  421.   2.2  -4.2 0.049   10972.   0.4    9.   0.9   1.4 0.009  1.73   2.06   0.77   5.4  4.2 0.0405 37 118   -59  22 164.2  510  -245   266   3.5 0.008691      0.52     0.33     0.26     0.22     0.20     0.19 -1
2002 135  0 2304 71 71  15  15   9.1   8.8  -1.3 310.7   5.7  -6.7  -0.2  -6.0  -2.9   0.3   1.4   0.7   0.6   1.1  135762.   4.8  413.   3.3  -3.1 0.058    8916.   0.3    4.   0.8   0.8 0.015  1.68   1.20   0.64   5.0  4.0 0.0481 37 115   -65  22 162.7  476  -303   174   3.3 0.008532      0.45     0.26     0.19     0.15     0.14     0.13 -1
2002 135  1 2304 71 71  14  14   8.6   7.8 -14.9 318.0   5.6  -5.1  -2.0  -4.0  -3.8   0.3   2.5   0.7   1.5   1.8  137385.   4.9  414.   3.5  -5.8 0.047   11256.   0.3    6.   1.2   1.4 0.005  1.67   1.57   0.73   5.3  4.2 0.0419 37 115   -58  22 162.7  545  -345   200   3.0 0.008532      0.40     0.23     0.16     0.14     0.13     0.13 -1
2002 135  2 2304 71 71  16  16   8.8   7.9 -22.3 324.2   6.0  -4.3  -3.0  -3.0  -4.3   0.2   3.5   0.7   1.7   3.0  110660.   6.2  415.   3.9  -4.1 0.047    6493.   0.6    7.   1.2   2.2 0.007  2.12   1.78   0.80   5.9  4.5 0.0345 37 115   -48  22 162.7  576  -338   238   4.4 0.008532 999999.99 99999.99 99999.99 99999.99 99999.99 99999.99  0
2002 135  3 2304 71 71  16  16   8.0   6.4 -30.5 301.7   2.9  -4.7  -3.2  -3.5  -4.5   0.2   4.4   1.4   2.2   3.6  104341.   6.5  431.   3.1  -4.3 0.046    6180.   0.5    7.   1.6   2.7 0.007  2.39   1.94   0.98   6.9  5.0 0.0252 33 115   -53  18 162.7  682  -431   251   4.0 0.008532 999999.99 99999.99 99999.99 99999.99 99999.99 99999.99  0
2002 135  4 2304 71 71  15  15   7.2   6.2   1.8 310.8   4.0  -4.7   0.2  -4.6  -1.0   0.2   3.0   0.8   1.0   2.8  108262.   6.2  422.   3.1  -3.0 0.047    8751.   0.2    6.   0.5   2.0 0.008  2.19   0.42   1.18   7.3  5.1 0.0223 33 115   -58  18 162.7  705  -377   328   3.9 0.008532 999999.99 99999.99 99999.99 99999.99 99999.99 99999.99  0
2002 135  5 2304 71 71  15  15   5.6   3.8  13.0 327.1   3.1  -2.0   0.9  -2.1   0.5   0.7   3.9   2.7   2.6   1.0  100856.   4.8  441.   2.0  -1.9 0.043   18151.   1.0   21.   2.6   0.5 0.007  1.83  -0.22   1.46   8.6  5.7 0.0160 33 115   -60  18 162.7  408  -238   170   1.5 0.008532 999999.99 99999.99 99999.99 99999.99 99999.99 99999.99  0
2002 135  6 2304 71 71  14  14   5.0   3.9  12.4 327.2   3.2  -2.1   0.8  -2.2   0.4   0.2   2.6   1.9   1.1   1.4   82640.   3.9  441.   0.9  -1.3 0.044   15972.   0.3   14.   1.1   1.4 0.011  1.49  -0.18   1.37   8.7  5.9 0.0157 23 115   -53   9 162.7  188   -87   102   0.5 0.008532 999999.99 99999.99 99999.99 99999.99 99999.99 99999.99  0
2002 135  7 2304 71 71  15  15   5.1   4.8 -14.4 313.9   3.2  -3.3  -1.2  -3.1  -1.6   0.1   1.6   0.8   0.7   1.2   65812.   3.6  435.  -2.2  -2.9 0.045   10901.   0.2    4.   1.5   1.2 0.010  1.34   0.70   1.12   8.1  5.8 0.0182 23 115   -46   9 162.7  113   -58    55  -0.4 0.008532 999999.99 99999.99 99999.99 99999.99 99999.99 99999.99  0
2002 135  8 2304 71 71  16  16   5.5   5.2  -0.4 308.8   3.2  -4.0   0.0  -4.0  -0.4   0.1   1.5   1.0   0.9   0.7   59835.   3.6  431.  -3.6  -2.2 0.047    9711.   0.3    7.   0.9   0.6 0.005  1.33   0.17   0.93   7.4  5.5 0.0215 23 115   -45   9 162.7  239  -128   112  -0.6 0.008532 999999.99 99999.99 99999.99 99999.99 99999.99 99999.99  0
2002 135  9 2304 71 71  14  14   5.6   5.4  -9.0 298.4   2.5  -4.7  -0.8  -4.6  -1.1   0.1   1.0   0.6   0.4   0.7   52266.   4.1  437.  -4.1  -3.2 0.037    4248.   0.2    4.   0.6   0.8 0.004  1.50   0.48   0.98   7.9  5.8 0.0191 23 115   -40   9 162.7  479  -299   180   0.6 0.008532 999999.99 99999.99 99999.99 99999.99 99999.99 99999.99  0
2002 135 10 2304 71 71  15  15   5.5   5.1  -5.1 321.8   4.0  -3.1  -0.5  -3.1  -0.7   0.1   1.6   0.8   1.1   0.9   79943.   3.8  413.  -2.4  -3.7 0.036   13923.   0.5   10.   1.5   0.7 0.005  1.24   0.29   1.09   7.3  5.3 0.0222 23 115   -36   9 162.7  345  -193   152   1.1 0.008532 999999.99 99999.99 99999.99 99999.99 99999.99 99999.99  0
2002 135 11 2304 71 71  15  15   5.3   5.2   2.2 283.3   1.2  -5.1   0.2  -5.1  -0.1   0.1   0.9   0.6   0.2   0.6   38931.   3.7  419.  -3.7  -3.4 0.050    4827.   0.2    6.   0.3   0.3 0.007  1.30   0.04   0.92   7.6  5.7 0.0206 23 115   -32   9 162.7   68   -39    29  -0.2 0.008532 999999.99 99999.99 99999.99 99999.99 99999.99 99999.99  0
2002 135 12 2304 71 71  15  15   5.8   5.5 -11.0 298.6   2.6  -4.7  -1.1  -4.6  -1.4   0.1   1.5   0.8   0.3   1.2   45656.   3.5  408.  -3.5  -4.5 0.046    7161.   0.3    5.   0.5   1.0 0.004  1.15   0.57   0.75   6.6  5.1 0.0275 17 115   -32   6 162.7   47   -24    23   0.6 0.008532 999999.99 99999.99 99999.99 99999.99 99999.99 99999.99  0
2002 135 13 2304 71 71  15  15   5.7   5.4 -18.0 283.1   1.2  -5.0  -1.7  -4.8  -2.2   0.1   1.3   0.7   0.5   1.0   44664.   3.8  417.  -4.0  -4.7 0.046    4599.   0.3    5.   0.3   1.2 0.005  1.31   0.92   0.84   7.1  5.4 0.0234 17 115   -33   6 162.7   88   -42    46   1.6 0.008532 999999.99 99999.99 99999.99 99999.99 99999.99 99999.99  0
2002 135 14 2304 71 71  15  15   5.8   4.9 -17.1 299.0   2.3  -4.1  -1.5  -3.9  -2.0   0.1   2.5   0.7   1.7   1.7   53778.   4.0  411.  -2.9  -4.5 0.048    3485.   0.3    5.   1.5   2.0 0.002  1.35   0.82   0.90   7.1  5.3 0.0237 17 115   -37   6 162.7  191  -115    76   2.4 0.008532      0.55     0.30     0.23     0.20     0.19     0.19 -1
2002 135 15 2304 71 71  15  15   5.9   4.9  -3.3 288.5   1.6  -4.7  -0.3  -4.6  -1.1   0.3   2.7   1.7   1.6   1.4   51740.   4.0  414.  -3.1  -3.4 0.039   19977.   0.4   11.   1.8   1.2 0.006  1.32   0.46   0.86   7.0  5.3 0.0242 23 115   -41   9 162.7  214  -129    85   1.8 0.008532      0.56     0.32     0.25     0.21     0.19     0.18 -1
2002 135 16 2304 71 71  14  14   5.8   5.3 -11.3 287.5   1.6  -5.0  -1.0  -4.6  -2.1   0.2   2.2   1.8   0.6   1.1   46837.   3.9  408.  -3.2  -4.0 0.051   10705.   0.4   13.   0.7   1.1 0.010  1.31   0.86   0.84   6.9  5.3 0.0247 23 115   -40   9 162.7  237  -150    87   1.1 0.008532      0.46     0.24     0.16     0.13     0.12     0.12 -1
2002 135 17 2304 71 71  14  14   5.7   5.0  -5.9 315.8   3.6  -3.5  -0.5  -3.2  -1.5   0.2   2.2   1.5   1.3   1.1   73572.   3.9  395.  -2.0  -3.7 0.044   14651.   0.3   10.   1.9   1.2 0.008  1.20   0.59   1.01   6.8  5.0 0.0254 23 115   -35   9 162.7  126   -84    43   1.3 0.008532      0.53     0.27     0.20     0.16     0.15     0.15 -1
2002 135 18 2304 71 71  17  17   6.3   5.5  -4.1 286.5   1.6  -5.3  -0.4  -4.9  -2.1   0.1   2.8   1.5   1.1   2.0   44390.   4.1  407.  -5.1  -3.2 0.035    4219.   0.3   12.   1.3   2.3 0.003  1.29   0.85   0.74   6.5  5.1 0.0278 27 115   -34  12 162.7  207  -126    82   2.3 0.008532      0.59     0.30     0.23     0.20     0.19     0.19 -1
2002 135 19 2304 71 71  13  13   6.2   4.8 -30.7 292.5   1.6  -3.8  -2.4  -2.6  -3.6   0.1   3.5   1.8   1.7   2.4   50717.   4.1  404.  -4.4  -5.2 0.044    2102.   0.4   14.   1.8   2.7 0.007  1.31   1.45   0.79   6.6  5.1 0.0273 27 115   -37  12 162.7  395  -225   170   2.2 0.008532      0.56     0.26     0.19     0.16     0.16     0.16 -1
2002 135 20 2304 71 71  16  16   6.0   5.3 -28.2   9.1   4.6   0.7  -2.5   1.6  -2.0   0.1   2.2   0.7   2.0   0.7   75842.   5.1  380.   0.7  -6.1 0.047   10453.   0.5    5.   2.6   1.0 0.007  1.46   0.76   1.20   7.2  5.0 0.0233 27 115   -38  12 162.7  270  -120   150   1.2 0.008532      0.53     0.22     0.16     0.13     0.12     0.12 -1
2002 135 21 2304 71 71  14  14   6.0   5.2 -10.8  13.5   5.0   1.2  -1.0   1.5  -0.4   0.1   3.0   1.2   2.5   1.1   79325.   4.8  374.   2.0  -4.3 0.044   13736.   0.7   10.   2.8   1.3 0.004  1.32   0.15   1.15   6.8  4.8 0.0255 20 115   -39   7 162.7  151   -44   108   0.2 0.008532      0.59     0.28     0.20     0.18     0.18     0.18 -1
2002 135 22 2304 71 71  15  15   6.0   4.9  -6.6 345.0   4.7  -1.3  -0.6  -0.9  -1.1   0.1   3.3   0.7   2.8   1.7   71145.   4.3  371.  -0.6  -3.9 0.046    8602.   0.8    4.   2.3   1.6 0.004  1.17   0.41   0.99   6.4  4.7 0.0289 20 115   -33   7 162.7  192  -111    81   1.1 0.008532      0.62     0.31     0.24     0.21     0.20     0.20 -1
2002 135 23 2304 71 71  15  15   5.9   5.5 -23.6   3.1   5.1   0.3  -2.2   1.2  -1.9   0.1   2.0   0.4   1.5   1.2   73693.   4.7  370.   0.7  -5.6 0.050   10148.   0.3    2.   1.4   1.2 0.008  1.29   0.70   1.13   6.8  4.8 0.0257 20 115   -34   7 162.7  233  -115   118   1.7 0.008532      0.63     0.33     0.26     0.23     0.22     0.20 -1
2002 136  0 2304 71 71  15  15   5.9   5.6  -6.3 348.8   5.5  -1.1  -0.6  -0.8  -1.0   0.1   1.5   0.3   1.2   0.9   88295.   4.1  366.  -0.0  -4.4 0.039    9841.   0.2    3.   1.5   0.8 0.007  1.06   0.37   1.06   6.3  4.5 0.0302 17 130   -32   6 162.0  234  -118   117   2.0 0.008667      0.57     0.30     0.23     0.20     0.19     0.19 -1
2002 136  1 2304 71 71  15  15   5.8   5.3  12.3 294.9   2.2  -4.7   1.1  -4.8  -0.7   0.1   2.1   1.6   0.9   1.1   42927.   3.7  384.  -3.5  -2.4 0.045   12991.   0.3    9.   1.0   1.0 0.003  1.08   0.27   0.78   6.4  4.9 0.0293 17 130   -29   6 162.0  237  -131   106   1.7 0.008667      0.57     0.27     0.20     0.17     0.16     0.15 -1
2002 136  2 2304 71 71  15  15   5.7   5.2  12.4 326.9   4.3  -2.8   1.1  -3.0   0.1   0.1   2.0   0.7   1.7   0.8   65990.   3.7  368.  -1.2  -2.8 0.046   14208.   0.4    5.   2.0   0.7 0.005  0.99  -0.04   0.92   6.2  4.6 0.0308 17 130   -29   6 162.0  111   -42    69   0.8 0.008667      0.67     0.31     0.23     0.20     0.19     0.18 -1
2002 136  3 2304 71 71  16  16   6.0   5.2 -24.6 286.1   1.3  -4.5  -2.1  -3.7  -3.3   0.1   2.7   2.1   0.7   1.5   45247.   4.1  386.  -3.4  -4.9 0.042   10442.   0.4   15.   0.6   1.5 0.003  1.19   1.27   0.82   6.5  5.0 0.0280 20 130   -24   7 162.0  195   -62   133   1.2 0.008667      0.83     0.34     0.24     0.20     0.19     0.18 -1
2002 136  4 2304 71 71  14  14   6.2   5.9   6.2 274.8   0.5  -5.9   0.6  -5.9  -0.9   0.1   1.5   1.2   0.5   0.8   35255.   4.1  391.  -4.5  -2.6 0.041    4517.   0.4    6.   0.5   0.5 0.004  1.22   0.35   0.73   6.4  5.0 0.0292 20 130   -23   7 162.0  409  -239   170   1.7 0.008667      1.05     0.34     0.20     0.15     0.14     0.14 -1
2002 136  5 2304 71 71  16  16   6.2   5.7  14.2 264.3  -0.6  -5.5   1.4  -5.7   0.2   0.1   1.8   1.4   0.6   1.0   40221.   4.1  399.  -3.9  -2.4 0.045    3312.   0.4    9.   0.5   1.0 0.006  1.29  -0.08   0.75   6.5  5.1 0.0280 20 130   -22   7 162.0  231  -136    96   0.7 0.008667 999999.99 99999.99 99999.99 99999.99 99999.99 99999.99  0
2002 136  6 2304 71 71  15  15   6.2   5.9 -18.2 280.8   1.1  -5.5  -1.8  -5.1  -2.7   0.1   1.7   0.5   0.6   1.5   33616.   4.1  385.  -4.5  -5.7 0.046    3468.   0.3    5.   0.4   1.9 0.005  1.20   1.04   0.72   6.3  4.9 0.0301 17 130   -18   6 162.0  158   -48   110   0.2 0.008667 999999.99 99999.99 99999.99 99999.99 99999.99 99999.99  0
2002 136  7 2304 71 71  13  13   6.1   4.9 -23.1 303.5   2.5  -3.8  -1.9  -3.5  -2.3   0.2   3.3   1.3   2.7   1.4   41173.   4.2  375.  -2.6  -6.1 0.046    7441.   0.7    9.   3.0   2.0 0.006  1.17   0.86   0.80   6.3  4.8 0.0300 17 130   -21   6 162.0  198   -72   126   0.6 0.008667 999999.99 99999.99 99999.99 99999.99 99999.99 99999.99  0
2002 136  8 2304 71 71  15  15   6.4   5.6 -14.6 296.2   2.4  -4.9  -1.4  -4.8  -1.8   0.1   2.8   1.7   0.7   2.1   36985.   4.0  373.  -3.3  -5.4 0.041    6854.   0.5   14.   0.8   2.6 0.005  1.08   0.67   0.67   5.8  4.6 0.0350 17 130   -26   6 162.0  236  -101   135  -0.4 0.008667 999999.99 99999.99 99999.99 99999.99 99999.99 99999.99  0
2002 136  9 2304 71 71  16  16   6.3   5.6 -17.8 305.3   3.1  -4.4  -1.7  -4.3  -2.0   0.2   2.3   1.3   1.6   1.1   38855.   4.1  367.  -2.6  -5.2 0.038   12572.   0.3   11.   1.9   1.5 0.005  1.06   0.73   0.72   5.9  4.6 0.0342 20 130   -30   7 162.0  342  -168   174   0.4 0.008667 999999.99 99999.99 99999.99 99999.99 99999.99 99999.99  0
2002 136 10 2304 71 71  15  15   6.0   4.8 -26.7 334.1   3.9  -1.9  -2.2  -1.8  -2.3   0.1   3.1   1.9   2.0   1.5   63890.   4.2  366.  -1.0  -5.4 0.037   15618.   0.4   12.   2.8   1.8 0.005  1.08   0.84   0.93   6.3  4.7 0.0304 20 130   -25   7 162.0  266  -109   158   0.7 0.008667 999999.99 99999.99 99999.99 99999.99 99999.99 99999.99  0
2002 136 11 2304 71 71  15  15   6.2   5.7 -17.3 338.8   5.1  -2.0  -1.7  -1.9  -1.8   0.1   2.1   0.5   1.3   1.6   78741.   4.6  364.  -1.2  -4.4 0.043   14863.   0.4    2.   1.5   1.7 0.009  1.19   0.66   1.03   6.3  4.6 0.0300 20 130   -24   7 162.0  403  -182   221   2.0 0.008667 999999.99 99999.99 99999.99 99999.99 99999.99 99999.99  0
2002 136 12 2304 71 71  15  15   6.2   5.2  22.4  15.6   4.6   1.3   2.0   1.2   2.1   0.2   3.0   0.7   2.7   1.0   74549.   5.4  366.   2.8  -0.8 0.044   16739.   0.6    5.   2.8   1.2 0.005  1.42  -0.77   1.19   6.9  4.8 0.0253 17 130   -27   6 162.0  347  -176   171   1.5 0.008667 999999.99 99999.99 99999.99 99999.99 99999.99 99999.99  0
2002 136 13 2304 71 71  15  15   6.4   5.5  40.7 318.2   3.1  -2.8   3.6  -3.1   3.3   0.1   2.7   1.2   2.2   1.0   49513.   4.6  375.  -1.3   1.1 0.046   11408.   0.4    9.   2.5   1.1 0.008  1.28  -1.24   0.83   6.3  4.8 0.0301 17 130   -28   6 162.0  197  -122    75   0.5 0.008667 999999.99 99999.99 99999.99 99999.99 99999.99 99999.99  0
2002 136 14 2304 71 71  14  14   6.2   5.3  21.4 346.7   4.8  -1.1   1.9  -1.3   1.7   0.1   2.8   0.9   2.2   1.6   80816.   4.4  360.  -0.5  -1.0 0.043   19965.   0.5    8.   2.4   1.8 0.004  1.12  -0.61   1.00   6.1  4.5 0.0321 17 130   -27   6 162.0  155   -96    60   1.2 0.008667 999999.99 99999.99 99999.99 99999.99 99999.99 99999.99  0
2002 136 15 2304 71 71  17  17   5.9   4.5  -8.4 348.4   4.3  -0.9  -0.7  -0.8  -0.8   0.1   3.5   1.5   2.9   1.4   88432.   4.7  363.  -1.3  -3.7 0.046   22265.   0.5   12.   3.3   1.8 0.010  1.22   0.29   1.22   6.7  4.7 0.0267 13 130   -26   5 162.0   93   -63    30  -0.4 0.008667      7.62     1.00     0.39     0.28     0.26     0.26 -1
2002 136 16 2304 71 71  13  13   6.1   4.3  13.5 318.3   3.1  -2.8   1.0  -3.0   0.3   0.3   4.1   2.1   3.5   0.5   65986.   4.7  372.  -2.8  -1.3 0.033   33958.   0.8   14.   3.7   1.0 0.002  1.23  -0.11   1.02   6.6  4.8 0.0272 13 130   -25   5 162.0  172  -139    33   2.1 0.008667      7.90     1.00     0.31     0.20     0.18     0.18 -1
2002 136 17 2304 71 71  16  16   6.4   5.6  -6.6 315.9   4.0  -3.9  -0.6  -3.6  -1.7   0.3   2.9   1.0   2.7   0.5   67554.   3.5  363.  -3.3  -3.2 0.036   26054.   0.6    6.   2.6   0.6 0.004  0.88   0.62   0.70   5.3  4.2 0.0423 13 130   -26   5 162.0  224  -148    76   2.0 0.008667      8.18     1.09     0.34     0.22     0.19     0.19 -1
2002 136 18 2304 71 71  14  14   6.5   6.2 -15.0 295.4   2.6  -5.4  -1.6  -4.6  -3.3   0.0   1.3   0.7   0.6   0.9   42749.   3.9  370.  -5.5  -3.7 0.038    9079.   0.5    4.   0.8   1.0 0.006  1.03   1.22   0.66   5.6  4.5 0.0376 20 130   -29   7 162.0  295  -175   120   1.9 0.008667      9.52     1.20     0.34     0.22     0.19     0.18 -1
2002 136 19 2304 71 71  16  16   6.6   6.1 -14.5 305.9   3.5  -4.8  -1.5  -3.9  -3.1   0.1   1.8   0.7   1.0   1.3   40012.   4.0  365.  -4.9  -3.4 0.039    4466.   0.5    5.   1.0   1.7 0.005  1.03   1.13   0.64   5.5  4.4 0.0389 20 130   -33   7 162.0  390  -207   183   1.8 0.008667      9.66     1.20     0.34     0.21     0.19     0.19 -1
2002 136 20 2304 71 71  15  15   6.3   5.9  11.2 289.7   2.0  -5.5   1.2  -5.5  -1.1   0.1   1.6   1.1   0.4   1.1   39366.   3.9  374.  -5.6  -0.3 0.034    7288.   0.8    8.   1.0   1.0 0.004  1.03   0.41   0.69   5.9  4.6 0.0346 20 130   -33   7 162.0  240  -109   131   1.4 0.008667      8.05     1.19     0.34     0.20     0.18     0.18 -1
2002 136 21 2304 71 71  14  14   6.1   5.3  17.8 327.8   4.3  -2.7   1.6  -3.1   0.3   0.1   2.5   1.0   1.6   1.7   57766.   3.4  357.  -1.4  -0.6 0.036   10360.   0.3    6.   1.9   1.6 0.008  0.83  -0.11   0.71   5.4  4.3 0.0409 23 130   -31   9 162.0  123   -31    92   1.2 0.008667      9.22     1.23     0.33     0.20     0.17     0.17 -1
2002 136 22 2304 71 71  16  16   6.3   4.9   6.1 334.8   4.4  -2.1   0.5  -2.1  -0.4   0.3   3.6   1.4   1.6   2.9   38255.   4.5  358.  -1.3  -2.2 0.045   10951.   0.5   10.   1.9   2.9 0.013  1.14   0.14   0.79   6.0  4.7 0.0327 23 130   -29   9 162.0  215   -68   147   1.3 0.008667      8.42     1.23     0.25     0.13     0.11     0.11 -1
2002 136 23 2304 71 71  14  14   6.0   5.3 -10.0  29.4   4.6   2.6  -0.9   2.7   0.2   0.2   2.5   0.8   1.5   1.8   83394.   5.0  359.   3.0  -3.9 0.044   12020.   0.6    6.   1.3   2.0 0.010  1.27  -0.07   1.22   6.7  4.7 0.0266 23 130   -31   9 162.0  322  -187   135   0.9 0.008667      9.32     1.37     0.34     0.18     0.16     0.16 -1
2002 137  0 2304 71 71  14  14   6.6   6.4  22.9   8.4   5.8   0.9   2.5  -0.2   2.7   0.2   1.4   0.3   0.9   1.1   68133.   4.1  345.   1.3  -0.3 0.048    9856.   0.2    3.   0.9   1.4 0.006  0.97  -0.93   0.77   5.3  4.1 0.0425 10 134   -27   4 160.7  122   -54    67   0.7 0.008382      6.93     1.21     0.28     0.15     0.13     0.13 -1
2002 137  1 2304 71 71  15  15   7.0   6.9  10.2   0.1   6.7   0.0   1.2  -0.4   1.1   0.3   1.4   0.3   1.1   0.9   73634.   4.2  341.   0.4  -1.5 0.046    4459.   0.2    3.   1.1   0.9 0.005  0.97  -0.38   0.72   5.0  3.9 0.0477 10 134   -21   4 160.7   81   -38    42   0.1 0.008382      9.59     1.54     0.31     0.16     0.13     0.13 -1
2002 137  2 2304 71 71  15  15   7.7   7.6   3.7   1.7   7.6   0.2   0.5   0.0   0.5   0.1   1.1   0.1   0.6   0.9 9999999. 999.9  340.  -0.2  -2.3 0.042 9999999. 999.9    2.   0.6   0.9 0.005 99.99  -0.17 999.99 999.9 99.9 9.9999 10 134   -16   4 160.7   80   -55    25   0.0 0.008382     10.30     1.72     0.39     0.22     0.19     0.19 -1
2002 137  3 2304 71 71  15  15   7.9   7.9 -15.4   0.9   7.6   0.1  -2.1   0.7  -2.0   0.1   0.9   0.3   0.4   0.8   55477.   4.7  340.  -0.5  -4.5 0.049    4512.   0.1    4.   0.4   0.8 0.014  1.09   0.68   0.58   4.7  3.8 0.0547  3 134   -14   2 160.7   49   -30    19  -0.2 0.008382     11.00     1.72     0.36     0.19     0.16     0.15 -1
2002 137  4 2304 71 71  15  15   7.9   7.8 -12.7   6.5   7.6   0.9  -1.7   1.3  -1.4   0.1   0.8   0.2   0.5   0.5 9999999. 999.9  335.  -0.2  -4.2 0.035 9999999. 999.9    3.   0.9   0.7 0.005 99.99   0.47 999.99 999.9 99.9 9.9999  3 134   -12   2 160.7   40   -28    12   0.2 0.008382     12.30     1.91     0.41     0.23     0.20     0.17 -1
2002 137  5 2304 71 71  15  15   7.8   7.6 -14.3  18.0   7.0   2.3  -1.9   2.6  -1.4   0.1   1.5   0.4   1.2   0.7   54302.   4.7  340.   1.2  -3.8 0.033    3515.   0.1    4.   1.6   0.7 0.005  1.03   0.48   0.59   4.7  3.8 0.0533  3 134   -11   2 160.7   42   -21    21   0.7 0.008382     12.00     1.95     0.41     0.23     0.20     0.19 -1
2002 137  6 2304 71 71  14  14   7.4   7.1 -26.1  14.2   6.2   1.6  -3.1   2.1  -2.8   0.1   1.7   0.5   1.2   1.0   50105.   4.8  343.   0.9  -5.4 0.045    7667.   0.4    3.   1.3   1.2 0.009  1.11   0.96   0.65   5.1  4.1 0.0461 13 134    -7   5 160.7  109   -19    90   0.8 0.008382      8.67     1.59     0.37     0.20     0.17     0.17 -1
2002 137  7 2304 71 71  16  16   7.4   7.1 -32.8  16.5   5.7   1.7  -3.9   2.1  -3.7   0.1   1.9   0.9   1.6   0.6   43584.   4.7  344.   0.8  -5.8 0.063    8662.   0.6    6.   1.5   0.9 0.007  1.16   1.27   0.61   5.0  4.1 0.0468 13 134    -6   5 160.7  215   -84   131   1.5 0.008382 999999.99 99999.99 99999.99 99999.99 99999.99 99999.99  0
2002 137  8 2304 71 71  17  17   6.4   3.7  24.0 275.4   0.3  -3.4   1.5  -3.5   1.2   0.1   5.0   2.7   2.8   3.0   54216.   5.3  389.  -1.5  -1.1 0.055    5809.   0.6   17.   2.8   3.1 0.005  1.63  -0.47   0.98   7.0  5.1 0.0243 13 134    -4   5 160.7  276  -145   131   1.5 0.008382 999999.99 99999.99 99999.99 99999.99 99999.99 99999.99  0
2002 137  9 2304 71 71  15  15   5.7   5.3  20.0 274.6   0.4  -5.0   1.8  -5.1   1.5   0.4   1.7   1.1   0.5   1.2   53954.   5.1  386.  -3.3  -0.5 0.063    5804.   0.5    5.   1.0   0.8 0.009  1.59  -0.58   1.19   7.6  5.4 0.0203 10 134    -4   4 160.7   95   -34    61  -1.1 0.008382 999999.99 99999.99 99999.99 99999.99 99999.99 99999.99  0
2002 137 10 2304 71 71  14  14   4.8   3.7  -3.4 290.8   1.3  -3.5  -0.2  -3.5  -0.4   0.6   2.8   1.3   1.6   1.8   71752.   5.2  382.  -2.0  -2.2 0.055   11966.   0.3    7.   1.1   1.5 0.005  1.55   0.15   1.88   9.1  5.6 0.0144 10 134    -2   4 160.7   55   -23    32  -0.9 0.008382 999999.99 99999.99 99999.99 99999.99 99999.99 99999.99  0
2002 137 11 2304 71 71  15  15   5.0   4.6 -57.2 335.4   2.3  -1.0  -3.9  -0.8  -3.9   0.2   1.5   0.4   1.4   0.6   71929.   5.6  376.  -0.6  -5.5 0.054    3800.   0.2    2.   1.2   0.5 0.005  1.61   1.47   1.87   8.9  5.5 0.0150 10 134    -4   4 160.7  112   -54    58   1.6 0.008382 999999.99 99999.99 99999.99 99999.99 99999.99 99999.99  0
2002 137 12 2304 71 71  15  15   4.8   3.8  29.6 291.6   1.2  -3.0   1.9  -3.1   1.7   0.3   2.5   1.3   0.8   2.0   68650.   5.4  380.  -1.2  -1.1 0.055    8165.   0.4    6.   0.8   1.5 0.005  1.59  -0.65   1.92   9.2  5.6 0.0141 23 134   -10   9 160.7  246  -227    18   0.9 0.008382 999999.99 99999.99 99999.99 99999.99 99999.99 99999.99  0
2002 137 13 2304 71 71  15  15   4.7   3.9 -33.0 351.2   3.2  -0.5  -2.1  -0.3  -2.1   0.4   2.4   0.3   2.0   1.4   78702.   5.7  372.   0.6  -3.8 0.055    6851.   0.5    3.   1.4   1.0 0.004  1.61   0.78   2.22   9.4  5.5 0.0133 23 134   -10   9 160.7  113  -113     1   0.3 0.008382 999999.99 99999.99 99999.99 99999.99 99999.99 99999.99  0
2002 137 14 2304 71 71  15  15   4.8   4.5 -31.5 343.7   3.7  -1.1  -2.3  -0.8  -2.4   0.3   1.5   0.6   1.0   1.0   80747.   5.0  367.  -0.8  -3.7 0.060    8070.   0.3    4.   1.1   0.8 0.011  1.39   0.88   1.89   8.5  5.3 0.0163 23 134   -10   9 160.7   86   -65    21   0.8 0.008382 999999.99 99999.99 99999.99 99999.99 99999.99 99999.99  0
2002 137 15 2304 71 71  15  15   4.7   4.2  11.7 279.3   0.7  -4.1   0.9  -4.2   0.2   0.3   1.8   1.0   0.6   1.3   55998.   4.8  383.  -3.1  -0.8 0.051    9757.   0.4    6.   1.2   1.0 0.006  1.42  -0.08   1.67   8.9  5.7 0.0149 13 134   -10   5 160.7  126   -93    33   2.0 0.008382 999999.99 99999.99 99999.99 99999.99 99999.99 99999.99  0
2002 137 16 2304 71 71  14  14   5.0   4.7  32.7 329.6   3.4  -2.0   2.6  -2.5   2.1   0.7   1.6   1.1   0.8   0.9   61649.   4.8  370.  -0.1  -0.2 0.059    7878.   0.3    5.   1.0   0.6 0.006  1.36  -0.78   1.52   8.1  5.3 0.0181 13 134    -9   5 160.7   91   -57    34   0.2 0.008382 999999.99 99999.99 99999.99 99999.99 99999.99 99999.99  0
2002 137 17 2304 71 71  16  16   5.5   5.3 -31.9 330.3   3.9  -2.2  -2.8  -1.4  -3.3   0.4   1.4   0.5   0.6   1.2   59692.   4.8  366.  -1.9  -3.6 0.060   13429.   0.5    3.   0.6   0.8 0.005  1.33   1.21   1.24   7.3  5.1 0.0224 13 134   -11   5 160.7   68   -22    47   0.1 0.008382     93.10    10.70     0.73     0.22     0.16     0.16 -1
2002 137 18 2304 71 71  12  12   4.8   4.7 -13.7 359.4   4.6   0.0  -1.1   0.4  -1.0   0.2   0.8   0.2   0.5   0.5   97146.   5.3  362.   0.3  -2.9 0.062    5307.   0.3    1.   0.5   0.3 0.008  1.45   0.36   2.16   8.7  5.1 0.0158 17 134   -12   6 160.7  144   -61    83   0.6 0.008382    121.00    12.50     0.67     0.16     0.10     0.10 -1
2002 137 19 2304 71 71  15  15   4.9   4.7 -13.7  15.6   4.4   1.2  -1.1   1.5  -0.6   0.1   1.3   0.4   0.9   0.9  105614.   5.3  363.   1.4  -3.0 0.072    6185.   0.2    1.   0.8   0.6 0.007  1.50   0.22   2.15   8.5  5.0 0.0164 17 134   -16   6 160.7   96   -21    74   0.1 0.008382    103.00    10.40     0.63     0.17     0.12     0.12 -1
2002 137 20 2304 71 71  15  15   4.8   4.6   7.8  36.5   3.7   2.7   0.6   2.3   1.6   0.1   1.0   0.5   0.5   0.8   96143.   5.5  367.   2.5  -1.8 0.073    8135.   0.2    3.   0.4   0.6 0.010  1.60  -0.59   2.23   9.0  5.2 0.0148 17 134   -13   6 160.7   55   -19    36  -0.7 0.008382    102.00    10.10     0.67     0.22     0.17     0.17 -1
2002 137 21 2304 71 71  15  15   4.5   4.3   8.3  27.7   3.8   2.0   0.6   1.6   1.4   0.2   1.1   0.5   0.4   0.9  106458.   5.4  369.   1.6  -1.8 0.076   10194.   0.2    2.   0.3   0.6 0.014  1.60  -0.52   2.60   9.5  5.3 0.0131 13 134   -11   5 160.7   55   -25    30  -0.2 0.008382    148.00    13.10     0.77     0.24     0.17     0.16 -1
2002 137 22 2304 71 71  15  15   4.7   4.6 -31.2   7.0   3.9   0.5  -2.4   1.4  -2.0   0.1   1.0   0.4   0.4   0.8   96447.   5.6  367.   0.8  -2.8 0.070    8292.   0.2    1.   0.1   0.3 0.008  1.61   0.73   2.37   9.2  5.3 0.0139 13 134   -12   5 160.7  185   -82   103   1.5 0.008382    188.00    15.50     0.86     0.25     0.18     0.17 -1
2002 137 23 2304 71 71  15  15   4.8   4.7 -35.2   5.2   3.8   0.3  -2.7   1.4  -2.3   0.1   0.5   0.2   0.4   0.3   79829.   5.8  366.   0.5  -2.8 0.073    6155.   0.2    1.   0.3   0.3 0.010  1.68   0.84   2.18   9.2  5.4 0.0141 13 134   -13   5 160.7  439  -269   170   3.1 0.008382    185.00    14.90     0.82     0.22     0.15     0.15 -1
