 1 YEAR                          I4        
 2 DOY                           I4        
 3 Hour                          I3        
 4 Bartels rotation number       I5        
 5 ID for IMF spacecraft         I3        
 6 ID for SW Plasma spacecraft   I3        
 7 # of points in IMF averages   I4        
 8 # of points in Plasma averag. I4        
 9 Scalar B, nT                  F6.1      
10 Vector B Magnitude,nT         F6.1      
11 Lat. Angle of B (GSE)         F6.1      
12 Long. Angle of B (GSE)        F6.1      
13 BX, nT (GSE, GSM)             F6.1      
14 BY, nT (GSE)                  F6.1      
15 BZ, nT (GSE)                  F6.1      
16 BY, nT (GSM)                  F6.1      
17 BZ, nT (GSM)                  F6.1      
18 RMS_magnitude, nT             F6.1      
19 RMS_field_vector, nT          F6.1      
20 RMS_BX_GSE, nT                F6.1      
21 RMS_BY_GSE, nT                F6.1      
22 RMS_BZ_GSE, nT                F6.1      
23 SW Plasma Temperature, K      F9.0      
24 SW Proton Density, N/cm^3     F6.1      
25 SW Plasma Speed, km/s         F6.0      
26 SW Plasma flow long. angle    F6.1      
27 SW Plasma flow lat. angle     F6.1      
28 Alpha/Prot. ratio             F6.3      
29 sigma-T,K                     F9.0      
30 sigma-n, N/cm^3)              F6.1      
31 sigma-V, km/s                 F6.0      
32 sigma-phi V, degrees          F6.1      
33 sigma-theta V, degrees        F6.1      
34 sigma-ratio                   F6.3      
35 Flow pressure                 F6.2      
36 E elecrtric field             F7.2      
37 Plasma Beta                   F7.2      
38 Alfen mach number             F6.1      
39 Magnetosonic Much num.        F5.1      
40 Quasy-Invariant               F7.4      
41 Kp index                      I3        
42 R (Sunspot No.)               I4        
43 Dst-index, nT                 I6        
44 ap_index, nT                  I4        
45 f10.7_index                   F6.1      
46 AE-index, nT                  I5        
47 AL-index, nT                  I6        
48 AU-index, nT                  I6        
49 pc-index                      F6.1      
50 Lyman_alpha                   F9.6      
51 Proton flux (>1 Mev)          F10.2     
52 Proton flux (>2 Mev)          F9.2      
53 Proton flux (>4 Mev)          F9.2      
54 Proton flux (>10 Mev)         F9.2      
55 Proton flux (>30 Mev)         F9.2      
56 Proton flux (>60 Mev)         F9.2      
57 Flux FLAG                     I3        

2006 346  0 2366 51 51  58  33   7.9   6.1  18.3 302.7   3.1  -4.9   1.9  -5.1   1.4   0.5   4.9   3.8   1.8   2.5  353990.   2.4  683.   2.8   0.0 9.999  119086.   0.3   44.   2.2   3.0 9.999  2.24  -0.96   0.77   6.7  5.2 0.0265 30  28   -23  15  98.9  159   -47   112   1.1 0.006663 999999.99 99999.99 99999.99    15.84     1.25     0.12 -1
2006 346  1 2366 51 51  63  32   7.0   5.1  35.9 245.5  -1.7  -3.8   3.0  -4.0   2.7   0.7   4.6   3.5   2.2   2.1  338015.   2.3  756.   2.1   0.9 9.999  118371.   0.3   50.   2.1   1.7 9.999  2.63  -2.04   0.91   8.2  6.1 0.0177 30  28   -20  15  98.9   66   -21    45  -0.3 0.006663 999999.99 99999.99 99999.99    17.18     1.24     0.14 -1
2006 346  2 2366 51 51  58  34   7.2   5.6 -52.8 237.4  -1.8  -2.9  -4.5  -2.7  -4.6   0.3   4.3   2.3   2.4   2.7  296535.   2.3  744.   1.8  -5.3 9.999   72360.   0.4   29.   2.2   3.0 9.999  2.55   3.42   0.78   7.8  6.0 0.0194 30  28   -21  15  98.9  219   -78   141   0.7 0.006663 999999.99 99999.99 99999.99    17.12     1.15     0.12 -1
2006 346  3 2366 51 51  61  35   6.6   5.0 -55.1 247.4  -1.1  -2.7  -4.1  -2.7  -4.1   0.3   3.9   2.2   2.1   2.5  316092.   2.1  743.   2.4  -5.1 9.999  101411.   0.3   27.   2.6   1.8 9.999  2.32   3.05   0.89   8.2  6.1 0.0179 53  28   -33  56  98.9  409  -316    93   3.8 0.006663 999999.99 99999.99 99999.99    18.03     0.97     0.09 -1
2006 346  4 2366 51 51  60  33   6.2   5.3 -77.3 269.3   0.0  -1.2  -5.2  -1.5  -5.1   0.3   2.9   1.6   1.9   1.4  363698.   1.9  734.   3.9  -4.9 9.999   93266.   0.2   22.   2.4   2.5 9.999  2.05   3.74   1.01   8.2  6.0 0.0179 53  28   -49  56  98.9  633  -449   184   6.8 0.006663 999999.99 99999.99 99999.99    17.06     1.07     0.11 -1
2006 346  5 2366 51 51  56  35   5.8   4.6 -79.0 311.3   0.6  -0.7  -4.5  -1.2  -4.4   0.2   3.3   2.0   1.9   1.9  391614.   1.8  723.   4.5  -4.4 9.999  130862.   0.2   29.   2.4   2.4 9.999  1.88   3.18   1.16   8.4  5.9 0.0170 53  28   -55  56  98.9  718  -514   204   4.9 0.006663 999999.99 99999.99 99999.99    15.37     0.98     0.11 -1
2006 346  6 2366 51 51  57  30   6.0   5.0  21.6 323.8   3.8  -2.8   1.9  -2.4   2.3   0.2   3.2   2.2   0.7   2.2  215052.   1.7  649.   0.3   0.2 9.999   70799.   0.2   38.   1.6   3.2 9.999  1.43  -1.49   0.67   7.1  5.6 0.0239 37  28   -48  22  98.9  480  -269   211   3.3 0.006663 999999.99 99999.99 99999.99    14.61     0.95     0.10 -1
2006 346  7 2366 51 51  64  35   5.9   3.6   5.7 329.7   3.1  -1.8   0.4  -1.7   0.8   0.2   4.4   1.4   3.6   2.1  233223.   1.9  654.   0.5   0.0 9.999   76575.   0.2   23.   4.7   2.9 9.999  1.63  -0.52   0.82   7.6  5.8 0.0204 37  28   -40  22  98.9  145   -29   116   2.0 0.006663 999999.99 99999.99 99999.99    12.99     0.82     0.10 -1
2006 346  8 2366 51 51  60  35   6.3   4.8  22.1  51.9   2.8   3.5   1.8   3.8   0.9   0.2   3.7   1.4   1.9   2.9  280252.   2.0  676.   7.2   1.2 9.999   53645.   0.2   21.   2.7   3.5 9.999  1.83  -0.61   0.86   7.6  5.8 0.0207 37  28   -37  22  98.9   80   -24    57   0.9 0.006663 999999.99 99999.99 99999.99    12.08     0.83     0.09 -1
2006 346  9 2366 51 51  58  36   5.9   4.5   0.0 286.8   1.3  -4.3   0.0  -4.2   1.1   0.2   3.6   1.5   1.6   2.8  314128.   1.9  693.  -1.1  -0.6 9.999   82432.   0.2   21.   2.2   2.8 9.999  1.82  -0.76   1.00   8.1  5.9 0.0182 23  28   -39   9  98.9   99   -71    28   0.5 0.006663 999999.99 99999.99 99999.99    11.03     0.76     0.10 -1
2006 346 10 2366 51 51  61  33   5.8   4.8 -25.4 337.0   4.0  -1.7  -2.1  -2.2  -1.6   0.1   2.9   0.9   2.0   1.9  268557.   1.7  658.   1.1  -2.6 9.999   55712.   0.1   14.   3.1   2.7 9.999  1.47   1.05   0.83   7.4  5.6 0.0217 23  28   -42   9  98.9  378  -289    89   1.1 0.006663 999999.99 99999.99 99999.99    10.41     0.61     0.09 -1
2006 346 11 2366 51 51  58  33   5.7   4.7 -20.4 359.3   4.4  -0.1  -1.6  -0.5  -1.5   0.1   2.8   0.8   1.8   1.9  285444.   1.8  647.   3.7  -2.5 9.999   91655.   0.2   14.   2.6   2.7 9.999  1.51   0.97   0.95   7.6  5.6 0.0205 23  28   -37   9  98.9  397  -336    61   3.3 0.006663 999999.99 99999.99 99999.99     9.41     0.52     0.10 -1
2006 346 12 2366 51 51  62  35   5.4   4.3   8.5   2.1   4.3   0.2   0.6   0.3   0.5   0.1   3.0   1.0   1.9   2.1  237166.   1.6  644.   2.7   0.4 9.999   62092.   0.2   16.   3.0   2.9 9.999  1.33  -0.32   0.83   7.5  5.7 0.0209 43  28   -34  32  98.9  209  -162    48   1.7 0.006663 999999.99 99999.99 99999.99     8.46     0.51     0.10 -1
2006 346 13 2366 51 51  58  32   5.4   4.7  49.5 354.3   3.0  -0.3   3.6   0.5   3.6   0.1   2.4   1.2   1.1   1.7  265046.   1.6  666.   2.1   4.1 9.999   77766.   0.2   25.   1.8   2.6 9.999  1.42  -2.40   0.90   7.8  5.9 0.0195 43  28   -35  32  98.9  824  -697   127   4.1 0.006663 999999.99 99999.99 99999.99     8.59     0.64     0.10 -1
2006 346 14 2366 51 51  61  34   5.3   4.6 -23.2 358.7   4.2  -0.1  -1.8  -0.4  -1.8   0.1   2.4   0.8   1.6   1.6  225682.   1.6  648.   2.8  -2.8 9.999   70677.   0.1   15.   3.0   2.3 9.999  1.34   1.17   0.84   7.7  5.9 0.0199 43  28   -40  32  98.9  445  -379    66   2.5 0.006663 999999.99 99999.99 99999.99     8.14     0.59     0.11 -1
2006 346 15 2366 51 51  62  37   5.1   3.6   8.6 330.8   3.1  -1.8   0.5  -1.7   0.7   0.2   3.4   0.9   2.5   2.1  258051.   1.5  665.   0.5   0.5 9.999   65366.   0.2   20.   3.7   3.0 9.999  1.33  -0.47   0.93   8.0  5.9 0.0187 40  28   -40  27  98.9  155   -98    56   0.8 0.006663 999999.99 99999.99 99999.99     7.51     0.47     0.10 -1
2006 346 16 2366 51 51  59  35   5.1   3.1 -48.2 350.4   2.1  -0.3  -2.3  -0.5  -2.3   0.2   3.8   1.1   2.1   3.0  285466.   1.4  684.   2.6  -3.1 9.999   62417.   0.2   18.   2.9   3.4 9.999  1.31   1.57   0.93   7.9  5.9 0.0189 40  28   -42  27  98.9  367  -277    90   2.1 0.006663 999999.99 99999.99 99999.99     6.92     0.48     0.10 -1
2006 346 17 2366 51 51  59  34   5.0   3.5  24.1 341.2   3.0  -1.0   1.4  -1.0   1.4   0.2   3.5   1.1   1.6   2.8  260118.   1.4  677.   2.3   2.3 9.999   64861.   0.2   21.   2.3   3.3 9.999  1.28  -0.95   0.91   8.0  6.0 0.0185 40  28   -44  27  98.9  582  -449   133   2.6 0.006663 999999.99 99999.99 99999.99     6.32     0.45     0.10 -1
2006 346 18 2366 51 51  61  33   4.7   3.3 -15.0 342.2   3.1  -1.0  -0.9  -1.0  -0.9   0.2   3.0   1.0   1.9   2.1  300052.   1.4  675.   2.3  -1.1 9.999   73077.   0.1   21.   2.7   3.9 9.999  1.28   0.61   1.13   8.5  6.0 0.0165 40  28   -39  27  98.9  250  -165    85   1.7 0.006663 999999.99 99999.99 99999.99     5.19     0.40     0.09 -1
2006 346 19 2366 51 51  60  36   4.9   4.0 -35.2  29.0   2.8   1.6  -2.3   1.7  -2.2   0.1   2.7   0.6   2.1   1.5  280325.   1.5  682.   5.0  -2.5 9.999   65306.   0.2   11.   2.6   2.1 9.999  1.40   1.50   1.06   8.5  6.2 0.0164 40  28   -41  27  98.9  556  -443   113   3.5 0.006663 999999.99 99999.99 99999.99     5.24     0.37     0.09 -1
2006 346 20 2366 51 51  58  36   5.0   4.3 -49.9 314.0   1.9  -2.0  -3.3  -1.7  -3.5   0.2   2.3   0.8   1.7   1.4  250303.   1.4  690.   1.0  -3.9 9.999   65557.   0.2   18.   2.3   2.5 9.999  1.33   2.42   0.88   8.2  6.1 0.0178 40  28   -43  27  98.9  706  -605   101   5.2 0.006663 999999.99 99999.99 99999.99     4.81     0.30     0.07 -1
2006 346 21 2366 51 51  61  37   4.9   3.6  -1.5 316.2   2.6  -2.5  -0.1  -2.5  -0.4   0.1   3.1   1.3   1.0   2.6  229884.   1.3  672.  -0.1   0.1 9.999   93895.   0.2   21.   1.8   4.0 9.999  1.17   0.27   0.81   7.8  6.0 0.0195 40  28   -49  27  98.9  461  -346   115   2.5 0.006663 999999.99 99999.99 99999.99     5.08     0.40     0.09 -1
2006 346 22 2366 51 51  60  33   4.8   4.0 -18.3 323.6   3.0  -2.2  -1.2  -2.0  -1.5   0.0   2.5   1.2   1.5   1.7  226109.   1.3  664.  -0.1  -2.1 9.999   71478.   0.1   22.   2.5   3.0 9.999  1.15   1.00   0.83   7.9  6.0 0.0191 40  28   -47  27  98.9  320  -156   164   2.0 0.006663 999999.99 99999.99 99999.99     5.03     0.36     0.08 -1
2006 346 23 2366 51 51  59  35   4.6   3.9  -4.9 326.5   3.2  -2.1  -0.3  -2.0  -0.6   0.1   2.3   0.9   1.3   1.7  221724.   1.3  652.  -0.3  -1.8 9.999   76531.   0.1   17.   2.6   3.0 9.999  1.11   0.39   0.89   8.1  6.1 0.0182 40  28   -42  27  98.9  240  -152    88   2.0 0.006663 999999.99 99999.99 99999.99     4.71     0.35     0.08 -1
2006 347  0 2366 51 51  62  33   4.4   3.0 -33.4 321.6   2.0  -1.6  -1.7  -1.4  -1.9   0.2   3.0   1.6   1.8   1.8  258304.   1.2  674.   1.3  -2.5 9.999   87949.   0.2   28.   2.6   2.8 9.999  1.09   1.28   1.00   8.4  6.1 0.0169 33  26   -38  18  90.7  227  -121   105   2.5 0.006630 999999.99 99999.99 99999.99     4.58     0.27     0.08 -1
2006 347  1 2366 51 51  58  33   4.7   4.2   8.7 303.0   2.3  -3.5   0.6  -3.5   0.3   0.1   1.7   0.8   0.6   1.3  263573.   1.2  665.  -1.5   0.1 9.999   69599.   0.1   16.   1.3   2.3 9.999  1.06  -0.20   0.89   7.7  5.8 0.0198 33  26   -40  18  90.7  323  -190   133   2.5 0.006630 999999.99 99999.99 99999.99     4.79     0.33     0.09 -1
2006 347  2 2366 51 51  58  33   4.4   3.3   2.8 338.1   3.0  -1.2   0.2  -1.2   0.1   0.2   2.9   1.1   2.5   1.1  224659.   1.2  655.   1.2  -0.5 9.999   59637.   0.1   16.   3.2   1.6 9.999  1.03  -0.07   0.91   8.2  6.1 0.0179 33  26   -40  18  90.7  155   -42   113   1.9 0.006630 999999.99 99999.99 99999.99     4.62     0.50     0.22 -1
2006 347  3 2366 51 51  60  36   4.4   3.9   3.8 324.9   3.2  -2.2   0.3  -2.2   0.3   0.1   1.8   0.8   1.3   1.0  191488.   1.2  646.  -0.8  -0.5 9.999   43099.   0.2   13.   2.0   1.9 9.999  1.00  -0.19   0.82   8.0  6.1 0.0184 33  26   -40  18  90.7  120   -23    97   2.0 0.006630 999999.99 99999.99 99999.99    59.68    59.17    45.69 -1
2006 347  4 2366 51 51  62  38   4.6   4.6  15.3 303.8   2.4  -3.7   1.2  -3.6   1.4   0.1   0.6   0.4   0.3   0.3  198007.   1.1  653.  -2.2   0.7 9.999   37336.   0.1    9.   1.1   0.6 9.999  0.94  -0.91   0.71   7.4  5.9 0.0215 33  26   -37  18  90.7  177  -109    67   3.4 0.006630 999999.99 99999.99 99999.99   209.08   208.25   143.17 -1
2006 347  5 2366 51 51  56  33   4.7   4.3   9.8 306.4   2.5  -3.4   0.7  -3.3   1.1   0.1   1.9   1.1   1.1   1.0  177847.   0.9  653.  -1.7   0.0 9.999   66909.   0.1   22.   2.1   1.9 9.999  0.77  -0.72   0.52   6.6  5.5 0.0274 33  26   -32  18  90.7   82   -13    69   1.6 0.006630 999999.99 99999.99 99999.99   305.58   299.42   179.42 -1
2006 347  6 2366 51 51  63  36   4.8   4.2  14.4 336.0   3.7  -1.7   1.0  -1.5   1.3   0.1   2.1   0.7   1.5   1.3  125333.   0.9  631.   2.1   0.9 9.999   57534.   0.1   22.   3.2   2.8 9.999  0.72  -0.82   0.41   6.2  5.4 0.0306 10  26   -31   4  90.7   35    -7    28   0.9 0.006630 999999.99 99999.99 99999.99   427.08   358.75   174.33 -1
2006 347  7 2366 51 51  59  35   4.8   4.4  12.3 313.2   2.9  -3.1   0.9  -2.9   1.5   0.1   1.8   1.1   1.2   0.7  150593.   1.0  643.  -0.7   0.8 9.999   55274.   0.1   21.   2.2   1.7 9.999  0.83  -0.96   0.50   6.7  5.6 0.0265 10  26   -31   4  90.7   35    -9    26   0.5 0.006630 999999.99 99999.99 99999.99   544.75   344.50   139.58 -1
2006 347  8 2366 51 51  59  36   4.7   4.3  13.2 315.0   3.0  -3.0   1.0  -2.7   1.7   0.2   1.8   0.8   1.5   0.5  165379.   1.0  643.  -0.2   0.9 9.999   56622.   0.1   18.   3.0   1.3 9.999  0.83  -1.09   0.55   6.8  5.6 0.0254 10  26   -30   4  90.7   40   -14    26   0.4 0.006630 999999.99 99999.99 99999.99   617.08   327.50   112.92 -1
2006 347  9 2366 51 51  61  35   4.6   4.3  18.4 332.5   3.6  -1.9   1.4  -1.5   1.8   0.1   1.6   0.8   1.1   0.9  123770.   0.9  635.   0.7   2.1 9.999   26800.   0.1   12.   2.3   1.8 9.999  0.73  -1.14   0.45   6.5  5.6 0.0277  7  26   -30   3  90.7   30   -10    20   0.1 0.006630 999999.99 99999.99 99999.99   660.67   304.83    91.33 -1
2006 347 10 2366 51 51  59  36   4.7   4.3  -2.3 328.4   3.6  -2.2  -0.2  -2.2   0.4   0.1   1.9   0.6   1.0   1.5  116965.   0.8  627.   0.8  -1.7 9.999   36000.   0.1   12.   2.3   3.2 9.999  0.63  -0.25   0.37   6.0  5.2 0.0334  7  26   -32   3  90.7   50   -29    22   0.1 0.006630 999999.99 99999.99 99999.99   659.67   267.67    72.17 -1
2006 347 11 2366 51 51  59  33   5.0   4.8  12.6 331.5   4.1  -2.3   1.1  -2.0   1.6   0.1   1.3   0.5   0.9   0.7   95254.   0.8  613.   0.7   0.6 9.999   30930.   0.1   13.   2.4   2.0 9.999  0.60  -0.98   0.30   5.5  4.9 0.0396  7  26   -32   3  90.7   54   -35    19  -0.2 0.006630 999999.99 99999.99 99999.99   567.42   211.33    54.57 -1
2006 347 12 2366 51 51  60  34   5.2   4.7   0.6 341.8   4.5  -1.5   0.1  -1.4   0.4   0.1   1.9   0.6   1.3   1.3   96629.   0.8  610.   2.4  -0.5 9.999   35120.   0.1   12.   3.1   1.9 9.999  0.60  -0.24   0.28   5.2  4.7 0.0432  3  26   -31   2  90.7   61   -53     8  -0.1 0.006630 999999.99 99999.99 99999.99   475.25   169.17    42.29 -1
2006 347 13 2366 51 51  61  35   5.1   4.6   8.2 336.2   4.2  -1.8   0.7  -1.6   1.0   0.1   2.0   0.8   1.5   1.1  114345.   0.8  615.   2.0  -0.0 9.999   40541.   0.1   14.   3.6   2.3 9.999  0.61  -0.61   0.31   5.4  4.8 0.0409  3  26   -33   2  90.7   48   -43     5  -0.0 0.006630 999999.99 99999.99 99999.99   436.50   144.75    34.72 -1
2006 347 14 2366 51 51  60  34   5.1   4.8  18.8 328.0   3.9  -2.4   1.5  -2.1   1.9   0.1   1.6   0.5   1.1   1.0  141479.   0.9  624.   0.1   1.7 9.999   36466.   0.1   13.   2.4   2.3 9.999  0.70  -1.19   0.39   5.8  5.0 0.0353  3  26   -36   2  90.7   30   -21     9  -0.3 0.006630 999999.99 99999.99 99999.99   399.17   120.83    28.34 -1
2006 347 15 2366 51 51  59  32   5.0   4.2  15.0 334.6   3.6  -1.7   1.1  -1.6   1.3   0.1   2.5   1.0   2.0   1.3  145784.   0.9  620.   1.2  -0.6 9.999   52465.   0.1   22.   3.9   2.7 9.999  0.69  -0.81   0.41   5.9  5.1 0.0344 10  26   -37   4  90.7   46   -38     8  -0.0 0.006630 999999.99 99999.99 99999.99   355.58   101.16    23.77 -1
2006 347 16 2366 51 51  59  36   5.1   4.6  -3.3   5.4   4.5   0.4  -0.3   0.4  -0.3   0.1   2.1   0.4   1.3   1.5  156520.   0.9  598.   5.2  -3.0 9.999   70728.   0.1   14.   2.6   3.5 9.999  0.64   0.18   0.41   5.6  4.8 0.0384 10  26   -37   4  90.7   39   -31     8  -0.1 0.006630 999999.99 99999.99 99999.99   330.58    87.77    20.18 -1
2006 347 17 2366 51 51  62  35   5.1   4.1  -1.6 328.1   3.5  -2.2  -0.1  -2.2   0.0   0.1   2.9   0.9   1.9   1.9  199006.   0.9  607.   0.6  -2.3 9.999   57365.   0.1   18.   3.6   4.0 9.999  0.66  -0.00   0.47   5.6  4.8 0.0373 10  26   -33   4  90.7   28   -19     9  -0.3 0.006630 999999.99 99999.99 99999.99   282.83    75.32    17.19 -1
2006 347 18 2366 51 51  59  35   5.3   4.6  20.4 293.5   1.7  -3.9   1.6  -3.9   1.5   0.2   2.5   1.1   0.9   2.1  290726.   1.1  641.  -2.1   0.5 9.999   65573.   0.2   18.   1.6   2.8 9.999  0.90  -0.96   0.68   6.3  5.0 0.0296 10  26   -29   4  90.7   27   -20     7  -0.4 0.006630 999999.99 99999.99 99999.99   223.50    64.80    15.12 -1
2006 347 19 2366 51 51  62  35   5.3   4.9  23.5 308.3   2.8  -3.5   2.0  -3.6   1.8   0.2   1.7   0.9   0.9   1.1  263347.   1.0  623.  -1.7   0.3 9.999   68316.   0.1   18.   1.5   2.2 9.999  0.78  -1.12   0.58   5.9  4.8 0.0344 10  26   -29   4  90.7   47   -32    15   0.0 0.006630 999999.99 99999.99 99999.99   226.75    57.58    13.23 -1
2006 347 20 2366 51 51  58  36   5.2   4.6  16.4 321.5   3.5  -2.8   1.3  -2.9   1.0   0.1   2.2   0.7   0.9   1.9  214249.   1.1  614.  -1.3  -0.8 9.999   50497.   0.1   15.   1.8   3.0 9.999  0.83  -0.61   0.58   6.2  5.1 0.0310 10  26   -28   4  90.7   26   -14    12  -0.3 0.006630 999999.99 99999.99 99999.99   202.25    50.56    11.59 -1
2006 347 21 2366 51 51  61  36   5.2   4.6   9.6 289.1   1.5  -4.3   0.8  -4.4   0.3   0.1   2.1   1.0   0.6   1.8  215931.   1.1  649.  -2.9  -1.8 9.999   71991.   0.2   19.   1.7   3.4 9.999  0.93  -0.19   0.58   6.5  5.3 0.0278 27  26   -28  12  90.7   69   -40    29   0.7 0.006630 999999.99 99999.99 99999.99   181.33    44.23    10.31 -1
2006 347 22 2366 51 51  61  37   5.0   4.6  13.7 301.4   2.3  -3.8   1.1  -3.9   0.6   0.1   1.8   1.4   0.8   0.9  170044.   1.1  632.  -2.1  -0.1 9.999   45542.   0.1   20.   1.0   1.6 9.999  0.88  -0.38   0.55   6.6  5.5 0.0271 27  26   -29  12  90.7   45   -30    15   0.2 0.006630 999999.99 99999.99 99999.99   158.17    39.35     9.00 -1
2006 347 23 2366 51 51  57  32   4.7   4.2 -12.9 318.3   3.1  -2.7  -0.9  -2.6  -1.2   0.2   1.9   0.6   1.1   1.4  157931.   1.2  627.  -1.4  -2.8 9.999   56486.   0.2   13.   1.0   1.7 9.999  0.94   0.75   0.65   7.3  5.9 0.0223 27  26   -25  12  90.7   44   -14    30   0.1 0.006630 999999.99 99999.99 99999.99   166.25    36.52     8.17 -1
2006 348  0 2366 51 51  61  33   4.0   3.5   3.2 340.9   3.3  -1.2   0.2  -1.2   0.1   0.4   1.7   0.6   0.6   1.5  176728.   1.2  617.   0.2  -0.8 9.999   65628.   0.2   11.   1.4   1.8 9.999  0.91  -0.06   0.95   8.4  6.3 0.0167 30  23   -25  15  90.5  103   -36    67   1.4 0.006581 999999.99 99999.99 99999.99   176.25    32.23     7.22 -1
2006 348  1 2366 51 51  61  35   4.3   3.9  -6.0 340.6   3.6  -1.3  -0.4  -1.3  -0.5   0.2   1.9   0.4   1.2   1.5  148227.   1.3  615.   0.3  -1.2 9.999   44897.   0.2    9.   2.0   1.8 9.999  0.98   0.31   0.81   8.2  6.3 0.0179 30  23   -25  15  90.5  171   -92    78   2.9 0.006581 999999.99 99999.99 99999.99   181.83    29.82     6.65 -1
2006 348  2 2366 51 51  60  35   4.1   4.0 -36.4 311.4   2.1  -2.4  -2.4  -2.3  -2.5   0.3   0.8   0.4   0.4   0.6  155177.   1.2  626.  -0.9  -3.1 9.999   34937.   0.1    7.   1.1   1.2 9.999  0.94   1.56   0.84   8.4  6.4 0.0170 30  23   -26  15  90.5  176   -45   131   2.2 0.006581 999999.99 99999.99 99999.99   174.75    26.89     6.10 -1
2006 348  3 2366 51 51  58  35   3.5   3.2 -37.4 322.5   2.0  -1.6  -2.0  -1.6  -2.0   0.3   1.4   0.6   0.8   1.0  180658.   1.2  622.  -0.2  -2.3 9.999   52327.   0.1   15.   1.5   1.5 9.999  0.93   1.24   1.26   9.7  6.7 0.0126 23  23   -28   9  90.5  104   -19    85   2.2 0.006581 999999.99 99999.99 99999.99   169.08    24.82     5.55 -1
2006 348  4 2366 51 51  62  38   3.4   2.7 -26.7 323.0   1.9  -1.4  -1.2  -1.5  -1.1   0.3   2.0   0.7   1.1   1.5  181647.   1.2  611.   0.1  -1.1 9.999   63518.   0.2   10.   1.7   2.1 9.999  0.90   0.67   1.34   9.8  6.7 0.0123 23  23   -28   9  90.5   94   -12    82   2.1 0.006581 999999.99 99999.99 99999.99   165.83    23.00     5.12 -1
2006 348  5 2366 51 51  57  31   3.7   3.5  64.5  34.1   1.2   0.8   3.1   1.1   3.0   0.1   1.1   0.6   0.8   0.4  130694.   1.1  612.   1.3   3.2 9.999   35571.   0.1    9.   1.3   1.7 9.999  0.82  -1.84   0.87   8.7  6.6 0.0158 23  23   -26   9  90.5   84    -8    76   1.7 0.006581 999999.99 99999.99 99999.99   161.83    21.45     4.74 -1
2006 348  6 2366 51 51  60  36   3.9   3.0  15.9 348.0   2.8  -0.6   0.8  -0.5   0.9   0.1   2.5   1.0   1.5   1.7  122445.   1.3  585.  -0.0   0.8 9.999   31554.   0.2   12.   2.5   2.0 9.999  0.89  -0.53   0.89   8.6  6.4 0.0163 20  23   -26   7  90.5   52    -6    46   1.5 0.006581 999999.99 99999.99 99999.99   166.83    20.71     4.39 -1
2006 348  7 2366 51 51  60  36   4.0   3.7 -35.7 306.4   1.8  -2.4  -2.1  -2.8  -1.6   0.2   1.3   0.8   0.6   0.9  135423.   1.3  592.  -1.8  -1.9 9.999   29959.   0.2   13.   1.3   1.7 9.999  0.91   0.95   0.89   8.4  6.3 0.0167 20  23   -26   7  90.5  123   -34    90   0.6 0.006581 999999.99 99999.99 99999.99   156.25    18.97     4.01 -1
2006 348  8 2366 51 51  60  33   3.7   3.3 -44.3 345.5   2.3  -0.6  -2.3  -1.1  -2.1   0.1   1.5   0.7   1.1   0.8  112148.   1.2  582.   0.4  -2.2 9.999   28050.   0.2   12.   1.7   1.1 9.999  0.81   1.22   0.88   8.6  6.5 0.0160 20  23   -27   7  90.5  209  -136    73   1.0 0.006581 999999.99 99999.99 99999.99   144.67    17.32     3.66 -1
2006 348  9 2366 51 51  59  36   3.7   2.5  22.4 325.0   1.9  -1.3   1.0  -1.0   1.3   0.2   2.6   1.2   1.0   2.1  102649.   1.2  582.  -0.1   1.6 9.999   22747.   0.2   18.   2.0   2.8 9.999  0.81  -0.76   0.84   8.6  6.6 0.0160 20  23   -27   7  90.5  223  -183    40   2.3 0.006581 999999.99 99999.99 99999.99   142.42    16.53     3.52 -1
2006 348 10 2366 51 51  58  34   3.6   3.2  18.1 339.4   2.9  -1.1   1.0  -0.8   1.2   0.1   1.3   0.5   0.8   0.9  101405.   1.4  558.  -0.5   2.4 9.999   36453.   0.3    9.   2.1   2.2 9.999  0.87  -0.67   1.03   9.2  6.7 0.0141 20  23   -28   7  90.5  147   -92    55   0.7 0.006581 999999.99 99999.99 99999.99   146.17    15.40     3.18 -1
2006 348 11 2366 51 51  63  32   3.5   2.5 -33.5 333.9   1.9  -0.9  -1.4  -1.2  -1.1   0.2   2.3   1.0   1.0   1.8  103274.   1.2  571.  -0.2  -1.1 9.999   31574.   0.3   19.   1.7   2.5 9.999  0.78   0.63   0.94   8.9  6.6 0.0149 20  23   -24   7  90.5  107   -57    50   1.3 0.006581 999999.99 99999.99 99999.99   145.67    14.62     3.01 -1
2006 348 12 2366 51 51  60  35   3.9   2.7 -46.3 343.8   1.8  -0.5  -1.9  -0.9  -1.7   0.3   2.7   1.0   1.2   2.2  120153.   1.4  577.   0.1  -1.9 9.999   26929.   0.2   16.   2.0   2.5 9.999  0.93   0.98   0.95   8.8  6.5 0.0155 50  23   -23  48  90.5  244  -175    69   1.6 0.006581 999999.99 99999.99 99999.99   151.08    14.11     2.82 -1
2006 348 13 2366 51 51  61  36   4.2   2.7 -45.1 337.4   1.7  -0.7  -1.9  -1.1  -1.7   0.3   3.0   1.5   0.9   2.4  124292.   1.5  582.  -0.2  -0.7 9.999   36716.   0.2   25.   1.7   3.5 9.999  1.02   0.99   0.89   8.5  6.4 0.0165 50  23   -24  48  90.5  220  -170    50   1.8 0.006581 999999.99 99999.99 99999.99   159.92    13.47     2.64 -1
2006 348 14 2366 51 51  78  38   7.6   4.3 -67.1  41.9   1.3   1.1  -4.0   0.5  -4.1   4.3   6.3   3.5   3.3   4.0  790520.   3.1  772.   3.6   2.0 9.999  908240.   2.3  177.   4.3   5.3 9.999  3.70   3.17   2.05   8.9  5.4 0.0149 50  23    -7  48  90.5 1016  -823   193   8.6 0.006581 999999.99 99999.99 99999.99   169.92    11.50     2.35 -1
2006 348 15 2366 51 51  60  37  12.0   9.7 -11.2 247.6  -3.6  -8.8  -1.9  -9.0  -0.9   2.8   6.3   2.9   3.2   4.6 1490724.   6.7  955.   2.6   1.3 9.999  446240.   0.6   15.   1.5   2.1 9.999 12.22   0.86   3.13  10.3  5.3 0.0112 53  23   -10  56  90.5 1616 -1283   333   9.5 0.006581 999999.99 99999.99 99999.99   105.97     8.90     1.87 -1
2006 348 16 2366 51 51  60  37  13.0   9.8  -5.2 269.5  -0.1  -9.8  -0.9  -9.8  -0.3   1.3   8.1   3.0   3.2   6.8 1527913.   7.2  948.   1.7   0.1 9.999  314289.   0.5    8.   1.2   1.4 9.999 12.94   0.28   2.94   9.8  5.2 0.0124 53  23   -30  56  90.5 1162  -666   496   6.7 0.006581 999999.99 99999.99 99999.99    64.72     6.27     1.41 -1
2006 348 17 2366 51 51  60  37  14.6  12.5 -12.5 266.6  -0.7 -12.2  -2.7 -12.2  -2.5   1.3   7.4   2.7   2.2   6.6 1223459.   8.4  937.  -1.2  -0.5 9.999  212261.   1.0    9.   1.1   1.2 9.999 14.75   2.34   2.22   9.3  5.4 0.0138 53  23   -32  56  90.5 1269  -899   370   6.2 0.006581 999999.99 99999.99 99999.99    46.96     5.00     1.10 -1
2006 348 18 2366 51 51  59  38  14.6  13.1  23.8 269.8   0.0 -12.0   5.3 -12.1   5.0   2.0   6.5   1.5   4.2   4.7 1191122.  10.3  922.  -1.1   1.6 9.999  263332.   1.1    5.   1.0   1.0 9.999 17.51  -4.61   2.65  10.1  5.6 0.0116 53  23   -45  56  90.5  886  -639   247   0.9 0.006581 999999.99 99999.99 99999.99    33.40     3.82     0.86 -1
2006 348 19 2366 51 51  60  38  13.9  13.6  22.6 269.5  -0.1 -12.6   5.2 -12.9   4.3   2.3   3.2   0.9   2.5   1.7  614953.  11.0  921.  -0.4   1.7 9.999  178199.   1.5    5.   1.1   1.2 9.999 18.66  -3.96   1.76  11.0  6.9 0.0099 53  23   -32  56  90.5  561  -161   401   1.2 0.006581 999999.99 99999.99 99999.99    25.85     2.65     0.55 -1
2006 348 20 2366 51 51  60  37  12.9  10.4  54.6 271.3   0.1  -6.0   8.5  -6.8   7.9   1.7   7.6   3.3   4.6   5.1  264082.  12.8  915.  -1.0   2.7 9.999  108270.   2.5   14.   1.6   1.2 9.999 21.43  -7.23   1.26  12.7  8.8 0.0074 53  23   -22  56  90.5  577  -131   447   1.6 0.006581 999999.99 99999.99 99999.99    17.34     1.88     0.40 -1
2006 348 21 2366 51 51  60  37  14.8   7.6  43.2 222.5  -4.1  -3.7   5.2  -4.3   4.7   3.2  13.0   3.8   7.1  10.2  146310.  13.9  903.  -0.8   0.4 9.999   46624.   3.8   11.   1.1   1.8 9.999 22.67  -4.24   0.73  11.4  8.9 0.0092 77  23   -15 179  90.5  341  -114   227   0.9 0.006581 999999.99 99999.99 99999.99    13.14     1.68     0.35 -1
2006 348 22 2366 51 51  58  36  13.0   5.3  23.0  69.1   1.7   4.5   2.1   4.2   2.7   3.3  12.1   4.8   7.9   7.9  127604.  15.5  877.  -2.6  -0.8 9.999   42300.   6.9   16.   1.6   1.4 9.999 23.84  -2.37   0.98  13.3  9.8 0.0067 77  23   -27 179  90.5  765  -455   310   4.3 0.006581 999999.99 99999.99 99999.99    10.37     1.89     0.70 -1
2006 348 23 2366 51 51  60  36  16.1  14.8 -79.8   8.0   2.6   0.4 -14.6   2.4 -14.4   0.8   6.0   1.1   4.5   3.9   74202.  11.3  865.  -2.8  -1.0 9.999   24105.   4.4    6.   1.2   1.0 9.999 16.91  12.46   0.37   9.0  7.9 0.0146 77  23   -69 179  90.5  888  -860    28  10.6 0.006581 999999.99 99999.99 99999.99    55.78    23.56     6.29 -1
2006 349  0 2366 51 51  60  36  17.7  17.4 -70.8  60.4   2.8   5.0 -16.4   7.0 -15.7   0.3   3.0   1.1   2.7   0.5   41839.   6.0  864.  -2.3  -1.1 9.999    8548.   1.5    7.   0.7   0.8 9.999  8.96  13.56   0.14   6.0  5.7 0.0333 83  21  -146 236  84.4  900 -1119  -220  13.4 0.006435 999999.99 99999.99 99999.99   162.08    31.16     6.32 -1
2006 349  1 2366 51 51  59  36  17.5  17.5 -62.3  60.0   4.1   7.0 -15.5   8.5 -14.7   0.2   0.8   0.3   0.6   0.4   28680.   2.6  856.  -2.1  -0.6 9.999    3835.   1.0    9.   1.1   0.8 9.999  3.81  12.58   0.06   3.9  3.9 0.0765 83  21  -157 236  84.4  543  -592   -49   8.6 0.006435 999999.99 99999.99 99999.99    88.98    17.75     4.41 -1
2006 349  2 2366 51 51  59  36  16.8  16.8 -55.2  64.0   4.2   8.6 -13.8   9.4 -13.3   0.2   0.9   0.5   0.4   0.6   25694.   3.6  837.  -2.8  -1.9 9.999    3693.   0.5   10.   0.8   0.8 9.999  5.04  11.13   0.08   4.7  4.6 0.0532 83  21  -149 236  84.4 1290 -1235    55  14.3 0.006435 999999.99 99999.99 99999.99    56.65    13.57     3.66 -1
2006 349  3 2366 51 51  59  33  15.6  15.6 -47.3  63.6   4.7   9.5 -11.5   9.6 -11.4   0.5   0.8   0.6   0.2   0.5   21648.   4.2  809.  -3.1  -2.5 9.999    3807.   0.8    7.   0.5   0.8 9.999  5.50   9.22   0.11   5.3  5.1 0.0421 77  21  -156 179  84.4 1263 -1380  -116  11.4 0.006435 999999.99 99999.99 99999.99    34.93     9.67     2.70 -1
2006 349  4 2366 51 51  60  35  14.3  14.2 -40.6  63.8   4.8   9.7  -9.2   9.3  -9.6   0.3   1.1   0.5   0.4   0.8   22034.   3.8  784.  -3.7  -3.9 9.999    4079.   0.5    5.   0.5   0.9 9.999  4.67   7.53   0.12   5.3  5.1 0.0417 77  21  -158 179  84.4  912  -846    66  11.5 0.006435 999999.99 99999.99 99999.99    26.53     7.57     2.14 -1
2006 349  5 2366 51 51  59  29  13.6  12.3 -17.9  74.9   3.0  11.3  -3.8  10.9  -4.9   0.5   5.8   2.1   1.4   5.2   28666.   3.5  759.  -1.5  -4.5 9.999   10871.   0.8    9.   2.2   1.0 9.999  4.03   3.72   0.12   5.2  5.0 0.0436 77  21  -159 179  84.4  754  -493   260   9.9 0.006435 999999.99 99999.99 99999.99    26.63     7.20     1.87 -1
2006 349  6 2366 51 51  59  35  12.8  12.5 -40.4  59.4   4.8   8.2  -8.1   6.9  -9.2   0.1   2.5   0.4   1.8   1.7   22960.   2.0  765.  -3.7  -3.6 9.999    4860.   0.8    8.   0.7   1.0 9.999  2.34   7.04   0.08   4.2  4.1 0.0666 67  21  -158 111  84.4  801  -653   148   8.3 0.006435 999999.99 99999.99 99999.99    24.93     6.39     1.61 -1
2006 349  7 2366 51 51  59  36  12.3  12.3 -42.6  65.3   3.8   8.2  -8.3   6.5  -9.7   0.3   0.8   0.7   0.3   0.3   26486.   0.7  736.  -5.1  -2.3 9.999    3807.   0.2   18.   1.1   0.8 9.999  0.76   7.14   0.03   2.5  2.5 0.1898 67  21  -162 111  84.4 1068 -1084   -16   8.0 0.006435 999999.99 99999.99 99999.99    21.87     5.69     1.49 -1
2006 349  8 2366 51 51  63  38  11.3  11.1 -51.0  59.5   3.6   6.0  -8.7   4.0  -9.8   0.3   1.6   0.9   1.0   0.9   28042.   0.6  727.  -3.5  -2.4 9.999    5151.   0.2   21.   1.6   1.3 9.999  0.63   7.12   0.03   2.5  2.5 0.1916 67  21  -150 111  84.4 1245 -1259   -14   7.5 0.006435 999999.99 99999.99 99999.99    19.13     5.06     1.19 -1
2006 349  9 2366 51 51  55  31  10.2   9.8 -23.0  41.8   6.7   6.0  -3.8   4.9  -5.1   0.3   2.6   0.8   1.2   2.2  111188.   1.7  707.  -0.9  -3.9 9.999   52263.   0.8   22.   1.6   2.0 9.999  1.70   3.61   0.16   4.5  4.2 0.0583 57  21  -123  67  84.4 1372 -1150   221   9.1 0.006435 999999.99 99999.99 99999.99    17.13     4.29     1.00 -1
2006 349 10 2366 51 51  59  36   9.7   9.5 -34.5  39.9   6.0   5.0  -5.4   3.6  -6.4   0.1   1.7   1.0   1.1   0.8  111709.   1.1  673.   2.4  -0.0 9.999   59156.   0.4   11.   1.1   2.0 9.999  1.00   4.31   0.12   3.6  3.5 0.0898 57  21  -116  67  84.4 1117  -996   121   5.5 0.006435 999999.99 99999.99 99999.99    14.83     3.68     0.81 -1
2006 349 11 2366 51 51  60  36   8.9   8.9 -37.4  45.4   5.0   5.0  -5.4   3.6  -6.4   0.3   0.8   0.5   0.5   0.5   71682.   1.3  683.   0.6   2.8 9.999   21095.   0.5    9.   1.2   1.4 9.999  1.21   4.37   0.14   4.4  4.1 0.0621 57  21  -108  67  84.4 1333 -1230   103   5.6 0.006435 999999.99 99999.99 99999.99    13.77     3.39     0.74 -1
2006 349 12 2366 51 51  58  34   7.9   7.6 -31.6  56.6   3.6   5.4  -4.0   4.4  -5.1   0.6   1.9   0.9   1.1   1.3  100199.   3.5  666.  -0.5   1.1 9.999   38709.   0.7    8.   1.7   1.3 9.999  3.10   3.40   0.53   7.9  6.5 0.0191 60  21   -81  80  84.4 1295 -1118   177  10.4 0.006435 999999.99 99999.99 99999.99    12.68     3.13     0.70 -1
2006 349 13 2366 51 51  60  33   7.1   6.6 -57.5   8.9   3.5   0.6  -5.6  -0.5  -5.6   0.4   2.5   1.4   2.0   0.7  186724.   3.9  653.  -0.0   2.3 9.999  102432.   0.7   11.   1.5   1.3 9.999  3.33   3.66   1.01   9.1  6.6 0.0144 60  21   -90  80  84.4 1163 -1039   124   5.2 0.006435 999999.99 99999.99 99999.99    11.76     2.71     0.59 -1
2006 349 14 2366 51 51  60  37   5.1   4.7 -36.9   1.6   3.8   0.1  -2.8  -0.3  -2.8   0.8   2.0   1.1   1.2   1.1  266194.   3.8  651.  -0.7   1.3 9.999   49946.   0.3    7.   1.3   1.4 9.999  3.22   1.82   2.40  12.4  7.1 0.0077 60  21   -98  80  84.4  860  -702   158   3.9 0.006435 999999.99 99999.99 99999.99    11.29     2.51     0.51 -1
2006 349 15 2366 51 51  60  35   4.9   4.8 -26.4 348.0   4.2  -0.9  -2.1  -1.1  -2.0   0.9   1.3   0.8   0.9   0.6  377880.   3.2  642.   0.3   1.6 9.999  141833.   0.5   10.   1.7   1.2 9.999  2.64   1.28   2.81  11.7  6.3 0.0087 40  21   -98  27  84.4  547  -453    94   2.8 0.006435 999999.99 99999.99 99999.99    10.76     2.23     0.43 -1
2006 349 16 2366 51 51  57  35   4.5   4.4 -41.0  27.0   3.0   1.5  -2.9   1.3  -3.0   0.8   1.1   0.6   0.7   0.5  255977.   3.5  627.   1.2   1.3 9.999   59569.   0.6   11.   1.1   1.2 9.999  2.75   1.88   2.76  13.0  7.1 0.0070 40  21   -94  27  84.4  513  -374   138   3.1 0.006435 999999.99 99999.99 99999.99     9.41     2.10     0.40 -1
2006 349 17 2366 51 51  62  33   6.9   6.8 -34.2  23.1   5.2   2.2  -3.8   2.2  -3.8   0.5   1.2   0.8   0.8   0.4  208981.   1.6  612.   0.6   0.5 9.999  122311.   0.5   15.   1.8   2.3 9.999  1.20   2.33   0.47   5.6  4.7 0.0378 40  21   -95  27  84.4  532  -418   113   3.4 0.006435 999999.99 99999.99 99999.99     8.17     1.74     0.32 -1
2006 349 18 2366 51 51  59  30   7.4   7.4 -22.6  31.5   5.8   3.6  -2.8   3.7  -2.7   0.2   0.8   0.3   0.6   0.5   53770.   0.7  625.   1.2   1.6 9.999   16674.   0.1    6.   1.4   1.1 9.999  0.55   1.69   0.10   3.5  3.4 0.0953 40  21   -87  27  84.4  612  -501   111   3.3 0.006435 999999.99 99999.99 99999.99     7.14     1.40     0.24 -1
2006 349 19 2366 51 51  59  33   6.4   6.4 -18.1  34.4   5.0   3.4  -2.0   3.5  -1.7   0.3   0.5   0.3   0.3   0.3   77598.   0.9  605.   1.2   1.0 9.999   34797.   0.2   11.   1.4   1.7 9.999  0.66   1.03   0.19   4.5  4.2 0.0592 40  21   -84  27  84.4  374  -319    55   2.5 0.006435 999999.99 99999.99 99999.99     6.31     1.30     0.19 -1
2006 349 20 2366 51 51  57  32   3.8   3.6 -13.4  28.6   3.1   1.7  -0.8   1.8  -0.6   1.2   1.4   0.9   0.7   0.8  163228.   1.8  562.   3.0   0.1 9.999   79614.   0.6   23.   1.4   1.8 9.999  1.14   0.34   1.51   9.9  6.5 0.0121 40  21   -81  27  84.4  416  -373    42   2.5 0.006435 999999.99 99999.99 99999.99     5.82     1.16     0.18 -1
2006 349 21 2366 51 51  65  38   4.0   1.7 -48.1 306.4   0.7  -0.9  -1.3  -0.7  -1.4   0.6   3.6   2.4   2.4   1.3   67072.   2.6  596.   1.4   2.1 9.999   37125.   0.8   26.   2.8   1.5 9.999  1.85   0.83   1.32  12.0  8.2 0.0082 37  21   -73  22  84.4  314  -252    61   2.3 0.006435 999999.99 99999.99 99999.99     5.29     1.12     0.20 -1
2006 349 22 2366 51 51  61  36   4.3   3.8 -48.3 250.3  -0.8  -2.4  -2.8  -2.0  -3.1   0.1   2.1   1.6   0.9   0.9   29172.   2.9  644.  -1.7   0.8 9.999    4266.   0.8    7.   0.8   0.7 9.999  2.41   2.00   1.03  12.8  9.3 0.0073 37  21   -72  22  84.4  323  -239    84   2.6 0.006435 999999.99 99999.99 99999.99     4.54     0.95     0.18 -1
2006 349 23 2366 51 51  60  34   2.9   2.7 -29.9 235.5  -1.3  -1.9  -1.3  -1.7  -1.6   0.7   1.2   0.5   0.5   1.0   27987.   1.4  658.   0.1  -0.3 9.999    4359.   0.6    7.   1.1   0.6 9.999  1.21   1.05   1.08  13.4  9.7 0.0066 37  21   -79  22  84.4  279  -178   101   2.0 0.006435 999999.99 99999.99 99999.99     4.53     0.84     0.19 -1
2006 350  0 2366 51 51  60  35   2.5   2.2 -63.8 216.6  -0.8  -0.6  -2.0  -0.3  -2.1   0.1   1.1   0.8   0.4   0.6   26430.   1.6  654.  -0.3  -0.3 9.999    5145.   0.3    3.   0.5   0.5 9.999  1.37   1.37   1.65  16.5 10.6 0.0043 30  20   -72  15  79.7  312  -197   114   2.5 0.006319 999999.99 99999.99 99999.99     4.27     0.79     0.15 -1
2006 350  1 2366 51 51  60  34   2.5   2.0 -35.6 211.9  -1.4  -0.9  -1.2  -0.8  -1.3   0.1   1.5   0.9   0.6   1.0   29120.   1.6  646.   0.1  -0.6 9.999    5890.   0.2    3.   0.9   0.7 9.999  1.34   0.84   1.68  16.3 10.4 0.0045 30  20   -70  15  79.7  227  -126   102   1.9 0.006319 999999.99 99999.99 99999.99     4.38     0.78     0.13 -1
2006 350  2 2366 51 51  59  35   2.7   1.4 -71.3 174.3  -0.4   0.0  -1.3   0.1  -1.3   0.2   2.3   1.4   0.9   1.5   39940.   1.3  644.   0.1  -0.3 9.999   10839.   0.3    7.   0.9   1.1 9.999  1.08   0.84   1.25  13.6  9.4 0.0064 30  20   -70  15  79.7  176   -92    84   1.9 0.006319 999999.99 99999.99 99999.99     3.96     0.65     0.13 -1
2006 350  3 2366 51 51  59  32   2.7   2.1  -8.9 205.8  -1.9  -0.9  -0.3  -0.9  -0.3   0.5   1.7   0.9   0.3   1.4   68985.   1.2  638.   0.1  -0.9 9.999   26325.   0.6    8.   1.0   1.4 9.999  0.98   0.19   1.35  12.9  8.8 0.0071 33  20   -67  18  79.7  237  -158    78   2.5 0.006319 999999.99 99999.99 99999.99     3.59     0.56     0.10 -1
2006 350  4 2366 51 51  61  36   2.8   2.7  31.0 178.6  -2.4   0.1   1.4   0.1   1.4   0.2   0.6   0.4   0.2   0.4   67455.   0.9  627.  -0.5  -1.6 9.999   26935.   0.2    5.   1.0   1.1 9.999  0.71  -0.88   0.94  10.6  7.9 0.0105 33  20   -59  18  79.7  100   -33    67   1.7 0.006319 999999.99 99999.99 99999.99     3.17     0.56     0.11 -1
2006 350  5 2366 51 51  60  34   2.0   1.7  25.2 182.2  -1.6  -0.1   0.7   0.0   0.7   0.4   1.0   0.5   0.4   0.7   64138.   1.4  635.  -0.7  -0.9 9.999   12989.   0.3    7.   0.7   0.9 9.999  1.13  -0.44   2.80  18.8 10.2 0.0034 33  20   -57  18  79.7   48   -21    27   1.0 0.006319 999999.99 99999.99 99999.99     2.89     0.46     0.11 -1
2006 350  6 2366 51 51  61  37   2.7   2.6  21.6  11.2   2.3   0.5   0.9   0.6   0.8   0.1   0.7   0.5   0.3   0.4   33735.   2.0  644.  -0.6  -0.7 9.999   17794.   0.4    5.   0.8   0.6 9.999  1.66  -0.52   1.85  16.9 10.5 0.0042 13  20   -57   5  79.7   47   -30    16   1.0 0.006319 999999.99 99999.99 99999.99     2.91     0.50     0.10 -1
2006 350  7 2366 51 51  59  33   2.9   2.9   6.3  15.9   2.7   0.8   0.3   0.8   0.2   0.1   0.4   0.1   0.3   0.3   32640.   1.5  636.  -0.7  -0.4 9.999    7693.   0.3    5.   0.6   0.7 9.999  1.21  -0.13   1.19  13.4  9.4 0.0066 13  20   -58   5  79.7   90   -67    23   1.1 0.006319 999999.99 99999.99 99999.99     2.50     0.45     0.11 -1
2006 350  8 2366 51 51  60  36   3.1   3.1   7.8  17.7   2.9   0.9   0.4   1.0   0.2   0.1   0.4   0.1   0.2   0.3   30459.   1.2  632.  -0.9  -0.4 9.999    7367.   0.4    5.   0.8   0.7 9.999  0.96  -0.13   0.83  11.2  8.5 0.0095 13  20   -61   5  79.7   94   -76    17   0.9 0.006319 999999.99 99999.99 99999.99     2.19     0.37     0.10 -1
2006 350  9 2366 51 51  60  36   2.9   2.8  24.6  10.8   2.5   0.5   1.2   0.8   1.1   0.2   0.6   0.3   0.2   0.5   52688.   1.7  635.   0.1   0.0 9.999   24179.   0.6    5.   1.0   0.9 9.999  1.37  -0.70   1.52  14.3  9.4 0.0058 13  20   -60   5  79.7   46   -27    20   0.3 0.006319 999999.99 99999.99 99999.99     2.22     0.48     0.12 -1
2006 350 10 2366 51 51  60  34   2.9   2.8  38.0   9.4   2.2   0.4   1.7   0.8   1.6   0.2   0.9   0.3   0.5   0.7  121289.   1.2  635.   0.1   0.3 9.999   84047.   0.5   11.   1.7   1.8 9.999  0.97  -1.02   1.48  12.0  7.9 0.0083 13  20   -58   5  79.7   18   -13     5   0.0 0.006319 999999.99 99999.99 99999.99     2.05     0.38     0.10 -1
2006 350 11 2366 51 51  58  35   2.8   2.6  43.2   8.0   1.9   0.3   1.8   0.7   1.7   0.1   1.1   0.5   0.7   0.6  113822.   1.2  632.   0.1   0.3 9.999   95134.   0.3   10.   1.3   1.4 9.999  0.96  -1.07   1.54  12.4  8.1 0.0078 13  20   -56   5  79.7   21   -21     1   0.1 0.006319 999999.99 99999.99 99999.99     2.15     0.38     0.11 -1
2006 350 12 2366 51 51  59  29   3.1   3.1  37.9  21.6   2.2   0.9   1.9   1.3   1.7   0.1   0.3   0.2   0.1   0.1   54633.   1.2  619.   0.0  -0.2 9.999   18911.   0.3    6.   1.0   0.9 9.999  0.92  -1.05   0.95  10.9  8.1 0.0099  7  20   -53   3  79.7   25   -21     4  -0.0 0.006319 999999.99 99999.99 99999.99     1.93     0.37     0.12 -1
2006 350 13 2366 51 51  59  34   3.0   3.0  31.6  12.1   2.5   0.5   1.6   0.8   1.5   0.1   0.2   0.1   0.1   0.2   25463.   2.3  602.   0.1   0.5 9.999    8699.   0.4    6.   0.7   0.7 9.999  1.67  -0.90   1.64  15.2  9.8 0.0051  7  20   -56   3  79.7   18   -18     0  -0.2 0.006319 999999.99 99999.99 99999.99     1.78     0.34     0.11 -1
2006 350 14 2366 51 51  60  36   3.1   3.1  27.1   7.1   2.7   0.3   1.4   0.5   1.3   0.1   0.4   0.2   0.2   0.3   16161.   2.8  590.  -0.0   0.3 9.999    2030.   0.2    2.   0.4   0.5 9.999  1.95  -0.77   1.75  15.9 10.0 0.0047  7  20   -57   3  79.7   20   -22    -2  -0.4 0.006319 999999.99 99999.99 99999.99     1.62     0.37     0.10 -1
2006 350 15 2366 51 51  59  36   3.3   3.3  11.7   0.9   3.2   0.1   0.7   0.2   0.7   0.1   0.2   0.1   0.1   0.1   16087.   2.8  580.   0.3  -0.8 9.999    2615.   0.4    4.   0.8   0.7 9.999  1.88  -0.41   1.55  14.7  9.6 0.0055 27  20   -55  12  79.7   28   -26     2  -0.1 0.006319 999999.99 99999.99 99999.99     1.38     0.26     0.08 -1
2006 350 16 2366 51 51  59  34   3.1   3.0  23.2   7.9   2.8   0.4   1.2   0.5   1.2   0.0   0.4   0.1   0.2   0.3   16082.   3.6  573.   0.4   0.2 9.999    1787.   0.3    2.   0.3   0.5 9.999  2.36  -0.69   2.25  17.5 10.2 0.0039 27  20   -56  12  79.7   41   -36     5  -0.1 0.006319 999999.99 99999.99 99999.99     1.37     0.30     0.10 -1
2006 350 17 2366 51 51  59  33   3.3   3.3   4.7   5.3   3.3   0.3   0.3   0.3   0.3   0.1   0.4   0.2   0.1   0.3   17212.   3.1  565.   0.4  -1.2 9.999    2191.   0.2    3.   0.3   0.7 9.999  1.98  -0.17   1.72  15.1  9.6 0.0052 27  20   -56  12  79.7   78   -56    22  -0.2 0.006319 999999.99 99999.99 99999.99     1.25     0.25     0.08 -1
2006 350 18 2366 51 51  66  40   6.7   6.5  24.7  19.5   5.6   2.0   2.7   1.9   2.8   2.7   3.1   2.0   1.3   2.0   46288.   5.2  602.   4.3   0.5 9.999   24722.   2.1   34.   3.9   1.5 9.999  3.77  -1.69   0.84  10.2  7.8 0.0113 33  20   -37  18  79.7  124   -70    55   0.4 0.006319 999999.99 99999.99 99999.99     0.83     0.24     0.08 -1
2006 350 19 2366 51 51  64  39  10.2  10.1  17.9  19.0   9.1   3.1   3.1   2.8   3.3   1.8   2.2   1.6   0.8   1.2   57348.   6.9  643.   7.8  -1.1 9.999   20356.   2.6   22.   1.2   1.3 9.999  5.71  -2.12   0.51   8.3  6.9 0.0174 33  20   -44  18  79.7   67   -34    33   0.2 0.006319 999999.99 99999.99 99999.99     0.96     0.26     0.10 -1
2006 350 20 2366 51 51  65  29  11.9  11.2   8.0  23.3  10.2   4.4   1.6   4.2   2.1   0.9   3.9   1.1   1.6   3.3  373069.   1.0  655.   8.9  -5.1 9.999  307711.   0.4  100.   5.0   4.9 9.999  0.86  -1.38   0.15   2.8  2.6 0.1570 33  20   -53  18  79.7  136   -80    56   0.9 0.006319 999999.99 99999.99 99999.99     0.89     0.24     0.08 -1
2006 350 21 2366 51 51  52  26  10.7  10.4  15.8  24.2   9.1   4.1   2.8   3.7   3.3   0.8   2.4   0.8   1.0   2.1  492460.   0.4  779.  -2.4  -3.7 9.999  223366.   0.2   52.   6.9   4.0 9.999  0.49  -2.57   0.09   2.3  2.2 0.2244 33  20   -50  18  79.7   85   -62    23   1.3 0.006319 999999.99 99999.99 99999.99     0.50     0.16     0.06 -1
2006 350 22 2366 51 51  59  33   8.7   8.3  33.1 357.9   6.9  -0.3   4.5  -1.0   4.4   1.3   3.0   2.1   1.9   1.0  153389.   2.7  622.   5.3   0.2 9.999  103602.   1.6   31.   2.2   2.8 9.999  2.09  -2.74   0.42   5.9  5.0 0.0345 33  20   -41  18  79.7   57   -27    30  -0.0 0.006319 999999.99 99999.99 99999.99     0.39     0.17     0.07 -1
2006 350 23 2366 51 51  60  36   9.2   8.9  19.6   0.8   8.4   0.1   3.0  -0.4   3.0   1.4   2.7   1.2   2.0   1.4  186360.   3.7  639.   1.4   1.8 9.999   96057.   2.2   12.   1.8   1.7 9.999  3.02  -1.92   0.57   6.7  5.5 0.0267 33  20   -34  18  79.7   91   -25    67   0.7 0.006319 999999.99 99999.99 99999.99     0.30     0.17     0.08 -1
2006 351  0 2366 51 51  48  26   7.4   7.2   6.3   7.0   7.1   0.9   0.8   0.8   0.9   0.5   1.7   0.7   1.5   0.5  132314.   5.9  629.   3.2   1.8 9.999   37130.   1.7    9.   1.5   0.8 9.999  4.67  -0.57   1.17  10.3  7.3 0.0112 30  15   -39  15  78.7   62   -30    32   0.5 0.006209 999999.99 99999.99 99999.99     0.61     0.16     0.07 -1
2006 351  1 2366 51 51  57  30   6.7   6.4  13.0  16.7   6.0   1.8   1.4   1.6   1.6   0.5   1.7   0.5   0.8   1.4   59792.   3.8  650.   1.3   0.3 9.999   15815.   0.4   18.   0.8   1.2 9.999  3.21  -1.04   0.66   9.5  7.5 0.0133 30  15   -36  15  78.7  128   -95    33   0.6 0.006209 999999.99 99999.99 99999.99     0.69     0.13     0.05 -1
2006 351  2 2366 51 51  58  35   5.3   5.1  -1.2   2.4   5.1   0.2  -0.1   0.2  -0.1   0.2   1.1   0.2   0.5   1.0   72417.   4.0  675.   1.1   0.2 9.999   20956.   0.6    9.   1.1   1.0 9.999  3.64   0.07   1.19  12.7  8.9 0.0073 30  15   -36  15  78.7  117   -87    30   1.2 0.006209 999999.99 99999.99 99999.99     0.51     0.14     0.06 -1
2006 351  3 2366 51 51  60  37   5.3   5.3  -8.2   2.7   5.2   0.2  -0.8   0.2  -0.8   0.1   0.5   0.1   0.2   0.5   55812.   3.1  665.   1.4  -0.5 9.999   11686.   0.5    4.   0.8   0.9 9.999  2.74   0.53   0.85  11.0  8.4 0.0097 13  15   -36   5  78.7   52   -26    27   0.9 0.006209 999999.99 99999.99 99999.99     0.64     0.14     0.05 -1
2006 351  4 2366 51 51  59  35   4.8   4.7   3.9   5.3   4.7   0.4   0.3   0.4   0.3   0.1   0.9   0.3   0.5   0.7   46099.   2.8  653.   1.6  -1.6 9.999    8294.   0.4    8.   0.7   1.0 9.999  2.39  -0.20   0.88  11.4  8.6 0.0092 13  15   -39   5  78.7   35   -14    21   1.0 0.006209 999999.99 99999.99 99999.99     0.59     0.16     0.06 -1
2006 351  5 2366 51 51  59  35   4.4   4.4  12.0   2.4   4.3   0.2   0.9   0.3   0.9   0.1   0.4   0.2   0.3   0.3   49120.   2.9  638.   1.2  -2.0 9.999   11984.   0.4    5.   0.9   0.6 9.999  2.36  -0.57   1.11  12.3  8.8 0.0078 13  15   -42   5  78.7   49   -21    29   0.8 0.006209 999999.99 99999.99 99999.99     0.65     0.13     0.05 -1
2006 351  6 2366 51 51  59  37   4.0   3.9  16.5   0.5   3.8   0.0   1.1   0.1   1.1   0.3   0.5   0.3   0.4   0.2   50437.   2.8  625.   1.3  -1.5 9.999    7874.   0.2    3.   0.8   0.8 9.999  2.19  -0.69   1.30  13.1  9.0 0.0070 10  15   -43   4  78.7   34   -15    19   0.5 0.006209 999999.99 99999.99 99999.99     0.56     0.16     0.07 -1
2006 351  7 2366 51 51  59  35   3.9   3.8  13.7 359.0   3.7  -0.1   0.9   0.1   0.9   0.2   0.4   0.2   0.3   0.2   42811.   2.5  610.   0.6  -1.3 9.999    7408.   0.2    6.   0.7   0.7 9.999  1.86  -0.55   1.17  12.4  8.7 0.0078 10  15   -47   4  78.7   53   -32    21   0.4 0.006209 999999.99 99999.99 99999.99     0.56     0.15     0.06 -1
2006 351  8 2366 51 51  58  35   3.4   3.3  16.7 359.2   3.1   0.0   0.9   0.2   0.9   0.3   0.9   0.5   0.2   0.7   41900.   2.5  594.   0.1  -1.6 9.999    9065.   0.3    7.   0.7   0.9 9.999  1.76  -0.53   1.53  13.8  9.1 0.0062 10  15   -48   4  78.7   49   -38    11   0.3 0.006209 999999.99 99999.99 99999.99     0.47     0.11     0.05 -1
2006 351  9 2366 51 51  60  36   3.1   3.1  25.6   3.4   2.8   0.2   1.3   0.5   1.2   0.1   0.4   0.1   0.3   0.2   39915.   2.5  584.  -0.1  -1.2 9.999    6555.   0.1    2.   0.7   0.8 9.999  1.71  -0.70   1.82  14.9  9.3 0.0054  3  15   -44   2  78.7   27   -26     1   0.1 0.006209 999999.99 99999.99 99999.99     0.53     0.17     0.07 -1
2006 351 10 2366 51 51  59  35   3.2   3.2  25.4   6.0   2.9   0.3   1.4   0.6   1.3   0.2   0.4   0.2   0.3   0.1   34717.   2.1  579.  -0.5  -0.1 9.999    4792.   0.3    4.   0.8   0.6 9.999  1.41  -0.75   1.39  13.1  8.8 0.0069  3  15   -42   2  78.7   26   -27    -1  -0.1 0.006209 999999.99 99999.99 99999.99     0.44     0.17     0.07 -1
2006 351 11 2366 51 51  59  35   3.3   3.3  23.9 359.8   3.0   0.0   1.3   0.3   1.3   0.1   0.6   0.2   0.6   0.2   31825.   1.8  570.  -0.0   0.7 9.999    4401.   0.2    5.   0.7   0.7 9.999  1.17  -0.74   1.10  11.6  8.3 0.0089  3  15   -41   2  78.7   31   -33    -2  -0.1 0.006209 999999.99 99999.99 99999.99     0.48     0.17     0.06 -1
2006 351 12 2366 51 51  60  37   3.5   3.5  15.7 357.4   3.3  -0.1   0.9   0.1   0.9   0.1   0.5   0.1   0.4   0.2   37347.   1.5  561.  -0.0   1.0 9.999    7077.   0.2    4.   0.7   0.6 9.999  0.94  -0.50   0.84   9.8  7.5 0.0123  7  15   -43   3  78.7   18   -20    -2  -0.2 0.006209 999999.99 99999.99 99999.99     0.37     0.13     0.06 -1
2006 351 13 2366 51 51  60  37   3.4   3.3   8.9   3.8   3.2   0.2   0.5   0.3   0.5   0.0   0.6   0.1   0.5   0.3   32799.   1.6  554.  -0.6   0.8 9.999    6735.   0.1    2.   0.7   0.4 9.999  0.98  -0.28   0.93  10.3  7.7 0.0112  7  15   -44   3  78.7   24   -26    -2  -0.1 0.006209 999999.99 99999.99 99999.99     0.40     0.13     0.06 -1
2006 351 14 2366 51 51  59  34   3.3   3.3  -2.5 354.2   3.3  -0.3  -0.1  -0.3  -0.1   0.0   0.2   0.1   0.1   0.2   25687.   1.6  549.  -0.6   0.7 9.999    2465.   0.2    4.   0.8   0.6 9.999  0.96   0.05   0.94  10.5  7.8 0.0107  7  15   -45   3  78.7   56   -59    -3  -0.0 0.006209 999999.99 99999.99 99999.99     0.33     0.11     0.05 -1
2006 351 15 2366 51 51  58  35   3.4   3.3   2.7   8.7   3.3   0.5   0.2   0.5   0.2   0.2   0.6   0.1   0.5   0.4   26480.   1.7  536.  -0.7   0.7 9.999    5169.   0.2    4.   0.8   0.7 9.999  0.98  -0.11   0.95  10.3  7.6 0.0113 13  15   -46   5  78.7   37   -38    -1  -0.0 0.006209 999999.99 99999.99 99999.99     0.33     0.12     0.05 -1
2006 351 16 2366 51 51  60  36   3.4   3.3   0.3   8.3   3.3   0.5   0.0   0.5   0.0   0.3   0.4   0.3   0.3   0.2   23502.   1.7  526.  -0.9   0.1 9.999    3215.   0.2    3.   0.7   0.5 9.999  0.94  -0.00   0.93  10.1  7.5 0.0117 13  15   -43   5  78.7   62   -59     3   0.3 0.006209 999999.99 99999.99 99999.99     0.27     0.13     0.07 -1
2006 351 17 2366 51 51  59  37   3.1   3.1  -1.2   3.6   3.1   0.2  -0.1   0.2  -0.1   0.1   0.3   0.1   0.1   0.3   28802.   1.8  522.  -1.5   0.0 9.999    4712.   0.3    2.   0.4   0.6 9.999  0.98   0.05   1.22  11.3  7.9 0.0093 13  15   -42   5  78.7   33   -32     1  -0.2 0.006209 999999.99 99999.99 99999.99     0.26     0.12     0.06 -1
2006 351 18 2366 51 51  59  34   3.3   3.2  -6.3   4.3   3.2   0.2  -0.4   0.2  -0.4   0.1   0.2   0.1   0.1   0.2   31274.   2.0  514.  -1.8   0.2 9.999    4311.   0.3    5.   0.6   0.4 9.999  1.06   0.21   1.22  11.0  7.7 0.0098 27  15   -36  12  78.7   39   -26    13  -0.2 0.006209 999999.99 99999.99 99999.99     0.31     0.13     0.07 -1
2006 351 19 2366 51 51  60  33   3.1   3.1   0.5 355.1   3.1  -0.3   0.0  -0.3   0.0   0.1   0.4   0.1   0.2   0.3   34953.   1.8  505.  -2.4   0.4 9.999    8667.   0.2    2.   0.6   0.6 9.999  0.92  -0.00   1.27  10.9  7.5 0.0100 27  15   -37  12  78.7   48   -35    13   0.0 0.006209 999999.99 99999.99 99999.99     0.31     0.11     0.06 -1
2006 351 20 2366 51 51  61  36   2.9   2.8  23.3 350.7   2.5  -0.4   1.1  -0.5   1.0   0.2   0.6   0.3   0.3   0.5   53594.   2.8  511.  -3.2   1.0 9.999   12717.   0.8    5.   1.0   0.9 9.999  1.46  -0.51   2.52  14.7  8.3 0.0055 27  15   -39  12  78.7   77   -51    26   0.0 0.006209 999999.99 99999.99 99999.99     0.31     0.13     0.07 -1
2006 351 21 2366 51 51  57  33   2.8   2.7  42.8  12.1   2.0   0.4   1.9   0.1   1.9   0.2   0.5   0.2   0.4   0.1   67044.   3.2  504.  -3.6   2.7 9.999   11591.   0.2    8.   1.6   0.8 9.999  1.63  -0.96   3.32  16.1  8.2 0.0046 10  15   -36   4  78.7   33   -18    16  -0.4 0.006209 999999.99 99999.99 99999.99     0.21     0.08     0.05 -1
2006 351 22 2366 51 51  59  32   2.7   2.4  45.0  20.0   1.6   0.6   1.7   0.3   1.8   0.6   1.4   0.8   0.6   1.0   54302.   2.8  497.  -4.9   2.6 9.999   16042.   0.6    5.   1.1   1.2 9.999  1.38  -0.89   2.92  15.4  8.2 0.0050 10  15   -35   4  78.7   21   -10    12  -0.3 0.006209 999999.99 99999.99 99999.99     0.21     0.12     0.06 -1
2006 351 23 2366 51 51  56  34   2.5   1.9   9.1  49.5   1.2   1.5   0.3   1.4   0.5   0.6   1.7   1.2   0.9   0.7   70188.   3.4  484.  -4.7   4.8 9.999   22510.   0.4    6.   1.5   0.7 9.999  1.59  -0.24   4.49  17.8  8.1 0.0037 10  15   -35   4  78.7   23   -12    11  -0.2 0.006209 999999.99 99999.99 99999.99     0.23     0.10     0.06 -1
2006 352  0 2366 51 51  57  34   3.0   2.7 -20.1 128.5  -1.6   2.0  -0.9   2.1  -0.6   0.1   1.1   0.6   0.8   0.5   62671.   3.2  465.  -5.1   5.0 9.999   16310.   0.3    6.   1.3   0.6 9.999  1.38   0.28   2.83  13.9  7.5 0.0062 17   0   -35   6  72.3   25   -14    10   0.2 0.006165 999999.99 99999.99 99999.99     0.22     0.11     0.06 -1
2006 352  1 2366 51 51  61  35   3.2   2.4 -30.3 147.6  -1.8   1.1  -1.2   1.2  -1.1   0.2   2.0   1.2   1.3   0.9   74721.   3.0  456.  -4.1   5.5 9.999   33856.   0.2    4.   2.4   0.7 9.999  1.25   0.50   2.48  12.3  7.0 0.0078 17   0   -34   6  72.3   27   -17    10   0.4 0.006165 999999.99 99999.99 99999.99     0.24     0.13     0.07 -1
2006 352  2 2366 51 51  57  33   3.1   3.0 -21.9 124.4  -1.5   2.3  -1.1   2.4  -0.9   0.2   0.9   0.4   0.4   0.7   35606.   3.0  450.  -5.3   5.3 9.999   10348.   0.3    4.   1.5   1.2 9.999  1.22   0.41   2.13  12.6  7.5 0.0075 17   0   -35   6  72.3   30   -17    12   0.9 0.006165 999999.99 99999.99 99999.99     0.27     0.10     0.05 -1
2006 352  3 2366 51 51  62  38   3.0   2.7 -36.3  95.9  -0.2   2.2  -1.6   2.3  -1.5   0.2   1.3   1.2   0.3   0.3   35527.   3.2  447.  -5.4   5.8 9.999   16154.   0.5    5.   1.1   0.7 9.999  1.28   0.67   2.42  13.3  7.6 0.0067 23   0   -37   9  72.3   65   -41    24   1.1 0.006165 999999.99 99999.99 99999.99     0.26     0.11     0.06 -1
2006 352  4 2366 51 51  59  37   3.3   3.2 -57.3  45.6   1.2   1.2  -2.7   1.2  -2.7   0.1   0.7   0.6   0.3   0.3   29738.   4.1  449.  -4.1   5.8 9.999    4298.   0.3    2.   1.1   0.5 9.999  1.65   1.21   2.48  13.8  7.8 0.0063 23   0   -38   9  72.3  103   -65    39   2.2 0.006165 999999.99 99999.99 99999.99     0.27     0.12     0.06 -1
2006 352  5 2366 51 51  58  35   3.3   2.9 -77.1 147.7  -0.6   0.4  -2.9   0.2  -2.9   0.4   1.4   1.1   0.7   0.4   31960.   3.2  438.  -4.0   4.9 9.999    8057.   0.5    6.   0.9   1.1 9.999  1.23   1.27   1.96  11.9  7.2 0.0084 23   0   -42   9  72.3   85   -19    66   1.7 0.006165 999999.99 99999.99 99999.99     0.44     0.15     0.07 -1
2006 352  6 2366 51 51  57  33   3.2   3.1 -40.3 198.6  -2.3  -0.8  -2.0  -1.0  -1.9   0.3   0.6   0.4   0.3   0.4   39354.   3.3  420.  -3.0   5.7 9.999   10219.   0.7    7.   1.5   1.2 9.999  1.16   0.80   2.25  11.9  7.0 0.0084 10   0   -41   4  72.3   72   -12    60   1.5 0.006165 999999.99 99999.99 99999.99     0.25     0.11     0.06 -1
2006 352  7 2366 51 51  58  35   2.9   2.8 -29.6 173.8  -2.4   0.3  -1.4   0.1  -1.4   0.1   0.8   0.4   0.6   0.4   44446.   4.1  406.  -3.9   5.2 9.999    8354.   0.7    5.   1.9   1.2 9.999  1.35   0.57   3.50  14.2  7.1 0.0059 10   0   -41   4  72.3   79   -25    54   1.1 0.006165 999999.99 99999.99 99999.99     0.28     0.09     0.05 -1
2006 352  8 2366 51 51  60  37   2.9   2.1 -37.5 218.8  -1.3  -1.1  -1.3  -1.3  -1.1   0.1   2.0   0.9   1.5   1.0   30621.   3.1  405.  -2.3   4.9 9.999    9113.   0.8    6.   2.0   1.5 9.999  1.02   0.45   2.44  12.3  7.0 0.0079 10   0   -42   4  72.3   60   -28    32   0.7 0.006165 999999.99 99999.99 99999.99     0.25     0.09     0.05 -1
2006 352  9 2366 51 51  60  34   2.8   2.5 -23.4 213.1  -1.9  -1.3  -1.0  -1.5  -0.7   0.1   1.2   0.5   0.8   0.7   33021.   2.7  392.  -1.2   4.7 9.999   11110.   0.4    4.   1.7   1.6 9.999  0.83   0.27   2.31  11.5  6.6 0.0090 20   0   -41   7  72.3   38   -22    16   0.6 0.006165 999999.99 99999.99 99999.99     0.25     0.09     0.05 -1
2006 352 10 2366 51 51  62  37   4.1   3.1  -1.5 228.5  -2.1  -2.4  -0.1  -2.4   0.4   0.9   2.7   0.5   1.2   2.4   40031.   4.7  410.  -0.5   1.8 9.999   15565.   1.7   14.   1.3   2.1 9.999  1.58  -0.16   1.96  10.8  6.6 0.0101 20   0   -34   7  72.3  240  -220    20   1.4 0.006165 999999.99 99999.99 99999.99     0.34     0.15     0.08 -1
2006 352 11 2366 51 51  62  35   5.2   3.0  11.1 236.4  -1.6  -2.5   0.6  -2.3   1.1   0.3   4.2   1.3   1.4   3.7   48366.   5.9  425.  -0.2   1.1 9.999   10573.   0.7    8.   1.5   2.8 9.999  2.13  -0.47   1.60   9.9  6.4 0.0121 20   0   -34   7  72.3  161  -105    56   1.1 0.006165 999999.99 99999.99 99999.99     0.28     0.12     0.06 -1
2006 352 12 2366 51 51  60  37   5.3   5.1  41.8 225.2  -2.7  -2.7   3.4  -2.0   3.9   0.4   1.5   0.5   1.0   1.0   62345.   6.5  419.  -0.9  -0.7 9.999   13865.   0.7    6.   1.2   1.0 9.999  2.28  -1.63   1.84  10.1  6.3 0.0117 17   0   -32   6  72.3   43    -7    36   0.1 0.006165 999999.99 99999.99 99999.99     0.25     0.12     0.08 -1
2006 352 13 2366 51 51  64  37   5.3   4.3  -6.6 114.3  -1.8   3.9  -0.5   3.8  -1.1   1.1   3.1   0.9   2.1   2.1   71678.   8.9  439.  -2.3   1.6 9.999   26636.   1.4    8.   1.6   1.6 9.999  3.43   0.48   2.64  12.4  6.8 0.0078 17   0   -25   6  72.3   35   -21    13   0.5 0.006165 999999.99 99999.99 99999.99     0.29     0.12     0.06 -1
2006 352 14 2366 51 51  58  35   7.5   6.7  22.5 108.4  -1.9   5.8   2.5   6.1   1.7   0.5   3.5   1.0   1.3   3.1   79361.   9.1  447.  -4.3   1.9 9.999   13001.   1.1    6.   1.2   1.5 9.999  3.64  -0.76   1.40   9.0  6.1 0.0147 17   0   -27   6  72.3   77   -69     8   0.7 0.006165 999999.99 99999.99 99999.99     0.20     0.11     0.06 -1
2006 352 15 2366 51 51  64  36   9.7   8.1  82.2 253.0  -0.3  -1.1   8.1  -0.4   8.2   0.7   5.2   1.9   4.6   1.2   85520.   7.5  451.  -2.4  -1.0 9.999   20819.   1.4   10.   2.7   1.3 9.999  3.05  -3.70   0.71   6.4  5.0 0.0293 27   0   -29  12  72.3   69   -50    19  -0.4 0.006165 999999.99 99999.99 99999.99     0.21     0.11     0.06 -1
2006 352 16 2366 51 51  57  34  10.2   4.4  57.0 280.1   0.4  -2.4   3.7  -2.3   3.8   1.2   9.2   2.6   7.8   4.1   68827.  10.3  456.  -1.2   1.6 9.999   29239.   6.8   11.   3.0   1.9 9.999  4.28  -1.73   0.81   7.2  5.5 0.0231 27   0   -25  12  72.3   49   -33    16  -0.0 0.006165 999999.99 99999.99 99999.99     0.28     0.10     0.05 -1
2006 352 17 2366 51 51  62  34   8.8   4.2  14.0 113.5  -1.6   3.7   1.0   3.7   1.0   2.2   7.9   2.7   6.7   3.3   42791.  16.8  449.  -5.4   2.6 9.999   12182.   6.8    8.   2.4   1.4 9.999  6.77  -0.45   1.54  10.5  6.8 0.0109 27   0   -17  12  72.3  134  -106    29   0.5 0.006165 999999.99 99999.99 99999.99     0.24     0.08     0.05 -1
2006 352 18 2366 51 51  62  36  11.5  11.0  17.1 118.9  -5.1   9.2   3.2   9.0   3.7   0.4   3.2   1.6   0.6   2.7   33146.   7.2  458.  -3.2   3.2 9.999   12937.   1.4    7.   1.4   1.5 9.999  3.02  -1.69   0.37   5.3  4.7 0.0417 23   0   -23   9  72.3  136   -85    50  -0.2 0.006165 999999.99 99999.99 99999.99     0.22     0.10     0.06 -1
2006 352 19 2366 51 51  63  38   9.9   9.1  48.7 105.9  -1.6   5.8   6.8   5.1   7.3   0.9   3.8   2.6   2.2   1.8  124752.   6.8  477.  -0.9   3.7 9.999   42281.   0.7   13.   2.1   1.6 9.999  3.09  -3.48   0.73   6.3  4.9 0.0301 23   0   -19   9  72.3  162  -126    36  -0.2 0.006165 999999.99 99999.99 99999.99     0.18     0.11     0.06 -1
2006 352 20 2366 51 51  61  36   9.1   8.0  17.3 103.1  -1.7   7.4   2.4   7.0   3.3   1.8   4.6   1.4   1.6   4.1  145768.   7.8  501.  -1.9   0.9 9.999   49747.   1.4   15.   2.0   2.0 9.999  3.92  -1.65   1.07   7.7  5.5 0.0201 23   0   -12   9  72.3   35   -13    22   0.2 0.006165 999999.99 99999.99 99999.99     0.22     0.09     0.05 -1
2006 352 21 2366 51 51  59  36   7.5   6.5 -55.5 114.7  -1.5   3.3  -5.3   4.1  -4.7   0.4   3.7   2.4   2.2   1.8  166193.   8.1  510.  -0.9   1.3 9.999   27450.   0.5    8.   1.8   1.3 9.999  4.21   2.40   1.76   9.7  6.1 0.0127 43   0   -13  32  72.3  131   -89    41   1.6 0.006165 999999.99 99999.99 99999.99     0.32     0.09     0.05 -1
2006 352 22 2366 51 51  63  37   7.4   6.1 -26.8 142.6  -4.4   3.3  -2.8   3.7  -2.2   0.3   3.7   1.2   2.7   2.2  168078.   9.3  505.  -2.0   0.8 9.999   41691.   0.9    8.   2.0   1.9 9.999  4.74   1.11   2.09  10.4  6.2 0.0110 43   0   -29  32  72.3  367  -282    85   2.9 0.006165 999999.99 99999.99 99999.99     0.27     0.11     0.06 -1
2006 352 23 2366 51 51  61  37   6.5   4.8 -34.9 180.5  -4.0   0.0  -2.8   0.5  -2.8   1.0   4.2   1.5   3.7   1.5  167670.   7.5  518.   0.7   1.0 9.999   59806.   1.3   12.   2.7   1.0 9.999  4.02   1.45   2.19  10.9  6.4 0.0100 43   0   -34  32  72.3  356  -242   114   2.6 0.006165 999999.99 99999.99 99999.99     0.28     0.10     0.06 -1
2006 353  0 2366 51 51  60  33   5.7   3.6 -26.4 145.4  -2.6   1.8  -1.6   2.0  -1.3   0.3   4.2   1.0   3.9   1.2  130781.   5.5  546.   0.2   1.0 9.999   36273.   0.4    8.   3.8   1.2 9.999  3.28   0.71   1.82  11.2  7.0 0.0094 30   0   -38  15  70.6  261  -170    91   1.0 0.006109 999999.99 99999.99 99999.99     0.26     0.13     0.06 -1
2006 353  1 2366 51 51  62  37   5.3   4.4  -2.6 117.4  -2.0   3.9  -0.2   3.9   0.3   0.4   2.8   1.9   1.0   1.7  138405.   5.4  548.  -0.9   0.0 9.999   34166.   0.6   13.   1.4   1.4 9.999  3.24  -0.16   2.13  12.0  7.1 0.0082 30   0   -34  15  70.6  246  -115   131   1.2 0.006109 999999.99 99999.99 99999.99     0.31     0.13     0.07 -1
2006 353  2 2366 51 51  58  35   5.1   4.3  17.3 115.9  -1.8   3.7   1.3   3.6   1.6   0.3   2.5   1.3   0.9   1.9  148103.   5.7  548.  -0.7  -0.8 9.999   38243.   0.4    9.   1.3   2.0 9.999  3.42  -0.88   2.52  12.8  7.2 0.0072 30   0   -30  15  70.6  216   -80   136   1.4 0.006109 999999.99 99999.99 99999.99     0.31     0.12     0.07 -1
2006 353  3 2366 51 51  59  35   6.4   5.8 -13.2 141.3  -4.4   3.5  -1.3   3.6  -1.1   0.4   2.6   0.9   1.3   2.1  136362.   5.9  537.  -0.4   0.3 9.999   30049.   0.5    6.   1.5   1.5 9.999  3.40   0.59   1.59  10.2  6.6 0.0115 33   0   -30  18  70.6  142   -78    64   1.0 0.006109 999999.99 99999.99 99999.99     0.30     0.10     0.05 -1
2006 353  4 2366 51 51  59  35   7.1   6.8 -19.2 141.3  -5.0   4.0  -2.2   4.0  -2.2   0.2   1.8   0.4   1.3   1.1  119963.   5.5  530.  -1.4   1.3 9.999   20774.   0.6    5.   1.6   1.4 9.999  3.09   1.17   1.13   8.8  6.2 0.0155 33   0   -36  18  70.6  283  -181   102   1.9 0.006109 999999.99 99999.99 99999.99     0.35     0.11     0.05 -1
2006 353  5 2366 51 51  61  36   7.0   6.4   8.0 128.1  -3.9   5.0   0.9   5.0   0.6   0.3   2.7   1.5   0.8   2.1  129150.   4.6  535.  -2.3  -0.1 9.999   40022.   0.4   11.   1.1   2.0 9.999  2.63  -0.32   1.01   8.2  6.0 0.0177 33   0   -36  18  70.6  286  -201    85   4.2 0.006109 999999.99 99999.99 99999.99     0.27     0.11     0.06 -1
2006 353  6 2366 51 51  61  37   7.1   6.6   8.7 133.1  -4.5   4.8   1.0   4.9   0.4   0.2   2.3   0.9   0.6   2.0  133585.   5.0  542.  -1.5  -0.6 9.999   27963.   0.4   10.   0.9   1.7 9.999  2.94  -0.22   1.08   8.5  6.1 0.0163 20   0   -35   7  70.6  104   -42    63   2.5 0.006109 999999.99 99999.99 99999.99     0.28     0.11     0.06 -1
2006 353  7 2366 51 51  60  37   7.1   6.3 -16.8 165.0  -5.9   1.6  -1.8   1.3  -2.0   0.2   3.0   0.9   2.3   1.6  110608.   4.6  537.   0.9   1.4 9.999   37307.   0.5   10.   2.2   1.8 9.999  2.65   1.07   0.91   8.1  6.1 0.0181 20   0   -36   7  70.6   87   -55    32   1.9 0.006109 999999.99 99999.99 99999.99     0.28     0.11     0.06 -1
2006 353  8 2366 51 51  64  37   7.2   6.8 -10.9 151.4  -5.9   3.2  -1.3   2.9  -1.9   0.5   2.4   0.9   1.6   1.5  125563.   4.1  565.   0.5  -0.1 9.999   36198.   0.5   15.   2.1   1.3 9.999  2.62   1.07   0.84   7.9  6.1 0.0188 20   0   -39   7  70.6  199  -177    22   1.6 0.006109 999999.99 99999.99 99999.99     0.28     0.10     0.06 -1
2006 353  9 2366 51 51  61  38   6.4   5.4  -1.0 158.0  -5.0   2.0  -0.1   1.9  -0.5   0.1   3.1   1.2   2.0   2.0  194778.   5.0  596.   2.5  -2.0 9.999   54506.   0.5   10.   2.1   2.0 9.999  3.55   0.30   1.64  10.4  6.7 0.0110 33   0   -38  18  70.6  668  -595    73   3.7 0.006109 999999.99 99999.99 99999.99     0.23     0.09     0.05 -1
2006 353 10 2366 51 51  60  36   6.4   5.0  -8.9 149.6  -4.3   2.5  -0.8   2.3  -1.3   0.2   3.7   1.1   2.2   2.7  213530.   4.6  601.   1.7  -1.8 9.999   60263.   0.5   10.   1.9   2.4 9.999  3.32   0.78   1.60  10.1  6.5 0.0117 33   0   -44  18  70.6  462  -384    78   3.3 0.006109 999999.99 99999.99 99999.99     0.25     0.11     0.06 -1
2006 353 11 2366 51 51  61  36   6.3   4.6 -14.4 146.6  -3.8   2.5  -1.2   2.2  -1.7   0.2   4.0   1.6   2.6   2.6  179143.   4.1  597.   2.6  -0.0 9.999   52707.   0.5   16.   2.7   2.8 9.999  2.92   1.01   1.32   9.6  6.6 0.0129 33   0   -42  18  70.6  759  -686    73   3.1 0.006109 999999.99 99999.99 99999.99     0.26     0.09     0.05 -1
2006 353 12 2366 51 51  58  34   6.2   4.5   0.4 132.3  -3.1   3.4   0.0   3.3  -0.6   0.4   4.0   3.1   1.1   2.4  207488.   4.0  611.   1.4  -1.6 9.999   68397.   0.4   25.   1.6   1.9 9.999  2.99   0.37   1.45   9.9  6.6 0.0122 33   0   -41  18  70.6  290  -227    63   2.0 0.006109 999999.99 99999.99 99999.99     0.24     0.11     0.07 -1
2006 353 13 2366 51 51  62  38   6.0   3.5 -13.4 138.9  -2.5   2.2  -0.8   2.0  -1.1   0.7   4.9   3.6   1.1   3.2  193423.   3.4  599.   2.4  -0.2 9.999   65947.   0.3   18.   1.3   2.4 9.999  2.44   0.66   1.26   9.2  6.4 0.0140 33   0   -41  18  70.6  333  -275    58   2.6 0.006109 999999.99 99999.99 99999.99     0.22     0.09     0.06 -1
2006 353 14 2366 51 51  58  32   6.3   5.1  -5.0 133.5  -3.5   3.7  -0.4   3.6  -0.8   0.5   3.5   2.6   1.5   1.9  228084.   3.8  577.   0.9  -1.0 9.999   61732.   0.3   22.   1.7   1.9 9.999  2.53   0.46   1.42   8.9  6.0 0.0149 33   0   -40  18  70.6  392  -328    64   2.0 0.006109 999999.99 99999.99 99999.99     0.23     0.09     0.06 -1
2006 353 15 2366 51 51  58  37   6.2   5.7 -15.6 142.3  -4.3   3.3  -1.5   3.2  -1.7   0.2   2.4   1.2   0.5   2.1  167303.   4.0  569.   0.5   1.0 9.999   37651.   0.5    9.   1.2   1.4 9.999  2.59   0.97   1.28   9.2  6.3 0.0141 23   0   -42   9  70.6  340  -292    48   2.2 0.006109 999999.99 99999.99 99999.99     0.30     0.10     0.06 -1
2006 353 16 2366 51 51  62  36   6.2   5.6  -1.5 135.0  -3.9   3.9  -0.1   3.9  -0.2   0.4   2.7   1.1   1.0   2.2  144126.   4.5  569.  -0.7  -0.4 9.999   34248.   0.6    9.   1.4   1.9 9.999  2.91   0.11   1.33   9.7  6.6 0.0126 23   0   -45   9  70.6  333  -260    73   1.5 0.006109 999999.99 99999.99 99999.99     0.26     0.13     0.08 -1
2006 353 17 2366 51 51  59  35   6.6   5.1  32.1  96.6  -0.5   4.3   2.7   4.3   2.8   0.3   4.0   2.5   2.3   2.0  138646.   3.9  578.  -2.0  -0.8 9.999   40907.   0.6    9.   1.7   1.3 9.999  2.61  -1.62   0.99   8.6  6.3 0.0159 23   0   -42   9  70.6  235  -183    51   0.5 0.006109 999999.99 99999.99 99999.99     0.22     0.11     0.07 -1
2006 353 18 2366 51 51  58  36   6.6   6.5  -2.0 133.8  -4.5   4.7  -0.2   4.7   0.1   0.2   1.3   0.7   0.7   0.8  136287.   3.7  567.  -1.7  -0.5 9.999   34826.   0.4    5.   1.4   0.9 9.999  2.38  -0.06   0.94   8.3  6.1 0.0174 23   0   -37   9  70.6  128   -94    35   0.9 0.006109 999999.99 99999.99 99999.99     0.25     0.10     0.06 -1
2006 353 19 2366 51 51  63  37   6.6   6.2  -5.1 138.4  -4.6   4.1  -0.5   4.1  -0.1   0.1   2.1   1.1   1.4   1.1  132359.   4.1  568.  -0.4  -1.0 9.999   33031.   0.6   10.   2.5   1.2 9.999  2.65   0.06   1.02   8.7  6.4 0.0157 23   0   -36   9  70.6  124   -96    29   1.0 0.006109 999999.99 99999.99 99999.99     0.23     0.08     0.06 -1
2006 353 20 2366 51 51  64  36   6.5   5.4   4.4 111.0  -1.9   5.0   0.4   4.9   1.1   0.5   3.4   2.2   2.4   1.1  138397.   3.9  597.  -1.2  -1.8 9.999   27928.   0.5   24.   2.0   1.6 9.999  2.78  -0.66   1.02   9.1  6.6 0.0145 23   0   -35   9  70.6  116   -79    37   1.7 0.006109 999999.99 99999.99 99999.99     0.19     0.09     0.06 -1
2006 353 21 2366 51 51  56  32   6.0   4.9   1.7 158.1  -4.5   1.8   0.1   1.8   0.4   0.3   3.3   1.7   2.1   1.9  169518.   4.5  591.   0.3  -2.2 9.999   58131.   0.4   15.   1.9   2.2 9.999  3.14  -0.24   1.55  10.4  6.8 0.0109 23   0   -33   9  70.6  117   -67    50   0.8 0.006109 999999.99 99999.99 99999.99     0.20     0.12     0.07 -1
2006 353 22 2366 51 51  60  36   5.9   4.4   7.5 130.8  -2.8   3.3   0.6   3.1   1.2   0.2   3.8   2.6   2.0   1.8  182619.   4.5  608.  -0.5  -2.3 9.999   62428.   0.6   24.   2.4   2.0 9.999  3.33  -0.73   1.67  10.9  7.0 0.0100 23   0   -30   9  70.6   73   -39    34   0.5 0.006109 999999.99 99999.99 99999.99     0.20     0.11     0.06 -1
2006 353 23 2366 51 51  61  31   6.2   5.6 -20.6 172.1  -5.2   0.7  -2.0   1.0  -1.8   0.2   2.5   1.0   1.9   1.2  161315.   4.6  595.   1.8  -1.1 9.999   41929.   0.5   11.   1.8   1.2 9.999  3.26   1.07   1.44  10.3  6.9 0.0112 23   0   -31   9  70.6  223  -161    62   1.2 0.006109 999999.99 99999.99 99999.99     0.18     0.09     0.06 -1
2006 354  0 2366 51 51  60  33   6.6   6.0 -31.3 176.9  -5.1   0.3  -3.1   0.8  -3.0   0.1   2.6   1.0   2.1   1.3  156909.   4.1  605.   2.6  -0.4 9.999   46585.   0.4    5.   1.1   1.0 9.999  3.00   1.81   1.12   9.3  6.6 0.0138 40   0   -34  27  69.2  579  -458   121   3.3 0.006133 999999.99 99999.99 99999.99     0.23     0.11     0.07 -1
2006 354  1 2366 51 51  64  39   5.5   3.0   1.9 155.9  -2.8   1.2   0.1   1.2   0.3   0.8   4.5   3.1   1.9   2.6  226672.   4.6  628.   2.0  -2.8 9.999   67747.   0.5   30.   1.8   2.1 9.999  3.63  -0.19   2.25  12.2  7.1 0.0079 40   0   -36  27  69.2  519  -384   135   3.6 0.006133 999999.99 99999.99 99999.99     0.27     0.11     0.06 -1
2006 354  2 2366 51 51  57  33   4.9   2.4  12.9  58.7   1.2   2.0   0.5   1.9   0.7   1.1   4.1   3.3   1.9   1.7  242686.   4.6  652.   1.0  -2.4 9.999   86865.   0.5   30.   1.5   1.6 9.999  3.91  -0.46   2.96  14.3  7.6 0.0058 40   0   -35  27  69.2  241  -121   120   1.6 0.006133 999999.99 99999.99 99999.99     0.29     0.10     0.07 -1
2006 354  3 2366 51 51  59  35   5.3   4.4   2.9  96.8  -0.5   4.3   0.2   4.3   0.4   1.0   2.9   1.7   1.5   1.9  252347.   4.2  634.  -2.0  -2.3 9.999   59141.   0.6   14.   1.6   1.4 9.999  3.38  -0.25   2.37  12.3  7.0 0.0079 33   0   -34  18  69.2  156   -60    96   2.0 0.006133 999999.99 99999.99 99999.99     0.21     0.10     0.07 -1
2006 354  4 2366 51 51  61  33   6.1   5.4 -11.4 118.4  -2.5   4.6  -1.1   4.6  -1.1   0.3   2.7   1.8   1.3   1.7  220364.   3.5  624.  -2.1  -0.9 9.999   40207.   0.4   16.   1.5   1.8 9.999  2.73   0.69   1.36   9.6  6.5 0.0130 33   0   -36  18  69.2  367  -281    86   2.9 0.006133 999999.99 99999.99 99999.99     0.22     0.10     0.08 -1
2006 354  5 2366 51 51  59  36   6.5   5.8  -9.3 161.4  -5.4   1.8  -0.9   1.7  -1.0   0.1   2.8   0.6   1.9   1.9  198736.   3.8  606.   0.2  -0.5 9.999   48974.   0.3    5.   2.0   1.5 9.999  2.79   0.61   1.22   9.1  6.3 0.0144 33   0   -36  18  69.2  387  -296    91   4.5 0.006133 999999.99 99999.99 99999.99     0.22     0.11     0.07 -1
2006 354  6 2366 51 51  61  38   6.1   5.9 -22.3 171.0  -5.4   0.9  -2.3   0.7  -2.4   0.1   1.3   0.4   1.0   0.6  155030.   3.4  604.   0.3   0.5 9.999   41712.   0.5    8.   1.6   1.1 9.999  2.48   1.45   1.08   9.1  6.6 0.0143 30   0   -38  15  69.2  234  -125   110   3.5 0.006133 999999.99 99999.99 99999.99     0.23     0.12     0.08 -1
2006 354  7 2366 51 51  60  37   5.8   5.1  -5.6 139.6  -3.9   3.3  -0.5   3.2  -1.0   0.1   2.5   1.5   1.5   1.3  192792.   3.3  624.  -1.8  -0.9 9.999   55843.   0.3   15.   1.9   1.7 9.999  2.57   0.62   1.31   9.8  6.7 0.0125 30   0   -44  15  69.2  228  -170    59   3.0 0.006133 999999.99 99999.99 99999.99     0.27     0.11     0.07 -1
2006 354  8 2366 51 51  62  38   5.8   5.4   9.5 140.6  -4.1   3.4   0.9   3.5   0.3   0.2   1.9   1.2   1.0   1.1  196037.   3.1  624.  -0.7  -2.2 9.999   57831.   0.3   13.   1.0   1.0 9.999  2.41  -0.19   1.24   9.5  6.6 0.0133 30   0   -47  15  69.2  230  -199    31   3.0 0.006133 999999.99 99999.99 99999.99     0.19     0.09     0.07 -1
2006 354  9 2366 51 51  60  36   5.3   5.1   4.2 143.6  -4.1   3.0   0.4   3.0  -0.2   0.2   1.4   0.4   0.7   1.1  242699.   3.4  629.  -0.4  -2.3 9.999   58873.   0.3    6.   1.2   1.8 9.999  2.69   0.13   1.87  10.9  6.8 0.0099 27   0   -47  12  69.2  171  -154    17   2.2 0.006133 999999.99 99999.99 99999.99     0.23     0.10     0.07 -1
2006 354 10 2366 51 51  63  38   5.3   3.5  18.8 150.6  -2.9   1.6   1.1   1.8   0.8   0.3   3.7   2.3   2.0   2.2  217444.   3.4  629.  -0.2  -3.2 9.999   55493.   0.4   24.   2.0   2.1 9.999  2.69  -0.50   1.74  10.9  6.9 0.0099 27   0   -42  12  69.2  303  -299     4   1.9 0.006133 999999.99 99999.99 99999.99     0.21     0.10     0.08 -1
2006 354 11 2366 51 51  57  33   5.9   3.4  55.0 168.1  -1.9   0.4   2.8   0.9   2.7   1.0   4.6   2.4   2.8   2.7  217522.   3.5  651.   2.0  -2.8 9.999   93664.   0.6   21.   2.2   2.0 9.999  2.97  -1.76   1.45  10.3  6.9 0.0112 27   0   -35  12  69.2  289  -263    25   2.0 0.006133 999999.99 99999.99 99999.99     0.23     0.11     0.08 -1
2006 354 12 2366 51 51  61  36   6.2   5.1  19.8 141.2  -3.7   3.0   1.7   3.3   1.1   0.2   3.2   1.3   1.9   2.3  209554.   3.5  635.  -0.7  -2.8 9.999   48992.   0.3   12.   2.1   1.6 9.999  2.82  -0.70   1.28   9.6  6.6 0.0130 37   0   -31  22  69.2  134  -102    32   1.4 0.006133 999999.99 99999.99 99999.99     0.21     0.13     0.08 -1
2006 354 13 2366 51 51  60  32   6.1   4.6 -34.1 131.3  -2.5   2.8  -2.6   2.4  -3.0   0.3   3.7   1.1   2.3   2.6  192425.   3.5  643.  -0.9   0.1 9.999   44577.   0.3   15.   2.2   2.0 9.999  2.89   1.93   1.26   9.9  6.8 0.0122 37   0   -36  22  69.2  513  -479    34   2.7 0.006133 999999.99 99999.99 99999.99     0.20     0.11     0.07 -1
2006 354 14 2366 51 51  56  31   6.0   4.0 -27.2 172.2  -3.5   0.5  -1.8   0.3  -1.8   0.3   4.2   1.5   2.9   2.6  214961.   3.8  647.   1.4   0.1 9.999   69497.   0.5   16.   2.6   2.5 9.999  3.18   1.16   1.51  10.5  6.9 0.0108 37   0   -39  22  69.2  693  -567   126   4.0 0.006133 999999.99 99999.99 99999.99     0.16     0.09     0.07 -1
2006 354 15 2366 51 51  63  37   6.1   4.9 -31.9 166.4  -4.1   1.0  -2.6   0.8  -2.7   0.3   3.3   1.1   2.6   1.7  204998.   3.4  650.   0.3  -0.1 9.999   62263.   0.6   12.   2.4   1.6 9.999  2.87   1.76   1.27   9.8  6.8 0.0123 37   0   -47  22  69.2  461  -375    85   2.7 0.006133 999999.99 99999.99 99999.99     0.18     0.09     0.07 -1
2006 354 16 2366 51 51  59  33   6.5   5.1   5.2 144.3  -4.1   3.0   0.5   3.0   0.4   0.4   3.9   1.4   3.0   2.0  210442.   2.9  674.   0.5  -2.3 9.999   55138.   0.3   16.   2.5   1.7 9.999  2.63  -0.27   0.97   8.8  6.5 0.0153 37   0   -48  22  69.2  392  -248   144   2.1 0.006133 999999.99 99999.99 99999.99     0.18     0.11     0.08 -1
2006 354 17 2366 51 51  65  39   6.9   5.7  20.7 104.8  -1.4   5.2   2.0   5.1   2.1   0.2   3.5   2.0   1.5   2.5  222691.   3.4  705.  -0.8  -3.3 9.999   71264.   0.8   23.   2.0   2.7 9.999  3.38  -1.48   1.04   9.4  6.8 0.0134 37   0   -38  22  69.2  177  -105    72   0.6 0.006133 999999.99 99999.99 99999.99     0.20     0.09     0.06 -1
2006 354 18 2366 51 51  57  33   6.6   5.1 -19.7 116.3  -2.1   4.3  -1.7   4.4  -1.4   0.2   3.9   1.7   1.5   3.2  252759.   3.7  690.  -0.0  -1.5 9.999   72289.   0.6   20.   2.2   3.2 9.999  3.52   0.97   1.35  10.1  6.8 0.0118 47   0   -36  39  69.2  344  -253    92   1.4 0.006133 999999.99 99999.99 99999.99     0.19     0.10     0.07 -1
2006 354 19 2366 51 51  60  33   6.1   4.7 -32.7 122.7  -2.1   3.4  -2.6   3.7  -2.2   0.4   3.6   1.5   2.7   1.9  325389.   4.1  689.   0.8  -1.0 9.999   64348.   0.3   16.   2.2   1.8 9.999  3.89   1.52   2.08  11.4  6.8 0.0091 47   0   -37  39  69.2  499  -356   143   3.0 0.006133 999999.99 99999.99 99999.99     0.18     0.10     0.07 -1
2006 354 20 2366 51 51  60  33   6.0   3.7 -70.4 176.1  -1.2   0.1  -3.5   0.6  -3.4   0.5   4.6   1.5   3.3   2.8  322273.   4.6  696.   2.7  -0.7 9.999   87173.   0.4   16.   2.6   2.1 9.999  4.46   2.37   2.40  12.4  7.1 0.0077 47   0   -39  39  69.2  564  -427   137   4.2 0.006133 999999.99 99999.99 99999.99     0.22     0.10     0.07 -1
2006 354 21 2366 51 51  61  35   5.2   3.1 -65.4 190.7  -1.3  -0.2  -2.8   0.3  -2.8   0.7   3.9   1.3   2.5   2.8  296160.   3.7  703.   3.3  -0.4 9.999   95581.   0.5   17.   2.1   2.4 9.999  3.66   1.97   2.42  13.0  7.4 0.0070 47   0   -51  39  69.2  482  -299   183   3.8 0.006133 999999.99 99999.99 99999.99     0.20     0.12     0.07 -1
2006 354 22 2366 51 51  60  36   5.0   2.8 -30.9 135.8  -1.7   1.7  -1.4   1.9  -1.1   0.6   4.0   1.3   2.5   2.8  285896.   3.8  699.   1.6   0.2 9.999   81060.   0.7   15.   2.0   3.1 9.999  3.71   0.77   2.62  13.6  7.5 0.0064 47   0   -45  39  69.2  595  -386   210   3.4 0.006133 999999.99 99999.99 99999.99     0.17     0.09     0.07 -1
2006 354 23 2366 51 51  62  34   4.3   2.5  -5.3 130.2  -1.6   1.9  -0.2   1.9   0.2   1.1   3.5   1.8   2.4   1.9  311794.   3.1  703.   0.7  -0.8 9.999   90123.   0.4   21.   2.0   1.9 9.999  3.06  -0.14   3.07  14.4  7.5 0.0057 47   0   -48  39  69.2  560  -447   112   2.9 0.006133 999999.99 99999.99 99999.99     0.21     0.12     0.08 -1
2006 355  0 2366 51 51  58  32   5.3   4.4   6.3  85.7   0.3   4.4   0.5   4.2   1.2   0.3   2.8   2.0   0.8   1.8  259526.   2.8  722.  -1.7  -0.4 9.999   79970.   0.4   23.   1.1   2.0 9.999  2.92  -0.87   1.61  11.4  7.4 0.0092 47   0   -46  39  70.0  327  -228    99   1.5 0.006134 999999.99 99999.99 99999.99     0.17     0.11     0.08 -1
2006 355  1 2366 51 51  58  32   5.6   4.0  -6.7 151.2  -3.5   1.9  -0.5   2.0  -0.2   0.3   3.7   1.4   2.2   2.7  209594.   2.7  678.  -0.3   0.1 9.999   67932.   0.4   17.   2.5   2.9 9.999  2.48   0.14   1.21   9.9  7.0 0.0120 47   0   -44  39  70.0  259  -148   111   1.7 0.006134 999999.99 99999.99 99999.99     0.20     0.10     0.07 -1
2006 355  2 2366 51 51  62  38   6.2   5.8   6.9 137.7  -4.3   3.9   0.7   3.8   1.1   0.3   1.8   1.0   1.0   1.2  142621.   2.4  672.  -1.3  -0.6 9.999   41235.   0.3   19.   1.9   2.0 9.999  2.17  -0.74   0.70   8.4  6.6 0.0169 47   0   -45  39  70.0  484  -380   104   3.4 0.006134 999999.99 99999.99 99999.99     0.19     0.12     0.10 -1
2006 355  3 2366 51 51  62  37   5.1   3.6  43.4 102.0  -0.5   2.5   2.4   2.3   2.5   0.4   3.4   1.6   2.3   1.9  292000.   2.8  736.   1.1  -2.2 9.999   78717.   0.4   21.   2.9   2.0 9.999  3.03  -1.84   1.88  12.1  7.4 0.0082 33   0   -38  18  70.0  205  -105   100   1.0 0.006134 999999.99 99999.99 99999.99     0.21     0.11     0.09 -1
2006 355  4 2366 51 51  59  34   5.0   3.9 -23.0 125.9  -2.1   2.9  -1.5   2.9  -1.5   0.4   2.8   1.2   1.7   1.9  223380.   2.4  715.   0.4   0.1 9.999   42848.   0.3   15.   2.0   2.3 9.999  2.45   1.07   1.40  11.1  7.4 0.0097 33   0   -38  18  70.0  124   -48    75   2.2 0.006134 999999.99 99999.99 99999.99     0.18     0.08     0.06 -1
2006 355  5 2366 51 51  60  33   4.5   3.0  -6.6 136.0  -2.2   2.1  -0.3   2.1  -0.4   0.6   3.2   1.5   2.2   1.8  225991.   2.4  716.   0.5  -0.5 9.999   87647.   0.4   22.   2.3   1.8 9.999  2.46   0.29   1.75  12.3  7.8 0.0078 33   0   -41  18  70.0  145   -75    70   1.7 0.006134 999999.99 99999.99 99999.99     0.17     0.10     0.07 -1
2006 355  6 2366 51 51  59  33   4.5   4.2   8.7 178.9  -4.2   0.1   0.6   0.2   0.6   0.2   1.4   0.4   1.1   0.8  191911.   2.6  695.   2.2  -1.4 9.999   53946.   0.4    9.   1.4   1.4 9.999  2.51  -0.42   1.71  12.5  7.9 0.0077 37   0   -42  22  70.0  345  -311    34   2.5 0.006134 999999.99 99999.99 99999.99     0.19     0.10     0.06 -1
2006 355  7 2366 51 51  62  37   4.7   3.9 -18.2 126.7  -2.2   2.9  -1.2   2.7  -1.6   0.1   2.5   1.5   1.2   1.6  208280.   2.3  708.   0.2  -0.8 9.999   57552.   0.3   17.   1.9   2.1 9.999  2.31   1.13   1.46  11.4  7.6 0.0091 37   0   -44  22  70.0  306  -285    22   4.0 0.006134 999999.99 99999.99 99999.99     0.21     0.11     0.07 -1
2006 355  8 2366 51 51  58  33   4.7   3.1 -55.4 103.7  -0.4   1.7  -2.5   1.2  -2.8   0.2   3.4   2.1   1.4   2.4  225936.   2.2  726.   0.5   0.3 9.999   64267.   0.3   23.   1.5   2.2 9.999  2.32   2.03   1.47  11.5  7.6 0.0091 37   0   -47  22  70.0  481  -444    37   4.1 0.006134 999999.99 99999.99 99999.99     0.20     0.08     0.07 -1
2006 355  9 2366 51 51  62  30   4.6   2.8 -20.5 147.3  -2.2   1.4  -1.0   1.2  -1.2   0.2   3.5   1.6   1.9   2.5  191682.   2.5  703.   0.4  -0.5 9.999   61870.   0.6   18.   2.3   2.2 9.999  2.47   0.84   1.57  12.1  7.9 0.0081 33   0   -47  18  70.0  246  -185    61   2.3 0.006134 999999.99 99999.99 99999.99     0.15     0.09     0.07 -1
2006 355 10 2366 51 51  59  32   4.2   2.4 -15.6 159.6  -2.1   0.8  -0.6   0.7  -0.7   0.2   3.3   1.1   2.5   1.8  196101.   2.4  706.   0.9  -0.3 9.999   63669.   0.6   15.   2.6   2.1 9.999  2.39   0.49   1.84  13.0  8.1 0.0070 33   0   -42  18  70.0  285  -224    60   2.7 0.006134 999999.99 99999.99 99999.99     0.18     0.10     0.08 -1
2006 355 11 2366 51 51  60  31   4.5   3.7  -2.7 114.8  -1.6   3.4  -0.2   3.3  -0.8   0.1   2.2   1.0   1.0   1.7  190558.   2.1  710.  -1.8  -1.6 9.999   55499.   0.3   13.   1.4   2.0 9.999  2.12   0.57   1.38  11.4  7.7 0.0091 33   0   -37  18  70.0  425  -377    48   2.7 0.006134 999999.99 99999.99 99999.99     0.21     0.10     0.06 -1
2006 355 12 2366 51 51  60  34   4.4   3.4  -3.9 168.0  -3.3   0.7  -0.2   0.7  -0.3   0.1   2.5   0.8   1.9   1.5  151202.   2.2  685.   1.1  -1.0 9.999   46757.   0.4   11.   2.5   1.9 9.999  2.06   0.21   1.32  11.5  7.9 0.0089 30   0   -37  15  70.0  348  -303    45   2.3 0.006134 999999.99 99999.99 99999.99     0.19     0.10     0.07 -1
2006 355 13 2366 51 51  57  36   4.7   3.4 -35.4 109.4  -0.9   2.6  -2.0   2.3  -2.3   0.3   3.2   2.5   1.4   1.3  132023.   1.8  708.  -1.2   1.2 9.999   43601.   0.4   28.   1.8   1.7 9.999  1.80   1.63   0.88  10.1  7.6 0.0116 30   0   -37  15  70.0  327  -289    38   3.0 0.006134 999999.99 99999.99 99999.99     0.16     0.09     0.08 -1
2006 355 14 2366 51 51  62  33   4.6   4.3 -26.1 184.3  -3.9  -0.3  -1.9  -0.5  -1.9   0.2   1.4   0.5   1.1   0.8  102945.   1.8  663.   1.6   1.1 9.999   35188.   0.2    9.   2.1   1.3 9.999  1.58   1.26   0.82   9.7  7.4 0.0127 30   0   -43  15  70.0  257  -208    49   1.4 0.006134 999999.99 99999.99 99999.99     0.19     0.11     0.09 -1
2006 355 15 2366 51 51  57  34   4.9   4.5 -25.4 194.4  -3.9  -1.0  -1.9  -1.1  -1.8   0.1   1.8   0.9   0.8   1.3  107026.   2.0  656.   2.0   0.1 9.999   35654.   0.2   14.   1.1   1.5 9.999  1.72   1.18   0.82   9.5  7.3 0.0133 33   0   -42  18  70.0  199  -157    42   1.0 0.006134 999999.99 99999.99 99999.99     0.19     0.09     0.07 -1
2006 355 16 2366 51 51  59  35   4.9   4.6 -27.0 169.8  -4.0   0.7  -2.1   0.7  -2.1   0.1   1.6   0.5   1.3   0.8   97909.   1.9  655.   0.4   1.4 9.999   18560.   0.2    9.   1.9   1.5 9.999  1.63   1.38   0.74   9.2  7.2 0.0140 33   0   -42  18  70.0  343  -296    47   1.5 0.006134 999999.99 99999.99 99999.99     0.18     0.09     0.07 -1
2006 355 17 2366 51 51  60  36   5.0   4.7  -3.1 191.5  -4.6  -0.9  -0.3  -0.9  -0.3   0.1   1.6   0.4   1.3   0.8   91916.   2.1  646.   2.2  -0.4 9.999   25845.   0.1    5.   1.7   1.0 9.999  1.75   0.19   0.77   9.4  7.3 0.0136 33   0   -38  18  70.0  426  -352    74   2.0 0.006134 999999.99 99999.99 99999.99     0.22     0.10     0.07 -1
2006 355 18 2366 51 51  59  37   4.8   4.7   7.1 166.7  -4.5   1.1   0.6   1.1   0.7   0.1   1.2   0.3   0.5   1.0   77499.   1.9  638.   0.1  -1.2 9.999   11938.   0.1    5.   1.0   1.3 9.999  1.55  -0.45   0.71   9.2  7.2 0.0142 23   0   -37   9  70.0  233  -185    48   0.9 0.006134 999999.99 99999.99 99999.99     0.18     0.10     0.08 -1
2006 355 19 2366 51 51  61  36   4.9   4.7  -0.1 145.8  -3.9   2.7   0.0   2.7   0.3   0.1   1.2   0.5   0.7   0.9   76432.   1.7  637.  -1.7  -0.7 9.999   19257.   0.2    6.   1.1   1.2 9.999  1.38  -0.19   0.60   8.5  6.9 0.0166 23   0   -37   9  70.0   91   -49    42   0.0 0.006134 999999.99 99999.99 99999.99     0.17     0.09     0.07 -1
2006 355 20 2366 51 51  58  34   4.9   4.7  -8.1 166.7  -4.6   1.1  -0.7   1.2  -0.5   0.1   1.2   0.5   0.8   0.7   66099.   1.7  623.   0.4  -0.2 9.999   12444.   0.1    9.   1.2   1.2 9.999  1.32   0.31   0.57   8.3  6.8 0.0173 23   0   -38   9  70.0  101   -74    27   0.7 0.006134 999999.99 99999.99 99999.99     0.18     0.10     0.08 -1
2006 355 21 2366 51 51  61  35   5.0   4.7   5.3 156.8  -4.3   1.9   0.4   1.8   0.7   0.1   1.7   0.8   1.3   0.6   77608.   1.7  616.  -1.5  -1.8 9.999   27473.   0.2    7.   2.1   1.2 9.999  1.29  -0.43   0.58   8.0  6.6 0.0184 20   0   -41   7  70.0  122   -97    25   0.9 0.006134 999999.99 99999.99 99999.99     0.17     0.10     0.07 -1
2006 355 22 2366 51 51  59  37   5.2   5.0   1.4 111.7  -1.8   4.6   0.1   4.5   1.0   0.1   1.4   0.8   0.6   0.9  127311.   2.0  638.  -4.3  -1.2 9.999   30676.   0.3   11.   1.4   1.4 9.999  1.63  -0.64   0.79   8.7  6.7 0.0158 20   0   -38   7  70.0   84   -65    20   0.8 0.006134 999999.99 99999.99 99999.99     0.26     0.15     0.09 -1
2006 355 23 2366 51 51  60  33   5.3   4.7   2.3 137.5  -3.4   3.2   0.2   3.1   0.8   0.2   2.3   1.2   1.4   1.4   99744.   1.9  620.  -2.7  -1.0 9.999   32639.   0.3   18.   1.6   1.7 9.999  1.46  -0.50   0.64   8.1  6.5 0.0183 20   0   -34   7  70.0  105   -80    24   0.8 0.006134 999999.99 99999.99 99999.99     0.16     0.09     0.06 -1
