 1 YEAR                          I4        
 2 DOY                           I4        
 3 Hour                          I3        
 4 Bartels rotation number       I5        
 5 ID for IMF spacecraft         I3        
 6 ID for SW Plasma spacecraft   I3        
 7 # of points in IMF averages   I4        
 8 # of points in Plasma averag. I4        
 9 Scalar B, nT                  F6.1      
10 Vector B Magnitude,nT         F6.1      
11 Lat. Angle of B (GSE)         F6.1      
12 Long. Angle of B (GSE)        F6.1      
13 BX, nT (GSE, GSM)             F6.1      
14 BY, nT (GSE)                  F6.1      
15 BZ, nT (GSE)                  F6.1      
16 BY, nT (GSM)                  F6.1      
17 BZ, nT (GSM)                  F6.1      
18 RMS_magnitude, nT             F6.1      
19 RMS_field_vector, nT          F6.1      
20 RMS_BX_GSE, nT                F6.1      
21 RMS_BY_GSE, nT                F6.1      
22 RMS_BZ_GSE, nT                F6.1      
23 SW Plasma Temperature, K      F9.0      
24 SW Proton Density, N/cm^3     F6.1      
25 SW Plasma Speed, km/s         F6.0      
26 SW Plasma flow long. angle    F6.1      
27 SW Plasma flow lat. angle     F6.1      
28 Alpha/Prot. ratio             F6.3      
29 sigma-T,K                     F9.0      
30 sigma-n, N/cm^3)              F6.1      
31 sigma-V, km/s                 F6.0      
32 sigma-phi V, degrees          F6.1      
33 sigma-theta V, degrees        F6.1      
34 sigma-ratio                   F6.3      
35 Flow pressure                 F6.2      
36 E elecrtric field             F7.2      
37 Plasma Beta                   F7.2      
38 Alfen mach number             F6.1      
39 Magnetosonic Much num.        F5.1      
40 Quasy-Invariant               F7.4      
41 Kp index                      I3        
42 R (Sunspot No.)               I4        
43 Dst-index, nT                 I6        
44 ap_index, nT                  I4        
45 f10.7_index                   F6.1      
46 AE-index, nT                  I5        
47 AL-index, nT                  I6        
48 AU-index, nT                  I6        
49 pc-index                      F6.1      
50 Lyman_alpha                   F9.6      
51 Proton flux (>1 Mev)          F10.2     
52 Proton flux (>2 Mev)          F9.2      
53 Proton flux (>4 Mev)          F9.2      
54 Proton flux (>10 Mev)         F9.2      
55 Proton flux (>30 Mev)         F9.2      
56 Proton flux (>60 Mev)         F9.2      
57 Flux FLAG                     I3        

2013 176  0 2454 51 52  58  34   4.2   4.0 -24.0 303.8   2.0  -3.0  -1.6  -2.8  -2.0   0.3   1.2   0.8   0.7   0.6  112878.   1.5  533.  -0.5  -2.0 0.039   23183.   0.1   10.   1.6   1.2 0.005  0.82   1.07   0.85   7.8  5.9 0.0197 30  77   -40  15 112.9  509  -324   185   2.6 0.007695 999999.99 99999.99 99999.99     1.38     0.13     0.05 -1
2013 176  1 2454 51 52  58  35   4.5   4.3 -27.5 294.6   1.6  -3.5  -2.0  -3.3  -2.4   0.1   1.2   0.8   0.6   0.6  105698.   1.6  529.  -1.9  -3.3 0.039   10726.   0.1   11.   0.8   1.1 0.004  0.86   1.27   0.77   7.4  5.8 0.0215 30  77   -35  15 112.9  231  -101   130   2.0 0.007695 999999.99 99999.99 99999.99     0.99     0.12     0.05 -1
2013 176  2 2454 51 52  62  37   4.1   3.8 -13.6 305.4   2.1  -3.0  -0.9  -2.9  -1.1   0.2   1.4   0.6   0.8   1.0  102042.   1.8  517.  -1.7  -1.8 0.041   15145.   0.2    8.   1.1   2.1 0.005  0.94   0.57   1.03   8.5  6.2 0.0166 30  77   -35  15 112.9  252  -114   138   1.5 0.007695 999999.99 99999.99 99999.99     1.19     0.13     0.05 -1
2013 176  3 2454 51 52  56  32   4.1   1.4   6.8  20.6   1.3   0.5   0.2   0.5   0.2   0.2   3.8   1.3   3.0   1.8  104391.   1.9  533.   2.5  -0.5 0.045   19124.   0.2   15.   3.5   2.2 0.005  1.06  -0.11   1.09   9.0  6.4 0.0148 23  77   -36   9 112.9  321  -171   151   1.4 0.007695 999999.99 99999.99 99999.99     1.15     0.13     0.05 -1
2013 176  4 2454 51 52  53  28   3.8   2.0  26.4  51.3   1.1   1.4   0.9   1.4   0.9   0.3   3.2   1.2   2.2   2.1  125053.   1.8  530.   2.8  -0.5 0.048   23140.   0.2   15.   3.4   3.2 0.008  1.01  -0.48   1.31   9.4  6.4 0.0136 23  77   -34   9 112.9  246  -153    93   2.4 0.007695 999999.99 99999.99 99999.99     0.85     0.11     0.05 -1
2013 176  5 2454 51 52  61  34   3.3   2.5 -38.1 356.1   2.0  -0.1  -1.5  -0.2  -1.5   0.3   2.1   0.7   1.6   1.1  144769.   1.7  518.   1.5  -3.3 0.058   21864.   0.2   15.   2.1   1.5 0.005  0.94   0.78   1.77  10.2  6.4 0.0114 23  77   -30   9 112.9  190   -83   107   1.3 0.007695 999999.99 99999.99 99999.99     0.92     0.12     0.05 -1
2013 176  6 2454 51 52  57  34   3.6   3.3 -36.3 316.4   1.9  -1.8  -1.9  -2.0  -1.7   0.1   1.5   0.9   1.0   0.7  128440.   1.6  522.  -0.5  -3.4 0.054   14662.   0.1   11.   1.1   1.1 0.003  0.89   0.89   1.32   9.2  6.3 0.0141 17  77   -27   6 112.9  239  -145    94   0.9 0.007695 999999.99 99999.99 99999.99     0.89     0.13     0.06 -1
2013 176  7 2454 51 52  57  32   3.5   3.1 -10.9 324.9   2.5  -1.7  -0.6  -1.8  -0.4   0.1   1.5   0.7   0.9   1.0  135958.   1.4  509.  -0.7  -1.6 0.055   15716.   0.2   12.   1.2   2.3 0.006  0.74   0.20   1.26   8.6  6.0 0.0161 17  77   -25   6 112.9  275  -171   104   1.3 0.007695 999999.99 99999.99 99999.99     0.83     0.11     0.05 -1
2013 176  8 2454 51 52  64  38   3.5   2.0   7.5 329.2   1.7  -1.0   0.3  -0.9   0.5   0.2   2.8   1.2   2.1   1.4  124834.   1.4  525.   1.2  -0.8 0.047   17041.   0.1   22.   3.4   2.4 0.005  0.77  -0.26   1.20   8.9  6.2 0.0151 17  77   -22   6 112.9  205  -116    89   1.1 0.007695 999999.99 99999.99 99999.99     0.75     0.11     0.05 -1
2013 176  9 2454 51 52  57  36   3.7   3.4  -3.7 286.7   1.0  -3.3  -0.2  -3.3   0.5   0.2   1.4   0.9   0.3   1.0  114835.   1.3  537.  -1.6  -0.6 0.044   18969.   0.2   12.   0.7   1.8 0.004  0.74  -0.27   0.96   8.3  6.1 0.0174 10  77   -21   4 112.9  183  -106    77   0.2 0.007695 999999.99 99999.99 99999.99     0.67     0.12     0.05 -1
2013 176 10 2454 51 52  60  35   4.0   3.8  11.1 302.2   2.0  -3.2   0.7  -3.0   1.4   0.1   1.1   0.4   0.6   0.8   84842.   0.9  528.  -1.5   1.0 0.041   14163.   0.1   12.   1.1   2.1 0.003  0.49  -0.74   0.50   6.3  5.2 0.0303 10  77   -26   4 112.9  139   -95    43  -0.8 0.007695 999999.99 99999.99 99999.99     0.59     0.11     0.06 -1
2013 176 11 2454 51 52  60  35   3.9   3.7  -1.7 313.7   2.6  -2.7  -0.1  -2.7   0.5   0.1   1.1   0.4   0.4   1.0   74662.   0.8  516.  -0.4  -1.1 0.043    9631.   0.1    8.   0.9   2.4 0.004  0.42  -0.26   0.44   5.9  5.0 0.0340 10  77   -28   4 112.9   65   -39    26  -0.1 0.007695 999999.99 99999.99 99999.99     0.51     0.09     0.05 -1
2013 176 12 2454 51 52  60  36   3.8   3.7  18.3 315.1   2.5  -2.5   1.2  -2.2   1.7   0.0   0.8   0.3   0.3   0.7   67273.   0.8  520.   0.2   1.2 0.037   10782.   0.1    6.   0.6   1.7 0.003  0.41  -0.88   0.45   6.1  5.2 0.0318  3  77   -30   2 112.9   67   -51    16  -0.9 0.007695 999999.99 99999.99 99999.99     0.43     0.09     0.05 -1
2013 176 13 2454 51 52  59  36   3.5   3.5   0.0 313.6   2.4  -2.5   0.0  -2.5   0.5   0.2   0.5   0.2   0.2   0.4   63474.   0.8  511.  -0.5  -1.0 0.036    6466.   0.1    5.   0.5   0.8 0.003  0.40  -0.26   0.52   6.5  5.4 0.0279  3  77   -29   2 112.9   95   -64    31   0.9 0.007695 999999.99 99999.99 99999.99     0.44     0.08     0.04 -1
2013 176 14 2454 51 52  61  37   3.3   3.0  -1.6 317.0   2.2  -2.0  -0.1  -2.0   0.2   0.0   1.2   0.5   0.5   1.0   75350.   1.0  517.   0.1  -1.2 0.043   11868.   0.1   11.   1.4   2.4 0.007  0.52  -0.10   0.78   7.8  6.1 0.0194  3  77   -25   2 112.9  113   -60    54   1.5 0.007695 999999.99 99999.99 99999.99     0.47     0.09     0.05 -1
2013 176 15 2454 51 52  61  35   3.3   2.6 -10.2 328.7   2.2  -1.3  -0.5  -1.3  -0.4   0.0   1.9   0.4   1.6   1.0   80697.   1.1  518.   0.9  -2.0 0.041   10873.   0.1   10.   2.6   2.2 0.005  0.57   0.21   0.88   8.2  6.2 0.0176 13  77   -22   5 112.9  159  -104    56   1.4 0.007695 999999.99 99999.99 99999.99     0.41     0.10     0.06 -1
2013 176 16 2454 51 52  61  38   3.2   2.3  -8.1  11.2   2.3   0.5  -0.3   0.5  -0.3   0.1   2.1   0.5   0.9   1.9   95989.   1.2  523.   4.7  -1.6 0.045   20154.   0.1   11.   1.7   3.3 0.004  0.65   0.16   1.09   9.0  6.4 0.0148 13  77   -19   5 112.9  138   -78    60   0.4 0.007695 999999.99 99999.99 99999.99     0.37     0.08     0.05 -1
2013 176 17 2454 51 52  59  35   3.1   2.8  38.9 324.9   1.8  -1.2   1.7  -1.2   1.7   0.1   1.3   0.5   0.9   0.7   94465.   1.2  521.   1.7   1.8 0.047    9876.   0.1   10.   1.3   1.0 0.005  0.65  -0.89   1.16   9.2  6.5 0.0140 13  77   -15   5 112.9   59   -34    25  -0.2 0.007695 999999.99 99999.99 99999.99     0.40     0.09     0.05 -1
2013 176 18 2454 51 52  60  38   2.9   1.9 -10.5 336.9   1.7  -0.7  -0.4  -0.7  -0.4   0.1   2.1   0.5   0.9   1.8   96324.   1.2  520.   1.9  -1.5 0.044   13055.   0.1    9.   1.5   3.0 0.004  0.64   0.21   1.33   9.8  6.7 0.0123 13  77   -15   5 112.9   94   -46    48   1.2 0.007695 999999.99 99999.99 99999.99     0.32     0.09     0.05 -1
2013 176 19 2454 51 52  57  34   2.8   2.3 -55.3 347.1   1.3  -0.3  -1.9  -0.1  -1.9   0.1   1.5   1.3   0.6   0.5   91099.   1.2  524.   2.6  -3.8 0.040   16338.   0.1   21.   0.9   0.9 0.006  0.64   1.00   1.40  10.3  6.9 0.0113 13  77   -18   5 112.9  128   -74    55   0.2 0.007695 999999.99 99999.99 99999.99     0.36     0.08     0.05 -1
2013 176 20 2454 51 52  59  36   2.8   2.7 -17.6 356.4   2.6  -0.2  -0.8  -0.1  -0.8   0.1   0.8   0.2   0.4   0.7   73882.   1.0  497.   2.8  -2.7 0.039   16281.   0.2    8.   0.9   1.4 0.006  0.48   0.40   1.07   8.9  6.4 0.0151 13  77   -21   5 112.9  142   -78    64   0.0 0.007695 999999.99 99999.99 99999.99     0.35     0.09     0.05 -1
2013 176 21 2454 51 52  60  34   2.7   2.5  12.0 347.2   2.3  -0.5   0.5  -0.6   0.4   0.1   1.0   0.5   0.7   0.6   68167.   0.9  491.   1.7   0.3 0.044   17139.   0.2   11.   1.4   1.4 0.007  0.43  -0.20   1.01   8.6  6.3 0.0160 17  77   -23   6 112.9  132   -74    58  -0.0 0.007695 999999.99 99999.99 99999.99     0.35     0.08     0.05 -1
2013 176 22 2454 51 52  60  37   2.7   2.3  -3.2 334.8   2.1  -1.0  -0.1  -1.0  -0.2   0.1   1.3   0.9   0.4   0.9   60467.   1.0  488.   0.7  -1.2 0.044   18320.   0.2   15.   0.9   1.5 0.011  0.47   0.10   1.08   9.0  6.5 0.0146 17  77   -19   6 112.9   88   -45    44   0.1 0.007695 999999.99 99999.99 99999.99     0.35     0.09     0.05 -1
2013 176 23 2454 51 52  57  34   2.6   2.4  -3.8 339.9   2.3  -0.8  -0.2  -0.8  -0.3   0.1   0.9   0.2   0.7   0.6   64428.   1.0  482.   0.3  -1.5 0.044   16711.   0.1    8.   1.9   1.7 0.004  0.46   0.14   1.19   9.3  6.5 0.0138 17  77   -18   6 112.9   66   -32    35   0.2 0.007695 999999.99 99999.99 99999.99     0.36     0.09     0.05 -1
2013 177  0 2454 51 52  60  35   2.7   2.5   4.8 324.8   2.1  -1.4   0.2  -1.4   0.0   0.0   0.9   0.3   0.5   0.7   58881.   1.0  481.  -0.9  -0.8 0.042   14932.   0.2   10.   1.3   1.6 0.004  0.45  -0.00   1.07   8.9  6.4 0.0150  3  60   -18   2 110.1   69   -31    38  -0.0 0.007576 999999.99 99999.99 99999.99     0.40     0.09     0.05 -1
2013 177  1 2454 51 52  59  36   2.7   2.6  14.9 316.5   1.8  -1.8   0.7  -1.9   0.5   0.0   0.5   0.3   0.2   0.4   58630.   1.0  482.  -1.9  -0.1 0.040   10939.   0.1    6.   0.5   0.9 0.002  0.45  -0.24   1.07   8.9  6.4 0.0149  3  60   -18   2 110.1   68   -30    38   0.2 0.007576 999999.99 99999.99 99999.99     0.34     0.08     0.05 -1
2013 177  2 2454 51 52  60  37   2.7   2.6  18.8 330.7   2.1  -1.2   0.8  -1.3   0.7   0.1   0.8   0.5   0.4   0.6   53163.   1.0  472.  -0.4   0.4 0.040   15071.   0.1    7.   1.1   1.0 0.005  0.43  -0.33   1.04   8.7  6.4 0.0156  3  60   -14   2 110.1   58   -29    29   0.0 0.007576 999999.99 99999.99 99999.99     0.30     0.09     0.05 -1
2013 177  3 2454 51 52  52  28   2.6   2.5  20.8 351.7   2.3  -0.3   0.9  -0.3   0.9   0.1   0.9   0.1   0.8   0.3   72562.   1.2  473.   0.0   0.5 0.045   10728.   0.1    6.   1.1   0.6 0.008  0.53  -0.43   1.48  10.0  6.6 0.0120  3  60   -11   2 110.1   44   -23    22  -0.4 0.007576 999999.99 99999.99 99999.99     0.30     0.08     0.05 -1
2013 177  4 2454 51 52  57  32   2.5   2.5  15.5   5.1   2.4   0.2   0.7   0.2   0.7   0.1   0.6   0.2   0.5   0.1   63360.   1.3  463.   0.5   0.4 0.051   13223.   0.2    6.   0.4   0.2 0.005  0.56  -0.32   1.66  10.6  6.8 0.0107  3  60    -9   2 110.1   28   -15    13  -0.3 0.007576 999999.99 99999.99 99999.99     0.30     0.09     0.05 -1
2013 177  5 2454 51 52  59  32   2.4   2.3  19.8 336.9   2.0  -0.8   0.8  -0.7   0.8   0.1   0.7   0.2   0.5   0.3   74414.   1.5  466.  -0.4   0.1 0.051    4209.   0.1    3.   0.4   0.3 0.005  0.65  -0.37   2.20  11.9  7.0 0.0084  3  60    -8   2 110.1   21    -9    12  -0.2 0.007576 999999.99 99999.99 99999.99     0.26     0.08     0.05 -1
2013 177  6 2454 51 52  57  29   2.6   2.6  29.2 324.5   1.8  -1.3   1.3  -1.2   1.4   0.3   0.6   0.3   0.3   0.4   61500.   1.5  467.  -0.8   0.2 0.038   10929.   0.1    2.   0.3   0.3 0.006  0.63  -0.65   1.75  11.0  6.9 0.0098  3  60    -6   2 110.1   25   -13    12  -0.7 0.007576 999999.99 99999.99 99999.99     0.31     0.09     0.05 -1
2013 177  7 2454 51 52  56  31   2.4   2.3 -13.7 212.9  -1.9  -1.2  -0.5  -1.3  -0.3   0.1   0.8   0.5   0.5   0.2   58849.   1.9  481.  -0.5  -0.9 0.035    6315.   0.1    4.   0.4   0.3 0.002  0.84   0.14   2.57  13.8  7.7 0.0062  3  60    -5   2 110.1   44   -16    28  -0.6 0.007576 999999.99 99999.99 99999.99     0.24     0.07     0.04 -1
2013 177  8 2454 51 52  57  33   2.5   2.3   5.7 228.5  -1.5  -1.7   0.2  -1.6   0.5   0.1   0.8   0.5   0.3   0.6   61802.   2.0  476.  -1.3  -0.0 0.036    6081.   0.1    5.   0.4   0.5 0.003  0.87  -0.24   2.53  13.5  7.5 0.0066  3  60    -7   2 110.1   63   -26    38  -0.5 0.007576 999999.99 99999.99 99999.99     0.28     0.08     0.05 -1
2013 177  9 2454 51 52  58  35   2.3   2.0   6.6 241.4  -1.0  -1.8   0.2  -1.7   0.6   0.1   1.2   0.5   0.4   1.0   54282.   2.0  463.  -1.0  -0.0 0.035    6533.   0.1    5.   0.3   0.7 0.002  0.82  -0.28   2.87  14.2  7.6 0.0059  3  60   -10   2 110.1   68   -41    27  -0.9 0.007576 999999.99 99999.99 99999.99     0.28     0.09     0.05 -1
2013 177 10 2454 51 52  58  36   2.2   1.9  -3.1 241.5  -0.9  -1.7  -0.1  -1.7   0.3   0.2   1.1   0.8   0.4   0.7   63255.   2.1  458.  -1.1  -0.3 0.038    7744.   0.1    5.   0.3   0.5 0.002  0.85  -0.14   3.46  15.1  7.6 0.0052  3  60   -10   2 110.1   86   -58    29  -0.8 0.007576 999999.99 99999.99 99999.99     0.30     0.07     0.04 -1
2013 177 11 2454 51 52  59  34   2.2   2.1  -4.5 252.1  -0.6  -2.0  -0.2  -2.0   0.2   0.1   0.9   0.8   0.2   0.3   59369.   2.1  453.  -1.5  -0.4 0.037    7748.   0.1    4.   0.2   0.3 0.003  0.83  -0.09   3.39  14.9  7.5 0.0053  3  60   -13   2 110.1   53   -31    22  -0.7 0.007576 999999.99 99999.99 99999.99     0.25     0.07     0.04 -1
2013 177 12 2454 51 52  58  34   1.9   1.7   2.9 275.1   0.2  -1.7   0.1  -1.6   0.5   0.2   0.8   0.6   0.4   0.4   60992.   2.4  440.  -1.2   0.2 0.038    5513.   0.1    5.   0.5   0.3 0.001  0.89  -0.22   5.24  17.9  7.6 0.0037  3  60   -13   2 110.1   77   -44    33  -0.2 0.007576 999999.99 99999.99 99999.99     0.25     0.07     0.04 -1
2013 177 13 2454 51 52  61  37   2.1   1.6  -4.3 273.8   0.1  -1.6  -0.1  -1.6   0.2   0.2   1.3   1.0   0.4   0.7   63476.   2.5  438.  -1.2  -0.3 0.036    6941.   0.1    6.   0.5   0.6 0.003  0.92  -0.09   4.52  16.5  7.4 0.0044  3  60   -11   2 110.1   75   -42    33   0.2 0.007576 999999.99 99999.99 99999.99     0.22     0.08     0.05 -1
2013 177 14 2454 51 52  60  37   2.3   1.7  -5.8 225.2  -1.2  -1.2  -0.2  -1.2   0.0   0.5   1.6   1.4   0.5   0.7   54755.   2.2  440.  -1.0  -0.2 0.036   12520.   0.2    5.   0.6   0.4 0.003  0.81  -0.00   3.17  14.2  7.3 0.0059  3  60   -10   2 110.1   87   -59    29   0.4 0.007576 999999.99 99999.99 99999.99     0.21     0.08     0.05 -1
2013 177 15 2454 51 52  58  36   2.8   2.4  -7.5 263.8  -0.3  -2.4  -0.3  -2.4   0.0   0.3   1.3   1.0   0.5   0.7   53043.   2.2  431.  -1.2   0.0 0.035   10480.   0.2    4.   0.3   0.4 0.003  0.78  -0.00   2.12  11.4  6.8 0.0091 10  60    -9   4 110.1  102   -65    37   1.3 0.007576 999999.99 99999.99 99999.99     0.23     0.07     0.04 -1
2013 177 16 2454 51 52  59  35   2.6   2.5  14.8 293.0   1.0  -2.2   0.6  -2.2   0.7   0.1   0.8   0.5   0.3   0.5   66429.   2.1  425.  -1.9   0.5 0.035    3715.   0.1    3.   0.5   0.5 0.002  0.72  -0.30   2.52  11.8  6.6 0.0085 10  60   -11   4 110.1  128  -107    21   1.4 0.007576 999999.99 99999.99 99999.99     0.21     0.07     0.04 -1
2013 177 17 2454 51 52  59  36   2.9   2.8  28.1 317.3   1.8  -1.7   1.3  -1.7   1.3   0.1   0.7   0.3   0.5   0.4   68837.   1.8  417.  -2.0   1.4 0.039    6097.   0.1    2.   0.4   0.5 0.003  0.60  -0.54   1.76   9.6  6.1 0.0128 10  60   -13   4 110.1   71   -47    24   0.6 0.007576 999999.99 99999.99 99999.99     0.17     0.07     0.05 -1
2013 177 18 2454 51 52  59  35   2.8   1.9   4.3 302.6   1.0  -1.6   0.1  -1.6   0.0   0.4   2.0   1.5   1.0   1.0   57532.   1.9  411.  -1.3   0.8 0.039   26557.   0.2    5.   1.0   0.7 0.005  0.62  -0.00   1.87  10.1  6.3 0.0116  3  60   -10   2 110.1   49   -28    21   1.0 0.007576 999999.99 99999.99 99999.99     0.18     0.08     0.04 -1
2013 177 19 2454 51 52  60  36   3.4   3.4 -24.6 234.8  -1.8  -2.5  -1.4  -2.4  -1.6   0.1   0.3   0.3   0.1   0.1   15081.   1.8  414.  -1.8   0.5 0.043    1626.   0.1    1.   0.2   0.3 0.004  0.60   0.66   0.93   8.2  6.1 0.0178  3  60   -12   2 110.1  132   -89    43   1.6 0.007576 999999.99 99999.99 99999.99     0.20     0.07     0.05 -1
2013 177 20 2454 51 52  58  36   3.5   3.5 -29.1 231.6  -1.9  -2.4  -1.7  -2.2  -2.0   0.0   0.4   0.3   0.2   0.2   14075.   1.8  410.  -1.7   0.4 0.041    3293.   0.1    5.   0.4   0.2 0.004  0.59   0.82   0.87   7.9  5.9 0.0193  3  60   -15   2 110.1  161  -106    55   0.8 0.007576 999999.99 99999.99 99999.99     0.23     0.08     0.05 -1
2013 177 21 2454 51 52  59  36   3.6   3.6 -33.9 225.2  -2.1  -2.1  -2.0  -1.8  -2.3   0.1   0.5   0.3   0.2   0.4   14990.   1.7  410.  -1.5   0.2 0.041    2945.   0.1    3.   0.3   0.5 0.003  0.56   0.94   0.78   7.4  5.7 0.0216  3  60   -18   2 110.1  154  -101    54   0.5 0.007576 999999.99 99999.99 99999.99     0.23     0.07     0.05 -1
2013 177 22 2454 51 52  61  37   3.4   3.3 -27.2 214.8  -2.4  -1.7  -1.5  -1.5  -1.7   0.2   1.1   0.5   0.7   0.7   26208.   1.8  409.  -1.4  -0.0 0.035   12928.   0.1    6.   0.6   0.6 0.007  0.57   0.70   1.00   8.1  5.9 0.0183  3  60   -19   2 110.1  191  -129    62   0.9 0.007576 999999.99 99999.99 99999.99     0.23     0.08     0.05 -1
2013 177 23 2454 51 52  56  34   3.1   2.8 -10.7 230.8  -1.7  -2.1  -0.5  -2.0  -0.8   0.6   1.5   1.1   0.7   0.7   35449.   1.9  399.  -2.1   0.3 0.030   26139.   0.3   11.   1.4   1.1 0.004  0.57   0.32   1.35   8.9  6.0 0.0151  3  60   -18   2 110.1  164   -72    92   1.0 0.007576 999999.99 99999.99 99999.99     0.26     0.07     0.04 -1
2013 178  0 2454 51 52  62  37   2.8   1.5 -32.5 308.7   0.8  -1.0  -0.8  -0.9  -0.9   0.2   2.4   1.7   1.5   0.6   62335.   1.9  400.  -2.1   0.1 0.033   16640.   0.2    8.   0.8   0.6 0.002  0.57   0.36   1.92   9.8  6.0 0.0123  7  61   -18   3 102.9  115   -40    75   0.8 0.007498 999999.99 99999.99 99999.99     0.24     0.08     0.06 -1
2013 178  1 2454 51 52  60  36   3.1   3.0  -2.6 245.3  -1.3  -2.7  -0.1  -2.7  -0.4   0.1   0.6   0.4   0.2   0.4   45662.   2.0  400.  -1.8   0.8 0.031    7925.   0.1    3.   0.3   0.2 0.002  0.60   0.16   1.51   9.1  6.0 0.0143  7  61   -16   3 102.9   84   -32    52   0.4 0.007498 999999.99 99999.99 99999.99     0.22     0.08     0.05 -1
2013 178  2 2454 51 52  58  36   3.3   3.2  -5.9 239.7  -1.6  -2.8  -0.3  -2.8  -0.5   0.1   0.6   0.2   0.1   0.5   43236.   2.0  394.  -2.2   0.7 0.030    6817.   0.1    4.   0.2   0.3 0.003  0.58   0.20   1.31   8.4  5.8 0.0167  7  61   -13   3 102.9   74   -31    43  -0.2 0.007498 999999.99 99999.99 99999.99     0.23     0.07     0.04 -1
2013 178  3 2454 51 52  59  36   2.8   2.4  28.6 272.9   0.1  -2.1   1.1  -2.1   1.1   0.2   1.6   0.9   0.9   0.9   67264.   2.2  390.  -2.3   0.8 0.031   10478.   0.1    3.   0.6   0.6 0.003  0.63  -0.43   2.28  10.3  6.0 0.0111  3  61   -13   2 102.9   87   -26    61  -0.2 0.007498 999999.99 99999.99 99999.99     0.24     0.08     0.05 -1
2013 178  4 2454 51 52  59  35   2.8   2.7  13.3 272.9   0.1  -2.7   0.6  -2.7   0.7   0.1   0.7   0.5   0.2   0.5   65627.   2.0  385.  -2.0   0.9 0.033    6609.   0.1    3.   0.3   0.6 0.005  0.56  -0.27   2.06   9.7  5.8 0.0126  3  61   -15   2 102.9   64   -18    46  -0.6 0.007498 999999.99 99999.99 99999.99     0.21     0.07     0.05 -1
2013 178  5 2454 51 52  58  36   2.1   1.9   8.1 294.3   0.8  -1.7   0.3  -1.7   0.4   0.5   1.1   0.5   0.8   0.5   88827.   2.0  377.  -1.2   0.1 0.029   16928.   0.1    5.   1.0   0.7 0.002  0.53  -0.15   4.10  12.7  6.0 0.0074  3  61   -14   2 102.9   32   -12    19  -0.8 0.007498 999999.99 99999.99 99999.99     0.20     0.07     0.04 -1
2013 178  6 2454 51 52  61  37   2.4   1.7  -0.4 333.0   1.5  -0.8   0.0  -0.8   0.1   0.4   1.6   0.8   1.2   0.6   90331.   2.0  374.  -0.4   0.1 0.032   14194.   0.1    4.   1.0   0.3 0.003  0.53  -0.04   3.16  11.0  5.7 0.0098  3  61   -11   2 102.9   28   -14    14  -1.0 0.007498 999999.99 99999.99 99999.99     0.18     0.07     0.05 -1
2013 178  7 2454 51 52  59  36   2.8   2.3  16.4 301.3   1.1  -1.9   0.6  -1.8   0.9   0.1   1.6   1.1   0.8   0.8   77813.   2.0  371.  -1.6   0.4 0.031    7070.   0.1    5.   1.1   0.9 0.003  0.52  -0.33   2.19   9.4  5.5 0.0135  3  61   -10   2 102.9   36   -19    16  -1.1 0.007498 999999.99 99999.99 99999.99     0.18     0.07     0.05 -1
2013 178  8 2454 51 52  60  35   2.8   1.8 -16.7  14.8   1.6   0.4  -0.5   0.3  -0.6   0.2   2.2   1.3   1.4   1.0   73836.   2.0  369.   0.7  -0.8 0.030    4186.   0.1    9.   1.8   1.3 0.003  0.51   0.22   2.15   9.3  5.5 0.0137  3  61   -11   2 102.9   46   -22    24  -0.8 0.007498 999999.99 99999.99 99999.99     0.18     0.06     0.04 -1
2013 178  9 2454 51 52  58  35   2.7   1.7  -2.1 307.0   1.0  -1.4  -0.1  -1.4   0.2   0.2   2.1   1.0   1.5   1.1   72208.   2.0  372.  -1.3  -0.2 0.033    6542.   0.1   10.   1.7   1.4 0.003  0.52  -0.07   2.29   9.7  5.6 0.0125  3  61   -13   2 102.9   75   -45    31  -0.6 0.007498 999999.99 99999.99 99999.99     0.17     0.06     0.05 -1
2013 178 10 2454 51 52  58  33   2.9   2.7  -1.8 328.8   2.3  -1.4  -0.1  -1.4   0.2   0.1   1.1   0.8   0.6   0.4   58442.   1.6  349.  -1.4  -0.0 0.032   11612.   0.5   13.   0.8   1.2 0.003  0.37  -0.07   1.48   7.6  5.0 0.0205  3  61   -14   2 102.9   78   -55    23  -0.6 0.007498 999999.99 99999.99 99999.99     0.18     0.08     0.06 -1
2013 178 11 2454 51 52  59  35   2.9   2.7  -6.6 332.9   2.3  -1.2  -0.3  -1.2   0.0   0.1   1.0   0.2   0.4   0.9   62016.   1.9  353.  -1.4  -0.4 0.031   10126.   0.3    5.   1.1   1.8 0.002  0.44  -0.00   1.79   8.4  5.3 0.0169  3  61   -15   2 102.9   42   -23    19  -0.9 0.007498 999999.99 99999.99 99999.99     0.18     0.07     0.05 -1
2013 178 12 2454 51 52  64  36   2.8   2.4 -38.1 325.4   1.5  -1.1  -1.5  -1.4  -1.2   0.1   1.5   0.6   0.9   1.0   57334.   2.0  363.  -0.8  -2.5 0.028    8232.   0.1    6.   1.4   1.7 0.003  0.49   0.44   1.97   9.2  5.6 0.0142 33  61   -14  18 102.9  100   -52    48   0.2 0.007498 999999.99 99999.99 99999.99     0.15     0.07     0.05 -1
2013 178 13 2454 51 52  58  35   3.0   2.9 -16.7 279.2   0.4  -2.7  -0.8  -2.8  -0.3   0.1   0.8   0.4   0.3   0.6   55423.   2.2  373.  -2.9  -1.1 0.026    7913.   0.2    4.   0.4   0.8 0.003  0.56   0.11   1.87   9.2  5.7 0.0140 33  61   -13  18 102.9  142   -75    68   1.3 0.007498 999999.99 99999.99 99999.99     0.15     0.07     0.05 -1
2013 178 14 2454 51 52  72  44   4.8   4.5   5.2 262.2  -0.6  -4.4   0.4  -4.3   1.1   2.1   2.6   1.3   1.9   1.1   64663.   3.8  409.  -1.7   0.2 0.029   24141.   2.0   42.   1.9   1.3 0.007  1.18  -0.45   1.32   8.3  5.7 0.0172 33  61    -6  18 102.9  179  -114    65   1.7 0.007498 999999.99 99999.99 99999.99     0.17     0.07     0.05 -1
2013 178 15 2454 51 52  59  36   6.6   5.8 -36.6 270.7   0.1  -4.7  -3.5  -5.1  -2.9   0.5   3.1   2.0   1.4   1.9  165152.   7.0  453.   0.1  -3.0 0.036   49164.   0.6    3.   0.6   1.5 0.004  2.74   1.31   1.96   9.1  5.5 0.0144 20  61     4   7 102.9  304  -229    76   3.5 0.007498 999999.99 99999.99 99999.99     0.17     0.07     0.04 -1
2013 178 16 2454 51 52  61  37   6.1   5.7 -19.1 278.3   0.8  -5.3  -1.9  -5.4  -1.5   0.7   2.3   0.7   0.5   2.1  183948.   8.1  452.  -0.9  -1.6 0.040   14083.   0.7    4.   0.4   1.6 0.005  3.21   0.68   2.83  10.5  5.7 0.0107 20  61     0   7 102.9  382  -290    91   3.1 0.007498 999999.99 99999.99 99999.99     0.14     0.06     0.04 -1
2013 178 17 2454 51 52  59  36   6.8   6.4   0.0 262.0  -0.9  -6.3   0.0  -6.3   0.1   0.3   2.2   2.0   0.6   0.7  141786.   8.9  447.  -2.5   0.7 0.044   35426.   1.0    8.   0.4   0.5 0.004  3.49  -0.04   2.16   9.8  5.8 0.0124 20  61    -2   7 102.9  361  -282    79   3.4 0.007498 999999.99 99999.99 99999.99     0.16     0.06     0.04 -1
2013 178 18 2454 51 52  58  36   6.7   6.3  -3.4 255.2  -1.6  -6.1  -0.4  -6.1  -0.6   0.3   2.1   1.7   0.6   1.0  106861.  10.4  446.  -2.7  -0.2 0.044   21513.   0.7    6.   0.7   0.6 0.004  4.06   0.27   2.27  10.7  6.2 0.0103 20  61     0   7 102.9  255  -161    94   3.4 0.007498 999999.99 99999.99 99999.99     0.20     0.08     0.05 -1
2013 178 19 2454 51 52  61  37   6.5   6.1 -18.7 271.9   0.2  -5.8  -2.0  -5.6  -2.4   0.7   2.2   1.8   0.7   1.1  132478.   9.2  436.  -4.0  -1.3 0.039   28816.   0.5    4.   0.4   0.5 0.005  3.38   1.05   2.36  10.2  5.8 0.0115 20  61    -4   7 102.9  275  -149   126   2.4 0.007498 999999.99 99999.99 99999.99     0.17     0.07     0.05 -1
2013 178 20 2454 51 52  58  34   7.0   6.7 -13.9 270.8   0.1  -6.5  -1.6  -6.3  -2.3   0.6   1.9   0.8   0.5   1.7  124743.  10.5  439.  -4.6  -1.2 0.042   21691.   0.6    3.   0.4   0.4 0.005  3.95   1.01   2.26  10.2  5.9 0.0115 20  61    -5   7 102.9  453  -272   181   2.6 0.007498 999999.99 99999.99 99999.99     0.22     0.07     0.05 -1
2013 178 21 2454 51 52  58  35   7.8   7.6 -25.1 273.2   0.4  -6.9  -3.2  -6.4  -4.1   0.3   1.5   1.2   0.4   0.8   95827.  11.1  432.  -4.0  -2.5 0.039    9108.   0.5    6.   0.3   0.6 0.004  4.00   1.77   1.70   9.2  5.9 0.0140 27  61    -5  12 102.9  346  -174   172   3.2 0.007498 999999.99 99999.99 99999.99     0.18     0.07     0.05 -1
2013 178 22 2454 51 52  61  37   8.3   7.9  -9.5 276.2   0.8  -7.8  -1.3  -7.6  -2.3   0.4   2.4   0.9   0.4   2.2   84845.  11.8  423.  -4.8  -2.1 0.031   10135.   0.7    3.   0.5   0.9 0.005  3.96   0.97   1.52   8.8  5.8 0.0155 27  61    -5  12 102.9  297  -101   196   2.8 0.007498 999999.99 99999.99 99999.99     0.16     0.07     0.05 -1
2013 178 23 2454 51 52  59  36   8.1   7.6 -15.1 269.7   0.0  -7.4  -2.0  -7.1  -2.9   0.5   2.6   0.7   1.1   2.2   67644.  15.7  423.  -5.3  -2.3 0.029   17801.   3.3    3.   0.4   0.9 0.005  5.24   1.23   1.95  10.3  6.3 0.0111 27  61    -2  12 102.9  379  -163   216   2.6 0.007498 999999.99 99999.99 99999.99     0.17     0.07     0.05 -1
2013 179  0 2454 51 52  60  36   6.1   4.4 -64.8  21.3   1.7   0.7  -3.9   1.1  -3.8   1.8   4.7   1.8   3.6   2.3   41376.  27.3  422.  -4.1  -1.6 0.040    4488.   4.0    3.   1.0   1.5 0.010  9.42   1.60   5.18  18.1  7.7 0.0036 33  75     5  18 104.3  432  -166   266   2.0 0.007438 999999.99 99999.99 99999.99     0.17     0.07     0.05 -1
2013 179  1 2454 51 52  60  34   9.0   7.7  -6.3  53.0   4.6   6.1  -0.8   6.1  -0.3   0.7   4.6   1.3   1.0   4.3   43793.  23.6  425.  -5.1  -1.2 0.044    7869.   3.7    4.   0.4   1.1 0.006  8.37   0.13   2.09  11.5  6.9 0.0090 33  75     3  18 104.3  486  -201   285   3.0 0.007438 999999.99 99999.99 99999.99     0.18     0.08     0.06 -1
2013 179  2 2454 51 52  60  36  10.4   7.2  79.2 273.0   0.1  -1.3   7.0  -1.7   6.9   1.6   7.6   2.5   5.0   5.2   79126.  11.9  420.  -4.2  -3.5 0.061   33476.   5.1    3.   1.0   2.5 0.011  4.36  -2.90   0.95   7.0  5.2 0.0245 33  75    -6  18 104.3  377  -219   158   1.5 0.007438 999999.99 99999.99 99999.99     0.16     0.06     0.05 -1
2013 179  3 2454 51 52  59  34  11.0  10.8  54.7 256.9  -1.4  -6.1   8.8  -6.2   8.7   0.4   2.0   0.6   1.6   1.1   32716.  12.8  414.  -0.9  -4.9 0.030    8869.   2.8    2.   0.9   0.6 0.010  4.10  -3.60   0.71   6.7  5.3 0.0262 30  75    -4  15 104.3  183   -93    90  -1.3 0.007438 999999.99 99999.99 99999.99     0.13     0.07     0.05 -1
2013 179  4 2454 51 52  60  35  12.0  11.9  29.6 265.7  -0.8 -10.3   5.9 -10.1   6.2   0.3   1.4   0.3   0.9   1.0   14581.   3.0  413.  -0.4  -6.3 0.014    4652.   3.4    5.   1.4   1.8 0.004  0.90  -2.56   0.12   3.0  2.8 0.1339 30  75   -13  15 104.3  110   -49    61  -2.0 0.007438 999999.99 99999.99 99999.99     0.13     0.06     0.04 -1
2013 179  5 2454 51 52  55  30  11.6  11.5  26.5 269.5  -0.1 -10.3   5.1  -9.9   5.9   0.1   1.1   0.1   0.4   1.1    9627.   1.5  407.  -0.2  -6.4 0.024    1944.   0.6    2.   0.7   0.7 0.006  0.45  -2.40   0.06   2.1  2.1 0.2577 30  75   -17  15 104.3   68   -23    45  -2.1 0.007438 999999.99 99999.99 99999.99     0.13     0.07     0.05 -1
2013 179  6 2454 51 52  60  37  11.3  11.2   4.7 271.0   0.2 -11.2   0.9 -11.0   2.3   0.2   0.9   0.3   0.2   0.8   15717.   1.9  401.   1.0  -1.6 0.021    9140.   1.1    5.   0.6   1.7 0.008  0.55  -0.92   0.09   2.4  2.4 0.1988 17  75   -15   6 104.3   93   -39    54  -2.2 0.007438 999999.99 99999.99 99999.99     0.15     0.06     0.04 -1
2013 179  7 2454 51 52  59  36  11.0  10.9  10.9 268.7  -0.2 -10.7   2.1 -10.2   3.8   0.1   1.1   0.6   0.2   1.0   11983.   2.7  398.   1.3   3.0 0.010    2395.   0.3    3.   0.3   0.5 0.002  0.74  -1.51   0.13   3.0  2.8 0.1346 17  75   -14   6 104.3   97   -26    71  -2.2 0.007438 999999.99 99999.99 99999.99     0.14     0.07     0.05 -1
2013 179  8 2454 51 52  61  37  10.8  10.8  -7.4 273.8   0.7 -10.6  -1.4 -10.7   0.7   0.0   1.3   0.2   0.2   1.3   11000.   2.6  395.   0.6   3.0 0.011    1896.   0.3    2.   0.6   0.7 0.002  0.71  -0.28   0.13   2.9  2.8 0.1368 17  75   -14   6 104.3  102   -25    77  -2.5 0.007438 999999.99 99999.99 99999.99     0.11     0.06     0.04 -1
2013 179  9 2454 51 52  59  36  10.7  10.6 -24.5 274.6   0.8  -9.6  -4.4 -10.3  -2.2   0.1   0.8   0.2   0.4   0.6    9803.   3.2  397.   0.2   1.9 0.016    1128.   0.7    2.   0.3   0.6 0.006  0.90   0.87   0.16   3.3  3.1 0.1080 27  75   -14  12 104.3  215  -102   113   0.6 0.007438 999999.99 99999.99 99999.99     0.12     0.06     0.04 -1
2013 179 10 2454 51 52  59  36  10.4  10.4 -30.1 276.5   1.0  -8.9  -5.2  -9.9  -3.0   0.0   0.8   0.3   0.4   0.7    7630.   4.3  386.   1.0   1.7 0.024    1165.   0.4    4.   0.6   0.4 0.004  1.17   1.16   0.22   3.8  3.5 0.0803 27  75   -16  12 104.3  313  -146   167   2.5 0.007438 999999.99 99999.99 99999.99     0.13     0.07     0.04 -1
2013 179 11 2454 51 52  59  35   9.8   9.8 -38.8 283.1   1.7  -7.4  -6.1  -8.6  -4.2   0.3   1.1   0.6   0.4   0.9   10455.   7.0  385.   1.7   0.9 0.032    2308.   1.8    2.   0.4   0.8 0.012  1.95   1.62   0.42   5.2  4.5 0.0440 27  75   -19  12 104.3  504  -230   274   4.3 0.007438 999999.99 99999.99 99999.99     0.13     0.07     0.05 -1
2013 179 12 2454 51 52  60  36   9.5   9.4 -53.0 291.6   2.1  -5.3  -7.5  -6.8  -6.1   0.1   0.8   0.3   0.6   0.5    6526.   7.8  381.   0.2   2.3 0.043    1915.   0.7    1.   0.7   0.6 0.005  2.22   2.32   0.48   5.6  4.7 0.0379 33  75   -25  18 104.3  568  -317   252   3.5 0.007438 999999.99 99999.99 99999.99     0.22     0.09     0.05 -1
2013 179 13 2454 51 52  59  36   9.1   8.9 -49.7 292.4   2.2  -5.3  -6.8  -6.6  -5.6   0.2   1.9   0.4   1.3   1.3    8500.   7.9  381.   1.6   0.4 0.039    2301.   1.5    3.   1.1   1.2 0.008  2.21   2.13   0.54   5.9  4.9 0.0344 33  75   -32  18 104.3  717  -432   284   3.8 0.007438 999999.99 99999.99 99999.99     0.23     0.09     0.05 -1
2013 179 14 2454 51 52  63  38   9.9   9.8 -52.2 294.5   2.5  -5.5  -7.8  -6.7  -6.8   0.2   0.8   0.5   0.4   0.4    8188.   5.4  388.   2.6  -0.6 0.016    1041.   0.6    4.   0.3   0.5 0.003  1.44   2.64   0.31   4.6  4.0 0.0574 33  75   -36  18 104.3  784  -489   295   3.7 0.007438 999999.99 99999.99 99999.99     0.23     0.08     0.05 -1
2013 179 15 2454 51 52  59  34  11.4  11.0 -44.8 289.0   2.6  -7.4  -7.8  -8.3  -6.8   0.6   2.8   0.6   1.9   2.0   11531.  11.2  404.   1.2  -2.1 0.022    3553.   4.7    4.   0.5   1.1 0.005  3.32   2.75   0.50   5.9  5.0 0.0338 47  75   -36  39 104.3 1084  -678   406   4.3 0.007438 999999.99 99999.99 99999.99     0.18     0.08     0.04 -1
2013 179 16 2454 51 52  59  36  11.8  11.3 -39.1 289.0   2.8  -8.3  -7.1  -8.8  -6.5   0.5   3.4   0.9   2.1   2.5   17160.   9.7  402.  -0.2  -1.7 0.029    4024.   5.5    3.   1.5   1.9 0.006  2.92   2.61   0.42   5.3  4.5 0.0423 47  75   -45  39 104.3  915  -588   327   3.5 0.007438 999999.99 99999.99 99999.99     0.14     0.07     0.05 -1
2013 179 17 2454 51 52  60  35  12.1  11.9 -54.3 304.9   4.0  -5.7  -9.7  -5.9  -9.6   0.3   1.9   0.5   1.4   1.2   14584.   5.5  400.  -4.5   0.7 0.034    3378.   1.6    3.   1.6   1.2 0.004  1.67   3.84   0.22   3.9  3.5 0.0792 47  75   -48  39 104.3 1019  -617   402   3.9 0.007438 999999.99 99999.99 99999.99     0.13     0.06     0.04 -1
2013 179 18 2454 51 52  59  37  12.3  12.2 -62.8 315.4   4.0  -3.9 -10.8  -3.6 -10.9   0.1   1.5   0.9   1.1   0.5   14490.   4.5  393.  -4.7   0.1 0.033    1867.   0.3    2.   0.5   0.3 0.002  1.31   4.28   0.18   3.4  3.2 0.1036 43  75   -52  32 104.3 1083  -716   366   3.6 0.007438 999999.99 99999.99 99999.99     0.20     0.08     0.05 -1
2013 179 19 2454 51 52  58  30  12.5  12.4 -62.2 309.9   3.7  -4.4 -11.0  -3.6 -11.3   0.1   1.6   0.7   1.3   0.5   11887.   4.6  392.  -5.8   0.2 0.032    2031.   0.3    4.   0.6   0.4 0.003  1.33   4.43   0.17   3.4  3.1 0.1052 43  75   -59  32 104.3 1115  -721   394   3.9 0.007438 999999.99 99999.99 99999.99     0.17     0.07     0.05 -1
2013 179 20 2454 51 52  58  35  12.2  11.7 -66.9 310.9   3.0  -3.5 -10.8  -2.4 -11.1   0.1   3.3   1.8   2.6   1.0   12545.   5.1  392.  -6.4  -0.4 0.035    6410.   0.5    5.   1.0   0.6 0.006  1.49   4.35   0.20   3.6  3.3 0.0904 43  75   -67  32 104.3 1158  -766   392   4.1 0.007438 999999.99 99999.99 99999.99     0.16     0.06     0.04 -1
2013 179 21 2454 51 52  61  35  11.9  11.8 -60.0 317.6   4.4  -4.0 -10.2  -2.7 -10.6   0.2   1.4   0.7   0.9   0.8   22447.   5.4  389.  -7.2   0.2 0.045    4160.   0.8    7.   1.2   0.8 0.004  1.61   4.12   0.24   3.8  3.5 0.0825 47  75   -77  39 104.3 1131  -752   379   3.8 0.007438 999999.99 99999.99 99999.99     0.19     0.07     0.05 -1
2013 179 22 2454 51 52  59  35  11.6  11.4 -76.1 326.4   2.3  -1.5 -11.1  -0.1 -11.2   0.4   2.0   0.6   1.8   0.7   22020.   9.0  387.  -7.5  -0.4 0.056    4449.   2.0    2.   0.6   0.8 0.012  2.76   4.33   0.42   5.0  4.3 0.0475 47  75   -82  39 104.3 1000  -749   252   4.7 0.007438 999999.99 99999.99 99999.99     0.17     0.08     0.05 -1
2013 179 23 2454 51 52  60  37  12.1  12.0 -83.2  13.0   1.4   0.3 -12.0   1.8 -11.9   0.2   0.5   0.3   0.3   0.1   10819.   7.1  384.  -6.9  -2.4 0.039    1232.   1.3    1.   0.3   0.4 0.006  2.02   4.57   0.28   4.2  3.8 0.0665 47  75   -91  39 104.3  836  -608   228   4.4 0.007438 999999.99 99999.99 99999.99     0.15     0.07     0.05 -1
2013 180  0 2454 51 52  59  35  11.6  11.5 -83.9  46.4   0.8   0.9 -11.5   2.1 -11.3   0.2   1.2   0.6   1.1   0.2   14680.  10.0  383.  -7.2  -2.0 0.049    3546.   1.0    4.   0.5   0.4 0.017  2.93   4.33   0.44   5.2  4.4 0.0436 57  69   -95  67 103.6  850  -623   226   4.6 0.007427 999999.99 99999.99 99999.99     0.22     0.06     0.04 -1
2013 180  1 2454 51 52  60  37  11.5  11.5 -82.0 359.9   1.6   0.0 -11.4   0.9 -11.4   0.2   1.1   0.8   0.8   0.2   15447.   9.3  381.  -6.2  -1.1 0.058    6282.   1.2    4.   0.9   0.8 0.014  2.78   4.34   0.42   5.1  4.3 0.0466 57  69  -100  67 103.6  755  -470   285   3.7 0.007427 999999.99 99999.99 99999.99     0.19     0.06     0.05 -1
2013 180  2 2454 51 52  59  36  11.6  11.3 -81.6  24.2   1.5   0.7 -11.2   1.2 -11.2   0.1   2.5   1.4   2.1   0.4   17862.   7.8  375.  -6.1  -0.5 0.039    3391.   1.4    3.   0.7   1.4 0.005  2.12   4.20   0.35   4.5  4.0 0.0584 57  69  -100  67 103.6  845  -597   247   3.8 0.007427 999999.99 99999.99 99999.99     0.15     0.07     0.05 -1
2013 180  3 2454 51 52  56  34  11.3  10.9 -73.4  73.5   0.9   3.0 -10.4   3.1 -10.4   0.2   2.9   1.9   2.2   0.4   20159.   6.5  363.  -6.0  -1.7 0.044    2667.   1.0    7.   1.8   1.2 0.004  1.68   3.78   0.31   4.1  3.6 0.0709 63  69   -97  94 103.6  862  -582   280   3.9 0.007427 999999.99 99999.99 99999.99     0.23     0.07     0.05 -1
2013 180  4 2454 51 52  62  37  11.2  11.1 -75.6  35.1   2.3   1.6 -10.8   1.2 -10.9   0.2   1.4   0.4   1.4   0.2   23868.   7.1  354.  -7.7  -0.3 0.046    6470.   0.9    5.   0.6   0.9 0.008  1.76   3.86   0.36   4.2  3.7 0.0671 63  69   -98  94 103.6  901  -605   296   3.7 0.007427 999999.99 99999.99 99999.99     0.19     0.07     0.05 -1
2013 180  5 2454 51 52  63  38  11.2  10.5 -78.8  59.5   1.0   1.8 -10.3   0.9 -10.4   0.3   3.8   1.7   3.3   0.8   39281.  10.9  371.  -5.5  -1.1 0.050    6010.   2.0    4.   1.1   0.9 0.010  3.01   3.86   0.61   5.5  4.4 0.0398 63  69  -100  94 103.6  819  -512   307   3.7 0.007427 999999.99 99999.99 99999.99     0.19     0.07     0.04 -1
2013 180  6 2454 51 52  58  36  10.5  10.3 -69.9  80.3   0.6   3.5  -9.6   2.2 -10.0   0.6   2.1   0.7   1.7   1.0   40721.  16.9  373.  -3.0  -2.4 0.031    9155.   2.2    3.   1.2   0.5 0.003  4.41   3.73   1.08   7.3  5.3 0.0223 57  69  -102  67 103.6  791  -494   298   4.2 0.007427 999999.99 99999.99 99999.99     0.16     0.06     0.05 -1
2013 180  7 2454 51 52  64  38  10.9  10.6 -65.1 109.4  -1.5   4.2  -9.6   2.5 -10.2   0.3   2.1   1.6   1.2   0.8   56124.  12.4  379.  -2.9  -3.0 0.028   13817.   1.0   12.   1.5   0.6 0.003  3.31   3.87   0.80   6.1  4.7 0.0317 57  69   -98  67 103.6  747  -433   313   3.8 0.007427 999999.99 99999.99 99999.99     0.18     0.07     0.05 -1
2013 180  8 2454 51 52  58  34  10.8  10.6 -62.6 106.6  -1.4   4.7  -9.4   2.7 -10.2   0.6   2.0   0.9   1.6   0.8   70702.  13.2  391.  -0.2  -2.3 0.029   12719.   1.9   10.   1.9   0.7 0.004  3.76   3.99   0.94   6.6  4.9 0.0275 57  69  -101  67 103.6  680  -353   327   4.2 0.007427 999999.99 99999.99 99999.99     0.14     0.06     0.05 -1
2013 180  9 2454 51 52  60  36  10.2  10.1 -65.6  94.1  -0.3   4.2  -9.2   2.0  -9.9   0.7   1.7   0.8   1.2   0.9   80090.  14.4  401.   1.1  -2.7 0.029    9806.   1.4    2.   0.8   0.5 0.004  4.32   3.97   1.20   7.5  5.2 0.0214 53  69   -92  56 103.6  726  -588   138   3.7 0.007427 999999.99 99999.99 99999.99     0.16     0.07     0.05 -1
2013 180 10 2454 51 52  60  37  11.8  11.7 -64.1 121.9  -2.7   4.3 -10.5   1.7 -11.2   0.5   1.5   0.7   1.2   0.7   56734.  13.2  403.  -0.7  -1.8 0.036   17825.   1.4    3.   0.8   0.8 0.009  4.10   4.51   0.73   6.2  4.9 0.0309 53  69   -97  56 103.6  561  -394   167   3.9 0.007427 999999.99 99999.99 99999.99     0.13     0.07     0.06 -1
2013 180 11 2454 51 52  61  37  11.8  11.6 -44.2 122.6  -4.5   7.0  -8.1   4.8  -9.5   0.9   2.5   1.0   1.6   1.6   59155.  15.4  404.  -1.0  -1.9 0.035   12040.   1.9    3.   0.5   0.5 0.007  4.79   3.84   0.86   6.7  5.1 0.0264 53  69   -78  56 103.6 1317 -1077   240   4.1 0.007427 999999.99 99999.99 99999.99     0.16     0.08     0.06 -1
2013 180 12 2454 51 52  59  32  13.0  12.2 -28.2 116.3  -4.7   9.6  -5.7   8.0  -7.8   0.4   4.4   1.7   2.1   3.5   85121.   9.3  429.   1.8  -0.9 0.039   23750.   3.6   16.   2.4   1.9 0.010  3.30   3.35   0.49   5.0  4.2 0.0470 47  69   -91  39 103.6  694  -492   202   3.8 0.007427 999999.99 99999.99 99999.99     0.13     0.07     0.05 -1
2013 180 13 2454 51 52  59  35  11.6  11.5  13.4 126.8  -6.7   9.0   2.7   9.4   0.8   0.4   1.3   0.6   0.8   0.8  129759.   7.9  432.   5.7  -3.6 0.054   18138.   0.4    4.   0.6   1.1 0.012  2.99  -0.35   0.63   5.2  4.2 0.0434 47  69   -83  39 103.6  294  -149   145   1.1 0.007427 999999.99 99999.99 99999.99     0.14     0.07     0.05 -1
2013 180 14 2454 51 52  61  37  10.3   8.6 -14.7 116.5  -3.7   7.4  -2.2   6.9  -3.5   1.2   5.6   2.7   3.2   3.8  164089.   9.5  438.   5.6  -0.3 0.067   26979.   1.2    8.   0.8   1.9 0.011  3.86   1.53   1.09   6.6  4.7 0.0277 47  69   -74  39 103.6  254   -97   156   0.4 0.007427 999999.99 99999.99 99999.99     0.14     0.07     0.05 -1
2013 180 15 2454 51 52  58  36   9.8   8.4 -13.2 114.1  -3.3   7.5  -1.9   7.2  -2.9   0.9   5.0   1.5   2.3   4.2  185796.   9.3  424.   4.1   0.5 0.085   16129.   0.8    7.   1.1   1.3 0.012  3.74   1.23   1.27   6.6  4.6 0.0273 40  69   -75  27 103.6  466  -245   222   1.9 0.007427 999999.99 99999.99 99999.99     0.12     0.07     0.05 -1
2013 180 16 2454 51 52  61  37   7.4   5.4 -68.3   8.3   2.0   0.3  -5.0  -0.1  -5.0   1.0   5.0   1.8   4.3   1.9  213304.  10.1  426.   4.6   2.2 0.071   19150.   0.7    5.   1.4   0.7 0.013  3.93   2.13   2.62   9.1  5.1 0.0142 40  69   -74  27 103.6  404  -233   171   1.9 0.007427 999999.99 99999.99 99999.99     0.14     0.07     0.05 -1
2013 180 17 2454 51 52  59  36   9.2   7.5  -3.4 117.0  -3.4   6.7  -0.5   6.7  -0.7   1.5   5.3   1.4   3.9   3.4  207092.   8.9  420.   4.6   1.7 0.077   17327.   0.6    4.   1.5   1.7 0.020  3.43   0.29   1.47   6.8  4.5 0.0256 40  69   -75  27 103.6  428  -225   203   1.6 0.007427 999999.99 99999.99 99999.99     0.13     0.08     0.06 -1
2013 180 18 2454 51 52  63  39   8.7   4.1 -22.9 139.7  -2.9   2.5  -1.6   2.5  -1.6   1.3   7.7   3.5   6.4   2.6  221698.   9.5  432.   5.7   1.7 0.063   37323.   0.9   17.   2.5   1.0 0.016  3.71   0.69   1.83   7.7  4.8 0.0203 43  69   -67  32 103.6  234   -95   139   0.2 0.007427 999999.99 99999.99 99999.99     0.15     0.08     0.06 -1
2013 180 19 2454 51 52  61  35   8.7   8.0 -25.8 280.3   1.3  -7.1  -3.5  -6.9  -3.9   1.3   3.4   1.8   2.2   1.8  196887.   9.8  453.   8.0   2.5 0.040   41009.   0.7    5.   0.7   1.1 0.008  3.90   1.77   1.75   8.2  5.1 0.0179 43  69   -67  32 103.6  598  -329   270   2.4 0.007427 999999.99 99999.99 99999.99     0.14     0.07     0.05 -1
2013 180 20 2454 51 52  59  36   7.1   6.1 -23.7 120.8  -2.8   4.8  -2.4   5.0  -1.9   2.7   4.3   2.2   3.3   1.9  257554.   9.5  453.   4.8   3.8 0.049   40088.   1.0   13.   2.3   0.8 0.012  3.89   0.86   3.03   9.8  5.2 0.0123 43  69   -70  32 103.6  750  -363   387   3.6 0.007427 999999.99 99999.99 99999.99     0.12     0.07     0.05 -1
2013 180 21 2454 51 52  59  36   7.7   6.1   0.6 112.2  -2.3   5.6   0.1   5.6   0.7   1.8   4.9   2.3   3.6   2.4  243862.   7.7  444.   3.6   3.7 0.052   55530.   1.1   10.   2.5   1.3 0.012  3.06  -0.31   2.01   8.0  4.8 0.0186 37  69   -62  22 103.6  400  -211   189   3.5 0.007427 999999.99 99999.99 99999.99     0.13     0.07     0.05 -1
2013 180 22 2454 51 52  60  37   7.9   5.7  -4.2 235.9  -3.2  -4.7  -0.4  -4.6  -1.0   2.0   5.6   2.3   3.2   4.0  207134.   8.5  450.   5.3   4.2 0.051   34439.   0.8    9.   1.7   1.5 0.010  3.46   0.45   1.90   8.3  5.1 0.0173 37  69   -49  22 103.6  300  -143   157   1.9 0.007427 999999.99 99999.99 99999.99     0.14     0.07     0.05 -1
2013 180 23 2454 51 52  62  34  10.4   9.5  -1.3 285.4   2.5  -9.2  -0.2  -9.1  -1.3   0.8   4.1   2.8   0.8   2.8  163414.   7.8  462.   8.5   4.4 0.044   25714.   1.1    9.   1.4   1.3 0.006  3.27   0.60   0.88   6.2  4.7 0.0309 37  69   -45  22 103.6  361  -175   186   2.2 0.007427 999999.99 99999.99 99999.99     0.12     0.06     0.05 -1
2013 181  0 2454 51 52  56  31  10.1   7.0 -27.7 254.2  -1.7  -6.0  -3.3  -5.6  -3.9   1.1   7.2   3.8   5.2   3.2  143076.   7.9  457.   4.5   5.5 0.038   23402.   0.9   16.   1.6   1.4 0.008  3.17   1.78   0.87   6.4  4.8 0.0294 33  80   -47  18 106.3  417  -244   172   2.4 0.007370 999999.99 99999.99 99999.99     0.14     0.08     0.06 -1
2013 181  1 2454 51 52  62  37   7.9   5.1   9.0 147.4  -4.2   2.7   0.8   2.6   1.0   1.3   6.1   1.3   5.7   1.9  158733.   6.4  457.   2.8   3.9 0.045   40166.   0.7   10.   2.4   1.4 0.014  2.63  -0.46   1.22   7.3  5.1 0.0222 33  80   -51  18 106.3  235  -121   114   1.0 0.007370 999999.99 99999.99 99999.99     0.14     0.07     0.05 -1
2013 181  2 2454 51 52  64  37   5.9   3.7   6.9 157.4  -3.4   1.4   0.4   1.4   0.5   0.5   4.5   1.9   3.6   2.1  138811.   4.2  477.   1.2   2.2 0.049   31118.   0.7   15.   2.1   1.9 0.009  1.91  -0.24   1.34   8.3  5.6 0.0173 33  80   -45  18 106.3  286  -123   163   0.9 0.007370 999999.99 99999.99 99999.99     0.14     0.07     0.05 -1
2013 181  3 2454 51 52  57  29   5.6   4.8 -17.6 107.4  -1.4   4.4  -1.5   4.4  -1.5   0.3   2.7   0.8   1.1   2.3  104920.   3.4  496.  -0.2   2.4 0.047   11852.   0.3    9.   1.4   1.8 0.006  1.66   0.74   1.05   8.2  5.9 0.0178 20  80   -41   7 106.3  294  -154   139   1.2 0.007370 999999.99 99999.99 99999.99     0.12     0.07     0.05 -1
2013 181  4 2454 51 52  61  34   5.2   4.4   0.5 104.7  -1.1   4.2   0.0   4.2  -0.2   0.1   2.6   0.8   1.1   2.3  103444.   3.4  504.  -0.6   0.8 0.046   12628.   0.2    9.   1.1   2.5 0.004  1.71   0.10   1.21   8.9  6.2 0.0149 20  80   -43   7 106.3  332  -203   129   1.8 0.007370 999999.99 99999.99 99999.99     0.14     0.08     0.06 -1
2013 181  5 2454 51 52  61  32   4.8   4.0  42.4  80.6   0.5   2.9   2.7   3.1   2.4   0.2   2.4   1.8   1.2   1.1   93604.   3.4  520.  -0.0  -2.2 0.047    8058.   0.2   16.   1.1   1.1 0.004  1.82  -1.25   1.36  10.0  6.8 0.0119 20  80   -39   7 106.3  135   -68    67   1.3 0.007370 999999.99 99999.99 99999.99     0.13     0.07     0.05 -1
2013 181  6 2454 51 52  56  30   4.5   3.4  13.2 113.8  -1.3   3.1   0.8   3.2   0.4   0.2   2.8   1.2   0.9   2.4   94108.   3.4  507.   0.1  -0.0 0.048    7980.   0.3    9.   0.7   2.4 0.006  1.74  -0.20   1.55  10.4  6.8 0.0110 10  80   -36   4 106.3   75   -15    60   0.8 0.007370 999999.99 99999.99 99999.99     0.13     0.07     0.05 -1
2013 181  7 2454 51 52  59  34   4.3   3.4  35.2 237.7  -1.5  -2.4   2.0  -2.0   2.4   0.2   2.5   0.9   2.1   1.0   91372.   3.4  505.   4.8  -1.3 0.048    9916.   0.2    8.   1.4   1.1 0.005  1.73  -1.21   1.68  10.8  6.9 0.0101 10  80   -35   4 106.3   66   -35    31  -0.4 0.007370 999999.99 99999.99 99999.99     0.13     0.07     0.05 -1
2013 181  8 2454 51 52  58  35   4.7   4.0  40.5 223.5  -2.2  -2.1   2.6  -1.5   3.0   0.1   2.2   1.0   1.6   1.1   84730.   3.5  499.   4.5  -2.1 0.046    8999.   0.2    9.   1.5   1.0 0.003  1.72  -1.50   1.40   9.9  6.7 0.0121 10  80   -34   4 106.3   71   -38    33  -1.6 0.007370 999999.99 99999.99 99999.99     0.14     0.07     0.05 -1
2013 181  9 2454 51 52  58  35   4.6   4.0  19.3 153.8  -3.4   1.7   1.3   2.0   0.9   0.1   2.0   0.5   0.9   1.7   86930.   3.3  485.   1.0  -1.2 0.049    8794.   0.1    4.   1.1   1.7 0.003  1.55  -0.44   1.40   9.6  6.4 0.0130 27  80   -35  12 106.3   67   -36    30  -1.0 0.007370 999999.99 99999.99 99999.99     0.14     0.07     0.05 -1
2013 181 10 2454 51 52  61  37   4.1   2.3  -0.9 166.0  -2.2   0.6   0.0   0.6  -0.1   0.1   3.3   1.0   1.9   2.5   90227.   3.3  492.   2.0  -0.2 0.049    8817.   0.2    9.   1.6   2.2 0.004  1.60   0.05   1.79  10.9  6.8 0.0100 27  80   -34  12 106.3  121   -55    66   0.7 0.007370 999999.99 99999.99 99999.99     0.13     0.07     0.06 -1
2013 181 11 2454 51 52  61  35   5.4   3.5  -2.7 193.2  -3.4  -0.8  -0.2  -0.8   0.0   1.0   3.9   1.9   2.8   2.0  123508.   4.6  507.   2.8   1.9 0.057   25612.   1.0   17.   2.2   2.0 0.006  2.42  -0.00   1.65  10.1  6.5 0.0117 27  80   -32  12 106.3  192  -100    92  -0.3 0.007370 999999.99 99999.99 99999.99     0.13     0.07     0.05 -1
2013 181 12 2454 51 52  60  37   5.4   2.6  -0.2 214.5  -2.2  -1.5   0.0  -1.5   0.4   0.6   4.5   2.4   2.9   2.5  153764.   5.3  521.   3.2   2.5 0.055   25909.   0.5   20.   2.3   2.4 0.006  2.93  -0.21   2.13  11.1  6.6 0.0096 27  80   -34  12 106.3  291  -171   120   0.9 0.007370 999999.99 99999.99 99999.99     0.13     0.07     0.05 -1
2013 181 13 2454 51 52  62  37   5.6   4.4   1.6 125.4  -2.6   3.6   0.1   3.5  -0.7   0.5   3.4   1.9   2.0   1.9  146292.   4.7  519.   0.0   1.1 0.059   19717.   0.4   13.   1.6   1.7 0.008  2.61   0.36   1.71  10.0  6.4 0.0118 27  80   -32  12 106.3  320  -169   151   1.0 0.007370 999999.99 99999.99 99999.99     0.14     0.07     0.05 -1
2013 181 14 2454 51 52  59  35   6.4   6.1  11.2 116.4  -2.6   5.3   1.2   5.4   0.2   0.4   2.1   1.2   0.9   1.4  132740.   3.8  525.  -1.0  -1.3 0.041   20619.   0.2    6.   0.8   1.3 0.005  2.04  -0.10   1.01   8.0  5.8 0.0186 27  80   -31  12 106.3  233  -167    66   0.9 0.007370 999999.99 99999.99 99999.99     0.11     0.06     0.04 -1
2013 181 15 2454 51 52  61  38   5.3   5.0 -18.9 165.3  -4.6   1.2  -1.6   1.0  -1.8   0.3   1.6   0.3   1.5   0.7  201523.   3.2  529.   3.7   0.1 0.059   20981.   0.2    7.   1.6   1.4 0.010  1.85   0.95   1.56   8.9  5.8 0.0149 23  80   -32   9 106.3  217  -137    81   0.9 0.007370 999999.99 99999.99 99999.99     0.13     0.07     0.05 -1
2013 181 16 2454 51 52  62  37   4.6   3.7 -22.4 147.6  -2.9   1.8  -1.4   1.7  -1.6   0.5   2.6   1.3   2.1   0.9  234652.   3.1  543.   3.7  -0.2 0.058   27642.   0.1    9.   1.6   0.9 0.004  1.88   0.87   2.21  10.4  6.1 0.0110 23  80   -33   9 106.3  308  -168   140   2.1 0.007370 999999.99 99999.99 99999.99     0.12     0.08     0.06 -1
2013 181 17 2454 51 52  59  37   4.5   3.6 -19.1 121.2  -1.8   2.9  -1.2   2.9  -1.3   0.4   2.5   1.4   1.5   1.5  220487.   3.0  560.   2.5  -0.6 0.055   24524.   0.2   12.   1.2   1.4 0.006  1.92   0.73   2.15  10.8  6.4 0.0102 23  80   -33   9 106.3  262  -135   128   1.3 0.007370 999999.99 99999.99 99999.99     0.13     0.08     0.05 -1
2013 181 18 2454 51 52  60  36   5.1   4.6 -19.1 137.4  -3.2   2.9  -1.5   2.9  -1.5   0.3   2.1   1.2   1.6   0.7  190666.   2.7  550.   2.4  -0.3 0.059   37159.   0.2   12.   1.8   0.8 0.009  1.69   0.82   1.38   8.9  6.0 0.0152 23  80   -35   9 106.3  331  -184   147   1.2 0.007370 999999.99 99999.99 99999.99     0.13     0.08     0.06 -1
2013 181 19 2454 51 52  59  36   5.1   4.5 -28.1 144.4  -3.2   2.3  -2.1   2.4  -2.0   0.2   2.4   1.7   1.5   0.9  175155.   2.5  547.   2.6   0.3 0.055   18850.   0.2   15.   1.4   0.8 0.007  1.52   1.09   1.21   8.5  5.9 0.0165 23  80   -35   9 106.3  327  -186   141   2.1 0.007370 999999.99 99999.99 99999.99     0.14     0.07     0.05 -1
2013 181 20 2454 51 52  60  37   4.9   4.5 -15.3 169.3  -4.3   0.8  -1.2   0.9  -1.1   0.1   1.8   0.5   1.6   0.7  156874.   2.3  533.   3.6  -0.9 0.048   19292.   0.1    5.   1.8   0.9 0.005  1.30   0.59   1.14   8.2  5.9 0.0175 23  80   -39   9 106.3  210  -118    92   1.5 0.007370 999999.99 99999.99 99999.99     0.12     0.07     0.05 -1
2013 181 21 2454 51 52  60  35   5.0   4.7 -21.8 138.9  -3.3   2.9  -1.8   3.1  -1.5   0.1   1.6   0.7   1.2   0.7  111480.   1.9  525.   1.4  -0.1 0.044   11876.   0.1    7.   1.4   1.0 0.004  1.03   0.79   0.76   7.2  5.6 0.0227 27  80   -41  12 106.3  197  -117    80   1.7 0.007370 999999.99 99999.99 99999.99     0.12     0.06     0.05 -1
2013 181 22 2454 51 52  61  37   5.0   4.8 -31.9 125.4  -2.4   3.3  -2.5   3.6  -2.1   0.0   1.4   0.6   0.9   0.8   92944.   1.9  541.   0.6   0.1 0.043    6979.   0.1    7.   0.9   0.9 0.003  1.09   1.14   0.70   7.5  5.9 0.0214 27  80   -42  12 106.3  282  -170   111   1.9 0.007370 999999.99 99999.99 99999.99     0.12     0.07     0.05 -1
2013 181 23 2454 51 52  59  36   4.9   4.8 -35.4 128.6  -2.4   3.1  -2.8   3.4  -2.4   0.1   0.9   0.2   0.5   0.7   93035.   1.9  536.   0.4   0.7 0.041    9331.   0.1    6.   1.0   1.2 0.003  1.06   1.29   0.73   7.5  5.9 0.0209 27  80   -41  12 106.3  434  -235   199   2.7 0.007370 999999.99 99999.99 99999.99     0.12     0.07     0.05 -1
2013 182  0 2454 51 52  61  37   4.2   3.4 -24.7 122.7  -1.7   2.6  -1.4   2.7  -1.2   0.4   2.4   1.1   1.2   1.8  106304.   2.0  538.   0.5  -1.0 0.044   20620.   0.3   18.   1.4   3.6 0.009  1.14   0.65   1.11   9.1  6.5 0.0145 30  77   -39  15 111.4  580  -374   207   3.7 0.007345 999999.99 99999.99 99999.99     0.12     0.07     0.04 -1
2013 182  1 2454 51 52  59  36   4.0   3.8 -14.9 116.9  -1.7   3.3  -1.0   3.4  -0.8   0.2   1.1   0.5   0.5   0.8  109093.   2.1  538.   0.2  -3.3 0.045   18646.   0.2    8.   0.9   1.1 0.007  1.20   0.43   1.30   9.7  6.7 0.0125 30  77   -39  15 111.4  242  -120   122   1.8 0.007345 999999.99 99999.99 99999.99     0.11     0.06     0.05 -1
2013 182  2 2454 51 52  61  37   3.9   3.2 -12.1 110.0  -1.1   3.0  -0.7   3.0  -0.6   0.9   2.4   1.3   1.8   0.9   94162.   1.6  529.  -1.2  -2.1 0.029   49190.   0.2    9.   2.1   1.2 0.003  0.83   0.32   0.97   8.6  6.3 0.0162 30  77   -40  15 111.4  129   -42    87   1.2 0.007345 999999.99 99999.99 99999.99     0.12     0.06     0.05 -1
2013 182  3 2454 51 52  60  37   3.0   2.2 -68.9   0.2   0.8   0.0  -2.1   0.0  -2.1   0.6   2.0   1.0   1.3   1.1  130647.   1.9  538.   2.6   1.9 0.034   31406.   0.2   13.   1.6   1.5 0.006  1.04   1.13   2.27  12.4  7.2 0.0078 23  77   -36   9 111.4  331  -208   123   1.0 0.007345 999999.99 99999.99 99999.99     0.13     0.08     0.05 -1
2013 182  4 2454 51 52  60  35   3.9   3.0 -46.1 351.9   2.0  -0.3  -2.1  -0.4  -2.1   0.1   2.5   1.5   1.4   1.4   98462.   1.8  549.   3.0   2.2 0.038   15203.   0.2   17.   2.0   2.2 0.004  1.04   1.15   1.12   9.4  6.7 0.0133 23  77   -35   9 111.4  113   -67    46   0.2 0.007345 999999.99 99999.99 99999.99     0.12     0.07     0.05 -1
2013 182  5 2454 51 52  57  35   3.6   2.1  -8.0  81.2   0.3   2.1  -0.3   2.1  -0.5   0.3   2.8   1.2   0.7   2.4  104602.   2.0  518.   0.8  -0.1 0.046   21309.   0.3   19.   1.1   3.0 0.010  1.06   0.26   1.50  10.2  6.7 0.0115 23  77   -35   9 111.4  276  -115   161   1.3 0.007345 999999.99 99999.99 99999.99     0.12     0.07     0.05 -1
2013 182  6 2454 51 52  60  34   3.9   3.5 -12.4  78.7   0.7   3.4  -0.8   3.3  -1.3   0.1   1.6   0.6   0.5   1.3   75041.   2.3  514.  -0.5  -0.4 0.047   10920.   0.2    7.   0.9   1.6 0.006  1.21   0.67   1.28  10.0  6.9 0.0119 23  77   -35   9 111.4  193   -85   109   1.0 0.007345 999999.99 99999.99 99999.99     0.13     0.07     0.06 -1
2013 182  7 2454 51 52  60  36   3.8   2.8 -33.0 101.4  -0.5   2.3  -1.5   2.0  -1.9   0.1   2.4   2.0   0.9   1.2   71386.   2.2  499.   0.7  -0.1 0.051   11843.   0.2   19.   1.4   1.6 0.007  1.10   0.95   1.27   9.7  6.7 0.0125 23  77   -33   9 111.4  323  -210   113   2.3 0.007345 999999.99 99999.99 99999.99     0.13     0.07     0.05 -1
2013 182  8 2454 51 52  60  37   3.6   3.0 -32.0  81.7   0.4   2.5  -1.6   2.1  -2.1   0.2   2.0   1.5   0.7   1.1   73213.   2.3  501.   0.1  -0.4 0.053   12063.   0.2   14.   0.7   1.5 0.005  1.17   1.05   1.49  10.6  7.0 0.0107 23  77   -31   9 111.4  438  -303   135   3.3 0.007345 999999.99 99999.99 99999.99     0.11     0.06     0.04 -1
2013 182  9 2454 51 52  58  35   3.6   3.3 -14.7  90.0   0.0   3.2  -0.8   2.9  -1.5   0.1   1.4   0.9   0.3   1.0   71918.   2.4  490.  -1.3  -1.7 0.051    6744.   0.2   10.   0.4   1.3 0.003  1.16   0.73   1.54  10.5  6.9 0.0107 13  77   -31   5 111.4  378  -237   140   3.8 0.007345 999999.99 99999.99 99999.99     0.12     0.06     0.05 -1
2013 182 10 2454 51 52  62  37   3.6   3.5  -5.3  73.1   1.0   3.3  -0.3   3.1  -1.1   0.1   1.0   0.8   0.3   0.6   58231.   2.1  498.  -1.7  -1.9 0.038   13763.   0.2   10.   0.2   0.9 0.006  1.00   0.55   1.26  10.0  6.9 0.0118 13  77   -31   5 111.4  291  -195    96   3.0 0.007345 999999.99 99999.99 99999.99     0.12     0.07     0.05 -1
2013 182 11 2454 51 52  58  35   3.7   3.5 -16.0  50.3   2.1   2.6  -1.0   2.3  -1.6   0.2   1.2   0.8   0.7   0.5   56374.   1.9  509.  -1.3  -0.5 0.032   10266.   0.2   11.   1.2   0.8 0.003  0.93   0.81   1.07   9.5  6.8 0.0132 13  77   -30   5 111.4  240  -154    86   2.7 0.007345 999999.99 99999.99 99999.99     0.12     0.07     0.05 -1
2013 182 12 2454 51 52  57  34   3.2   2.6   9.6 109.9  -0.9   2.4   0.4   2.4  -0.2   0.2   1.8   1.6   0.7   0.6   82201.   2.0  475.  -0.9  -2.2 0.036   12430.   0.2   14.   0.9   0.7 0.004  0.86   0.10   1.71  10.5  6.7 0.0108 10  77   -30   4 111.4  168  -118    50   1.8 0.007345 999999.99 99999.99 99999.99     0.13     0.07     0.05 -1
2013 182 13 2454 51 52  60  37   3.5   3.4  12.8 150.7  -2.8   1.6   0.7   1.7   0.3   0.0   0.9   0.5   0.7   0.3   78085.   1.5  476.  -0.4  -1.5 0.033   14863.   0.3    8.   0.8   0.6 0.003  0.64  -0.14   1.05   8.3  6.0 0.0171 10  77   -32   4 111.4   80   -45    35  -0.1 0.007345 999999.99 99999.99 99999.99     0.11     0.06     0.05 -1
2013 182 14 2454 51 52  61  38   3.5   3.1  21.4 129.2  -1.8   2.2   1.1   2.4   0.7   0.1   1.5   0.6   0.8   1.1   80064.   1.7  480.  -0.7  -1.7 0.035   13167.   0.1    6.   0.8   1.9 0.005  0.75  -0.34   1.20   8.9  6.3 0.0149 10  77   -30   4 111.4   64   -29    35   0.1 0.007345 999999.99 99999.99 99999.99     0.12     0.07     0.05 -1
2013 182 15 2454 51 52  60  36   3.5   3.3  17.6 109.5  -1.1   3.0   1.0   3.1   0.6   0.1   1.1   0.6   0.6   0.8   77106.   1.7  486.  -1.7  -1.1 0.034    8905.   0.1    6.   0.6   0.7 0.004  0.76  -0.29   1.19   9.1  6.4 0.0145  3  77   -30   2 111.4   52   -28    24  -1.0 0.007345 999999.99 99999.99 99999.99     0.11     0.06     0.05 -1
2013 182 16 2454 51 52  58  35   3.6   3.4  31.5 137.2  -2.1   2.0   1.8   2.2   1.6   0.1   1.1   0.4   0.8   0.6   55733.   1.7  467.  -1.5  -2.6 0.034    4839.   0.1    6.   1.2   0.9 0.004  0.70  -0.75   1.00   8.5  6.2 0.0166  3  77   -30   2 111.4   35   -18    16  -1.5 0.007345 999999.99 99999.99 99999.99     0.12     0.06     0.05 -1
2013 182 17 2454 51 52  62  38   3.3   3.0  28.6 102.9  -0.6   2.6   1.4   2.7   1.3   0.1   1.3   0.9   0.5   0.7   55924.   2.1  473.  -1.6  -2.1 0.041    6333.   0.2    7.   0.7   0.8 0.007  0.91  -0.61   1.48  10.4  6.9 0.0110  3  77   -30   2 111.4   43   -21    22  -2.1 0.007345 999999.99 99999.99 99999.99     0.13     0.07     0.05 -1
2013 182 18 2454 51 52  59  36   3.2   2.8   1.2  74.7   0.8   2.7   0.1   2.7   0.1   0.1   1.4   0.9   0.6   1.0   58446.   2.3  479.  -1.0  -1.0 0.054    5774.   0.3    8.   0.5   1.2 0.004  1.07  -0.05   1.75  11.4  7.2 0.0092 10  77   -27   4 111.4   76   -41    35  -1.4 0.007345 999999.99 99999.99 99999.99     0.14     0.08     0.06 -1
2013 182 19 2454 51 52  57  35   3.5   3.0  38.9 109.5  -0.8   2.2   1.9   2.1   2.0   0.1   1.7   1.0   0.9   1.0   56004.   2.7  464.  -0.8  -3.1 0.046    4391.   0.1    8.   0.8   1.0 0.004  1.15  -0.93   1.69  10.9  6.9 0.0100 10  77   -25   4 111.4   55   -19    36  -1.3 0.007345 999999.99 99999.99 99999.99     0.12     0.07     0.05 -1
2013 182 20 2454 51 52  60  36   3.3   3.0  41.5  99.2  -0.4   2.2   2.0   2.0   2.2   0.1   1.4   0.7   0.9   0.7   52279.   2.5  465.  -1.2  -2.9 0.046    5841.   0.2    7.   1.1   1.0 0.004  1.07  -1.02   1.73  11.1  7.1 0.0096 10  77   -24   4 111.4   49   -22    27  -1.2 0.007345 999999.99 99999.99 99999.99     0.11     0.07     0.05 -1
2013 182 21 2454 51 52  62  38   3.0   2.5  42.7 119.0  -0.9   1.6   1.7   1.4   1.9   0.2   1.6   1.0   0.7   1.0   67482.   2.5  461.  -0.4  -2.7 0.047    8589.   0.1   10.   1.0   1.3 0.004  1.05  -0.88   2.26  12.1  7.1 0.0081  3  77   -22   2 111.4   34   -17    18  -0.8 0.007345 999999.99 99999.99 99999.99     0.14     0.08     0.06 -1
2013 182 22 2454 51 52  57  32   3.2   2.5  40.6 148.3  -1.6   1.0   1.6   0.8   1.7   0.1   1.9   1.7   0.7   0.5   59289.   2.2  454.  -0.4  -2.9 0.050    4371.   0.2   17.   1.0   0.7 0.005  0.91  -0.77   1.68  10.5  6.7 0.0107  3  77   -19   2 111.4   33   -22    12  -0.5 0.007345 999999.99 99999.99 99999.99     0.12     0.07     0.05 -1
2013 182 23 2454 51 52  58  36   3.3   3.2  27.5 165.2  -2.7   0.7   1.5   0.5   1.6   0.0   0.7   0.3   0.6   0.3   56803.   2.1  438.  -0.6  -3.2 0.046    4759.   0.1    5.   0.9   0.6 0.003  0.80  -0.70   1.49   9.6  6.4 0.0129  3  77   -16   2 111.4   44   -28    16  -0.7 0.007345 999999.99 99999.99 99999.99     0.13     0.07     0.05 -1
2013 183  0 2454 51 52  61  36   3.2   3.2  17.6 178.2  -3.0   0.1   1.0   0.0   1.0   0.1   0.6   0.2   0.4   0.3   60636.   2.0  433.   0.4  -2.3 0.044    8493.   0.1    4.   0.8   0.8 0.003  0.74  -0.43   1.54   9.6  6.3 0.0130  3 112   -16   2 118.1   47   -30    17  -0.9 0.007355 999999.99 99999.99 99999.99     0.13     0.07     0.05 -1
2013 183  1 2454 51 52  61  37   2.6   1.8  25.8 117.8  -0.8   1.5   0.8   1.4   0.9   0.4   1.8   1.1   1.2   0.8   68946.   2.5  458.  -1.2  -1.3 0.041   13879.   0.1   10.   1.2   1.0 0.005  1.02  -0.41   3.04  13.9  7.3 0.0061  3 112   -17   2 118.1   52   -32    20  -0.8 0.007355 999999.99 99999.99 99999.99     0.13     0.07     0.05 -1
2013 183  2 2454 51 52  58  33   3.0   2.9   8.4 122.1  -1.5   2.4   0.4   2.4   0.5   0.2   1.0   0.7   0.3   0.6   54049.   2.4  442.  -2.6  -1.3 0.041    8096.   0.1    8.   0.3   0.6 0.007  0.91  -0.22   2.02  11.4  6.9 0.0091  3 112   -19   2 118.1   48   -30    18  -0.5 0.007355 999999.99 99999.99 99999.99     0.12     0.07     0.05 -1
2013 183  3 2454 51 52  58  34   3.3   3.1  53.1  62.9   0.8   1.7   2.5   1.7   2.5   0.1   0.9   0.6   0.6   0.4   40989.   2.3  453.  -1.4  -3.2 0.046    6152.   0.2    8.   1.0   0.5 0.004  0.93  -1.13   1.49  10.4  6.9 0.0110  7 112   -19   3 118.1   42   -26    16  -0.9 0.007355 999999.99 99999.99 99999.99     0.12     0.07     0.05 -1
2013 183  4 2454 51 52  60  36   3.2   3.0  16.5  57.5   1.5   2.4   0.9   2.4   0.8   0.1   1.1   0.7   0.4   0.7   42808.   2.4  457.  -2.6  -1.5 0.049    4063.   0.1    8.   0.6   1.1 0.004  1.00  -0.37   1.67  11.1  7.1 0.0097  7 112   -19   3 118.1   54   -26    27  -0.8 0.007355 999999.99 99999.99 99999.99     0.12     0.07     0.05 -1
2013 183  5 2454 51 52  58  30   2.8   2.0  21.3  47.7   1.3   1.4   0.7   1.5   0.5   0.4   2.0   0.9   1.0   1.5   60029.   2.7  452.  -1.0  -1.6 0.050   12999.   0.3   11.   1.3   1.6 0.005  1.11  -0.23   2.70  13.3  7.3 0.0068  7 112   -18   3 118.1   60   -23    36  -0.4 0.007355 999999.99 99999.99 99999.99     0.13     0.07     0.05 -1
2013 183  6 2454 51 52  58  36   2.9   2.8   3.1  47.8   1.9   2.1   0.2   2.1  -0.1   0.2   0.7   0.4   0.3   0.5   58467.   2.7  460.  -2.4  -0.9 0.051    6795.   0.1    5.   0.5   0.7 0.002  1.15   0.05   2.50  13.0  7.3 0.0070  7 112   -16   3 118.1  122   -37    85  -0.1 0.007355 999999.99 99999.99 99999.99     0.13     0.07     0.05 -1
2013 183  7 2454 51 52  57  35   2.7   1.8 -14.7  85.0   0.2   1.7  -0.5   1.6  -0.8   0.3   2.0   1.0   1.1   1.3   71100.   2.8  435.  -1.3  -0.0 0.049   11955.   0.2    8.   1.3   1.5 0.005  1.06   0.35   3.19  13.5  7.0 0.0065  7 112   -16   3 118.1  104   -49    55   0.2 0.007355 999999.99 99999.99 99999.99     0.12     0.08     0.06 -1
2013 183  8 2454 51 52  60  36   3.1   2.1   8.6 107.4  -0.6   2.0   0.3   2.0  -0.1   0.2   2.2   1.4   1.0   1.3   63583.   2.7  426.  -1.7  -2.0 0.052    8290.   0.2   12.   1.4   1.9 0.005  0.99   0.04   2.24  11.3  6.6 0.0093  7 112   -17   3 118.1  166   -70    96   1.0 0.007355 999999.99 99999.99 99999.99     0.12     0.07     0.05 -1
2013 183  9 2454 51 52  62  38   3.4   3.2   5.1  70.1   1.1   3.0   0.3   3.0  -0.4   0.1   1.0   0.7   0.3   0.6   49652.   2.3  444.  -2.1  -1.3 0.034    7494.   0.1    6.   1.0   0.8 0.004  0.86   0.18   1.47   9.9  6.6 0.0121  7 112   -19   3 118.1   90   -56    34   0.6 0.007355 999999.99 99999.99 99999.99     0.12     0.06     0.05 -1
2013 183 10 2454 51 52  59  36   3.2   3.1   8.7  91.5  -0.1   3.1   0.5   3.1  -0.3   0.1   0.8   0.6   0.1   0.4   62758.   2.3  434.  -1.8  -1.6 0.039    7088.   0.2    5.   0.5   0.6 0.005  0.84   0.13   1.79  10.3  6.4 0.0112  7 112   -20   3 118.1  141  -105    36   1.6 0.007355 999999.99 99999.99 99999.99     0.11     0.07     0.05 -1
2013 183 11 2454 51 52  58  35   3.0   2.4  32.6 151.1  -1.8   1.0   1.3   1.3   1.0   0.1   1.7   0.6   1.6   0.3   66265.   2.3  421.   0.6  -2.5 0.047    9796.   0.1    7.   1.7   0.5 0.006  0.81  -0.42   2.07  10.6  6.4 0.0105  7 112   -20   3 118.1  100   -64    36   0.8 0.007355 999999.99 99999.99 99999.99     0.12     0.07     0.06 -1
2013 183 12 2454 51 52  59  36   2.9   2.5   2.7 141.6  -2.0   1.6   0.1   1.6  -0.3   0.1   1.4   0.5   0.9   0.9   68826.   2.3  414.   0.5  -0.8 0.052    7393.   0.1    5.   1.3   1.1 0.004  0.80   0.12   2.24  10.8  6.3 0.0101  7 112   -21   3 118.1   59   -31    28  -0.1 0.007355 999999.99 99999.99 99999.99     0.14     0.08     0.05 -1
2013 183 13 2454 51 52  59  36   2.9   2.6  34.9 144.2  -1.7   1.2   1.5   1.5   1.2   0.2   1.2   0.6   0.7   0.8   67210.   2.2  417.   0.2  -2.0 0.052    7182.   0.1    5.   0.7   1.0 0.005  0.77  -0.50   2.13  10.7  6.3 0.0105  7 112   -20   3 118.1   44   -21    23  -0.2 0.007355 999999.99 99999.99 99999.99     0.14     0.08     0.06 -1
2013 183 14 2454 51 52  62  38   3.0   2.7  -2.9 137.5  -2.0   1.8  -0.1   1.7  -0.5   0.3   1.3   0.9   0.6   0.8   64178.   2.2  414.  -1.5  -0.6 0.050    8673.   0.2    9.   0.7   1.0 0.006  0.76   0.21   1.96  10.2  6.2 0.0114  7 112   -19   3 118.1   47   -24    24  -0.6 0.007355 999999.99 99999.99 99999.99     0.13     0.08     0.06 -1
2013 183 15 2454 51 52  59  35   2.5   2.1 -36.5 138.3  -1.2   1.1  -1.2   0.9  -1.4   0.3   1.3   0.8   0.7   0.7   74246.   2.3  416.  -0.9  -0.1 0.051    6900.   0.1    7.   0.7   1.1 0.005  0.80   0.58   3.10  12.6  6.6 0.0075 13 112   -19   5 118.1   58   -22    36   0.8 0.007355 999999.99 99999.99 99999.99     0.13     0.07     0.06 -1
2013 183 16 2454 51 52  62  36   2.9   2.3  11.7 188.5  -2.2  -0.3   0.5  -0.2   0.5   0.2   1.8   0.4   1.3   1.2   65674.   2.0  415.   0.4  -1.7 0.051    9425.   0.2    8.   2.0   1.5 0.004  0.69  -0.21   1.92  10.1  6.2 0.0116 13 112   -19   5 118.1  150  -118    32   1.3 0.007355 999999.99 99999.99 99999.99     0.14     0.08     0.06 -1
2013 183 17 2454 51 52  61  37   3.2   2.0  30.0 148.9  -1.5   0.9   1.0   1.0   1.0   0.1   2.5   1.2   1.7   1.4   56109.   2.1  423.   0.0  -2.3 0.050    7546.   0.2    9.   2.0   1.4 0.008  0.75  -0.42   1.57   9.6  6.2 0.0130 13 112   -17   5 118.1  134   -94    40   0.4 0.007355 999999.99 99999.99 99999.99     0.11     0.07     0.06 -1
2013 183 18 2454 51 52  58  35   3.3   3.0   2.1  91.1  -0.1   3.0   0.1   3.0   0.1   0.1   1.2   0.6   0.4   1.0   54387.   2.2  428.  -1.9  -1.3 0.040    5381.   0.2    7.   0.4   1.3 0.003  0.78  -0.04   1.54   9.6  6.3 0.0129 10 112   -12   4 118.1   83   -29    54  -0.4 0.007355 999999.99 99999.99 99999.99     0.13     0.07     0.05 -1
2013 183 19 2454 51 52  56  33   2.9   2.6  19.6 120.0  -1.2   2.1   0.9   2.1   1.0   0.1   1.0   0.5   0.5   0.6   65181.   2.2  418.  -1.1  -2.2 0.050    8152.   0.2    5.   0.9   1.0 0.006  0.77  -0.42   2.11  10.7  6.4 0.0104 10 112   -12   4 118.1   50   -15    35  -1.4 0.007355 999999.99 99999.99 99999.99     0.12     0.07     0.05 -1
2013 183 20 2454 51 52  56  32   2.9   2.6  15.6 101.6  -0.5   2.5   0.7   2.4   0.9   0.1   1.2   0.9   0.4   0.6   62669.   2.1  424.  -2.0  -2.1 0.049    8358.   0.1   10.   0.5   1.1 0.004  0.75  -0.38   1.98  10.6  6.4 0.0106 10 112   -11   4 118.1   41   -15    26  -1.2 0.007355 999999.99 99999.99 99999.99     0.13     0.07     0.05 -1
2013 183 21 2454 51 52  59  36   3.0   2.7 -24.7 145.8  -2.1   1.4  -1.2   1.5  -1.1   0.1   1.2   0.7   0.7   0.8   53423.   2.0  403.  -0.5   1.0 0.048    6577.   0.3    7.   0.9   1.3 0.007  0.65   0.44   1.68   9.5  6.1 0.0132 10 112   -10   4 118.1   67   -32    35  -0.4 0.007355 999999.99 99999.99 99999.99     0.12     0.07     0.05 -1
2013 183 22 2454 51 52  58  33   3.1   3.0  14.9 133.6  -2.0   2.1   0.8   2.0   1.0   0.2   0.8   0.3   0.2   0.7   50243.   2.3  400.  -2.2  -2.0 0.041    5582.   0.2    3.   0.4   0.8 0.003  0.72  -0.40   1.78   9.8  6.1 0.0124 10 112   -10   4 118.1   49   -29    21  -0.3 0.007355 999999.99 99999.99 99999.99     0.14     0.07     0.05 -1
2013 183 23 2454 51 52  56  34   2.8   2.5  22.9 127.0  -1.4   1.9   1.0   1.8   1.2   0.2   1.2   0.6   0.5   1.0   54296.   2.3  399.  -1.3  -2.1 0.043    5899.   0.2    6.   0.7   1.5 0.006  0.72  -0.48   2.23  10.8  6.3 0.0102 10 112    -7   4 118.1   53   -27    26  -0.4 0.007355 999999.99 99999.99 99999.99     0.15     0.08     0.05 -1
2013 184  0 2454 51 52  59  32   2.9   2.0  -5.5 191.9  -2.0  -0.4  -0.2  -0.4  -0.2   0.1   1.9   0.7   1.0   1.5   54000.   2.5  391.   1.1  -0.7 0.051    5598.   0.2    7.   1.3   2.2 0.005  0.77   0.08   2.26  10.7  6.2 0.0105 10 109    -9   4 128.7   89   -34    55   0.2 0.007377 999999.99 99999.99 99999.99     0.13     0.07     0.05 -1
2013 184  1 2454 51 52  58  35   2.9   2.2   5.2 186.2  -2.2  -0.2   0.2  -0.2   0.2   0.1   1.8   0.4   1.5   1.0   55064.   2.5  387.   0.7  -0.9 0.053    7982.   0.2    5.   1.8   1.3 0.005  0.76  -0.08   2.27  10.6  6.1 0.0107 10 109   -13   4 128.7   78   -38    40  -0.4 0.007377 999999.99 99999.99 99999.99     0.14     0.08     0.06 -1
2013 184  2 2454 51 52  61  37   2.7   2.2  -1.9 157.1  -2.1   0.9  -0.1   0.9  -0.1   0.3   1.5   0.6   1.1   0.9   58348.   2.5  384.  -0.7  -0.4 0.056    8285.   0.2    4.   1.3   1.3 0.004  0.75   0.04   2.66  11.2  6.2 0.0094 10 109   -15   4 128.7   87   -37    50  -0.5 0.007377 999999.99 99999.99 99999.99     0.12     0.08     0.06 -1
2013 184  3 2454 51 52  59  36   2.9   2.8  12.0 162.2  -2.6   0.8   0.6   0.8   0.6   0.1   0.9   0.5   0.6   0.3   58021.   2.2  375.  -1.5  -1.9 0.058    8219.   0.2    5.   1.0   0.7 0.009  0.64  -0.23   2.03   9.6  5.8 0.0129  3 109   -16   2 128.7   55   -38    17  -0.6 0.007377 999999.99 99999.99 99999.99     0.15     0.08     0.05 -1
2013 184  4 2454 51 52  59  35   3.2   2.9  16.9 159.3  -2.6   1.0   0.9   1.1   0.8   0.2   1.3   0.4   0.9   0.8   38219.   2.2  371.  -1.1  -2.0 0.047   13442.   0.2    8.   1.5   1.5 0.009  0.60  -0.30   1.49   8.6  5.7 0.0161  3 109   -16   2 128.7   26   -19     7  -1.1 0.007377 999999.99 99999.99 99999.99     0.12     0.07     0.05 -1
2013 184  5 2454 51 52  60  37   3.4   3.3   9.0 157.1  -3.0   1.3   0.5   1.3   0.4   0.0   0.5   0.1   0.1   0.5   26480.   1.8  361.  -1.4  -1.7 0.045    9341.   0.1    4.   0.5   1.2 0.003  0.46  -0.14   1.00   7.1  5.2 0.0234  3 109   -15   2 128.7   22   -15     7  -0.7 0.007377 999999.99 99999.99 99999.99     0.13     0.08     0.06 -1
2013 184  6 2454 51 52  60  38   3.3   2.9  14.3 142.1  -2.2   1.7   0.7   1.8   0.4   0.1   1.5   0.6   0.4   1.3   32939.   2.2  369.  -2.0  -1.1 0.036    8563.   0.4    8.   0.6   1.4 0.006  0.57  -0.15   1.36   8.3  5.6 0.0173  7 109   -13   3 128.7   43   -19    24  -0.3 0.007377 999999.99 99999.99 99999.99     0.12     0.07     0.06 -1
2013 184  7 2454 51 52  60  36   3.3   3.1  22.7 135.4  -2.1   2.0   1.2   2.2   0.8   0.1   0.8   0.3   0.3   0.6   37306.   2.6  374.  -2.4  -2.1 0.036    7084.   0.2    3.   0.5   0.9 0.005  0.69  -0.30   1.65   9.1  5.9 0.0142  7 109   -10   3 128.7   52   -21    31  -0.1 0.007377 999999.99 99999.99 99999.99     0.13     0.08     0.05 -1
2013 184  8 2454 51 52  59  35   3.2   3.1  11.4 146.0  -2.5   1.7   0.6   1.8   0.2   0.1   0.8   0.5   0.6   0.3   36673.   2.3  367.  -2.4  -1.6 0.040   10077.   0.2    8.   1.2   0.7 0.007  0.60  -0.07   1.54   8.7  5.7 0.0157  7 109   -11   3 128.7   82   -32    51   0.0 0.007377 999999.99 99999.99 99999.99     0.13     0.07     0.05 -1
2013 184  9 2454 51 52  60  36   3.3   3.2   0.3 153.3  -2.9   1.5   0.0   1.5  -0.4   0.1   0.5   0.1   0.3   0.4   33357.   2.2  358.  -2.3  -0.4 0.040    9704.   0.1    3.   0.7   0.9 0.006  0.55   0.14   1.36   8.0  5.5 0.0184  7 109   -12   3 128.7   86   -51    35  -0.3 0.007377 999999.99 99999.99 99999.99     0.12     0.06     0.05 -1
2013 184 10 2454 51 52  59  37   3.2   3.0 -11.5 169.7  -2.9   0.5  -0.6   0.3  -0.7   0.1   0.9   0.3   0.6   0.6   45313.   2.3  360.  -0.3   0.5 0.051    5934.   0.2    7.   1.2   1.2 0.006  0.60   0.25   1.62   8.5  5.5 0.0163  7 109   -14   3 128.7   82   -41    41   0.0 0.007377 999999.99 99999.99 99999.99     0.12     0.07     0.05 -1
2013 184 11 2454 51 52  64  39   3.2   3.0  -1.0  83.5   0.3   3.0  -0.1   2.9  -0.9   0.2   0.9   0.6   0.5   0.4   33490.   2.4  385.  -2.4  -0.7 0.039   10483.   0.2    8.   0.7   0.9 0.004  0.69   0.35   1.58   9.3  6.1 0.0137  7 109   -15   3 128.7  115   -69    46   0.4 0.007377 999999.99 99999.99 99999.99     0.14     0.08     0.06 -1
2013 184 12 2454 51 52  56  34   3.3   2.9  -8.1 103.1  -0.6   2.8  -0.4   2.6  -1.1   0.1   1.6   1.2   0.8   0.7   28658.   2.7  375.  -1.8   0.0 0.036    4612.   0.1   12.   0.8   1.2 0.002  0.73   0.41   1.62   9.3  6.0 0.0136  3 109   -16   2 128.7  115   -63    51   0.6 0.007377 999999.99 99999.99 99999.99     0.12     0.08     0.05 -1
2013 184 13 2454 51 52  58  34   3.5   3.1  -1.8 140.8  -2.4   2.0  -0.1   1.9  -0.6   0.0   1.5   0.7   0.5   1.2   29012.   2.7  356.  -1.0  -0.6 0.040    4848.   0.1    5.   0.8   2.0 0.003  0.66   0.21   1.44   8.4  5.6 0.0170  3 109   -17   2 128.7  169   -81    88   0.1 0.007377 999999.99 99999.99 99999.99     0.16     0.08     0.06 -1
2013 184 14 2454 51 52  59  36   3.3   3.2 -20.3 113.9  -1.2   2.7  -1.1   2.4  -1.6   0.1   0.9   0.4   0.3   0.7   37596.   2.7  366.  -2.2   0.6 0.040    4865.   0.2    6.   0.3   1.0 0.003  0.70   0.59   1.71   9.1  5.8 0.0143  3 109   -17   2 128.7  159   -71    88   0.6 0.007377 999999.99 99999.99 99999.99     0.11     0.07     0.05 -1
2013 184 15 2454 51 52  60  37   3.5   3.1 -40.9 130.8  -1.6   1.8  -2.1   1.4  -2.4   0.2   1.5   0.4   0.8   1.2   33676.   2.8  365.  -1.1   1.7 0.038    6824.   0.3    4.   0.9   1.3 0.007  0.72   0.88   1.54   8.7  5.7 0.0156 10 109   -16   4 128.7  117   -60    57   0.9 0.007377 999999.99 99999.99 99999.99     0.12     0.06     0.05 -1
2013 184 16 2454 51 52  62  36   3.4   3.0 -15.2  85.0   0.2   2.9  -0.8   2.8  -1.1   0.2   1.6   1.0   0.5   1.1   30179.   2.7  376.  -1.9   0.5 0.037    6187.   0.2    8.   0.8   1.4 0.003  0.73   0.41   1.54   9.1  6.0 0.0144 10 109   -13   4 128.7  232  -156    76   0.6 0.007377 999999.99 99999.99 99999.99     0.14     0.08     0.06 -1
2013 184 17 2454 51 52  54  31   3.3   3.1 -20.9  74.8   0.8   2.8  -1.1   2.7  -1.3   0.2   1.1   0.5   0.5   0.8   30473.   2.7  378.  -1.8   0.6 0.038    7733.   0.2    6.   0.9   1.3 0.005  0.74   0.49   1.64   9.4  6.1 0.0134 10 109   -10   4 128.7  141   -87    54  -0.2 0.007377 999999.99 99999.99 99999.99     0.12     0.07     0.05 -1
2013 184 18 2454 51 52  60  35   3.3   3.1 -42.6  66.7   0.9   2.1  -2.1   2.1  -2.1   0.1   1.1   0.9   0.5   0.5   38109.   2.8  376.  -0.8   1.3 0.043    7410.   0.2    7.   0.7   0.6 0.003  0.77   0.79   1.78   9.5  6.0 0.0131 10 109   -11   4 128.7   99   -48    52   0.0 0.007377 999999.99 99999.99 99999.99     0.12     0.07     0.05 -1
2013 184 19 2454 51 52  55  33   3.3   2.5 -23.4  81.6   0.3   2.3  -1.0   2.3  -0.9   0.2   2.0   1.1   1.3   1.2   42042.   2.9  371.  -1.1   0.4 0.042    8283.   0.2    8.   1.7   1.2 0.004  0.78   0.33   1.89   9.6  5.9 0.0130 10 109   -14   4 128.7  101   -49    52   0.5 0.007377 999999.99 99999.99 99999.99     0.12     0.07     0.05 -1
2013 184 20 2454 51 52  53  27   2.9   2.5   8.2  95.0  -0.2   2.5   0.4   2.5   0.6   0.2   1.4   0.7   0.3   1.1   58200.   3.3  370.  -1.1  -1.3 0.043    9604.   0.3    8.   0.5   1.6 0.005  0.88  -0.22   3.05  11.6  6.1 0.0089 10 109   -12   4 128.7   58   -29    29  -0.5 0.007377 999999.99 99999.99 99999.99     0.11     0.07     0.05 -1
2013 184 21 2454 51 52  58  33   3.6   3.3  18.8 113.0  -1.2   2.8   1.0   2.7   1.2   0.8   1.7   0.9   0.9   1.1   55308.   3.8  365.  -1.1  -1.8 0.046    8379.   0.8    7.   0.6   1.1 0.005  1.00  -0.44   2.24   9.9  5.8 0.0122 17 109   -10   6 128.7   46   -24    22  -0.6 0.007377 999999.99 99999.99 99999.99     0.12     0.07     0.05 -1
2013 184 22 2454 51 52  60  36   4.6   4.1 -13.5 100.0  -0.7   3.9  -0.9   4.0  -0.5   0.2   2.1   0.6   0.9   1.8   60474.   4.6  378.  -1.3  -0.3 0.043    7798.   0.3    4.   1.2   1.7 0.004  1.29   0.19   1.71   8.8  5.6 0.0153 17 109    -5   6 128.7   70   -32    37   0.0 0.007377 999999.99 99999.99 99999.99     0.12     0.07     0.05 -1
2013 184 23 2454 51 52  60  37   3.7   2.6 -47.5 151.3  -1.5   0.8  -1.9   1.0  -1.8   0.4   2.6   1.1   2.1   1.2   70313.   5.0  373.   2.1  -0.3 0.055   10158.   0.3    6.   2.0   1.2 0.004  1.42   0.67   3.02  11.3  5.9 0.0094 17 109    -4   6 128.7   93   -36    57   0.2 0.007377 999999.99 99999.99 99999.99     0.13     0.07     0.06 -1
2013 185  0 2454 51 52  56  34   3.9   3.2 -30.3 158.6  -2.6   1.0  -1.6   1.1  -1.5   0.2   2.2   1.1   1.7   0.8   64698.   4.6  363.   1.7  -0.4 0.059    7157.   0.3    9.   2.1   0.9 0.008  1.25   0.54   2.43  10.0  5.7 0.0119 10 121    -8   4 142.3  101   -36    65  -0.1 0.007495 999999.99 99999.99 99999.99     0.13     0.08     0.05 -1
2013 185  1 2454 51 52  59  35   4.4   4.3   1.2 179.9  -4.3   0.0   0.1   0.0   0.1   0.1   0.9   0.2   0.5   0.7   60488.   4.3  349.   2.5  -2.4 0.064    7504.   0.1    1.   0.8   0.9 0.008  1.10  -0.03   1.74   8.2  5.2 0.0176 10 121    -9   4 142.3   69   -27    41  -0.2 0.007495 999999.99 99999.99 99999.99     0.12     0.07     0.05 -1
2013 185  2 2454 51 52  59  36   4.3   4.1  15.4 172.2  -4.0   0.5   1.1   0.5   1.1   0.1   1.0   0.3   0.6   0.8   59021.   4.0  346.   1.6  -3.7 0.057    8629.   0.3    3.   0.9   1.1 0.006  0.98  -0.38   1.69   8.0  5.1 0.0184 10 121    -8   4 142.3   64   -32    32  -0.7 0.007495 999999.99 99999.99 99999.99     0.13     0.08     0.06 -1
2013 185  3 2454 51 52  59  36   4.3   4.2   4.7 180.9  -4.2  -0.1   0.3  -0.1   0.3   0.0   0.5   0.1   0.3   0.4   53969.   3.7  342.   2.0  -2.3 0.057    4943.   0.2    2.   0.6   0.7 0.007  0.89  -0.10   1.52   7.6  5.0 0.0203  3 121    -9   2 142.3   43   -27    16  -1.2 0.007495 999999.99 99999.99 99999.99     0.14     0.08     0.06 -1
2013 185  4 2454 51 52  61  37   4.0   3.8  12.2 191.8  -3.6  -0.8   0.8  -0.7   0.9   0.1   1.3   0.4   1.0   0.7   50805.   3.8  347.   2.2  -2.7 0.056    4400.   0.3    5.   1.6   1.0 0.007  0.94  -0.31   1.77   8.5  5.3 0.0166  3 121    -9   2 142.3   32   -18    14  -1.5 0.007495 999999.99 99999.99 99999.99     0.12     0.07     0.05 -1
2013 185  5 2454 51 52  62  38   4.1   3.1  13.7 137.6  -2.2   2.0   0.7   2.1   0.5   0.2   2.6   1.4   2.0   0.9   55182.   3.6  352.  -0.4  -2.6 0.051    7575.   0.4    9.   2.0   1.5 0.007  0.90  -0.18   1.64   8.1  5.2 0.0179  3 121   -10   2 142.3   46   -24    22  -1.1 0.007495 999999.99 99999.99 99999.99     0.12     0.07     0.05 -1
2013 185  6 2454 51 52  55  32   4.0   3.8  17.1 189.2  -3.5  -0.6   1.1  -0.4   1.2   0.1   1.3   0.3   0.8   1.0   48799.   3.4  340.   1.6  -2.9 0.052    7848.   0.3    5.   1.5   1.7 0.012  0.79  -0.41   1.57   7.8  5.1 0.0194  3 121    -8   2 142.3   39   -18    21  -0.9 0.007495 999999.99 99999.99 99999.99     0.12     0.07     0.05 -1
2013 185  7 2454 51 52  61  36   3.8   3.6  -5.3 168.7  -3.5   0.7  -0.3   0.6  -0.4   0.1   1.3   0.3   0.3   1.2   57762.   3.4  341.   0.4  -1.1 0.070    6776.   0.3    4.   0.5   1.8 0.017  0.85   0.14   1.82   8.3  5.2 0.0174  3 121    -6   2 142.3   39   -21    18  -1.1 0.007495 999999.99 99999.99 99999.99     0.13     0.07     0.05 -1
2013 185  8 2454 51 52  62  37   4.2   3.8  28.8 190.8  -3.3  -0.6   1.8  -0.2   1.9   0.4   1.7   0.5   1.4   0.8   58120.   3.9  346.   1.8  -4.1 0.049   12994.   0.3    6.   1.1   1.0 0.009  0.93  -0.66   1.72   8.1  5.2 0.0180  3 121    -3   2 142.3   66   -32    34  -1.1 0.007495 999999.99 99999.99 99999.99     0.13     0.08     0.05 -1
2013 185  9 2454 51 52  59  37   4.9   4.8  12.9 215.9  -3.8  -2.8   1.1  -2.4   1.8   0.1   0.8   0.2   0.3   0.7   33708.   3.6  352.   2.7  -2.8 0.040    4233.   0.2    2.   0.5   0.8 0.003  0.86  -0.63   1.01   6.8  5.0 0.0256  0 121    -3   0 142.3   63   -36    27  -1.6 0.007495 999999.99 99999.99 99999.99     0.13     0.07     0.05 -1
2013 185 10 2454 51 52  60  36   5.1   4.9  22.9 213.8  -3.7  -2.5   1.9  -1.9   2.5   0.1   1.4   0.3   0.9   1.0   33179.   4.0  354.   2.1  -3.4 0.039    4224.   0.3    3.   0.8   1.0 0.003  0.97  -0.89   1.03   6.9  5.0 0.0247  0 121    -2   0 142.3   64   -36    28  -1.9 0.007495 999999.99 99999.99 99999.99     0.12     0.07     0.05 -1
2013 185 11 2454 51 52  58  35   5.2   5.0  38.6 190.0  -3.9  -0.7   3.1   0.2   3.2   0.1   1.5   0.5   0.7   1.2   34904.   4.1  351.   1.0  -4.2 0.037    4000.   0.3    3.   0.8   1.2 0.004  0.97  -1.12   1.03   6.8  5.0 0.0255  0 121    -3   0 142.3   68   -45    23  -1.1 0.007495 999999.99 99999.99 99999.99     0.11     0.07     0.05 -1
2013 185 12 2454 51 52  62  38   5.3   5.0  38.0 129.8  -2.5   3.0   3.1   3.7   2.2   0.1   1.9   1.2   1.3   0.6   39672.   4.1  351.  -0.5  -3.0 0.040    4243.   0.4    9.   1.3   0.7 0.006  0.98  -0.77   1.02   6.7  4.9 0.0265  7 121    -4   3 142.3   62   -41    21  -0.4 0.007495 999999.99 99999.99 99999.99     0.11     0.06     0.05 -1
2013 185 13 2454 51 52  61  37   5.1   4.9  16.0 105.1  -1.2   4.6   1.4   4.8   0.2   0.2   1.4   0.6   0.3   1.2   42904.   3.9  357.  -2.8  -1.6 0.039    5359.   0.3    4.   1.1   1.1 0.005  0.96  -0.07   1.07   6.9  5.0 0.0249  7 121    -5   3 142.3   71   -41    29   0.2 0.007495 999999.99 99999.99 99999.99     0.12     0.07     0.05 -1
2013 185 14 2454 51 52  60  36   4.8   4.5 -12.8  94.2  -0.3   4.4  -1.0   4.1  -1.9   0.2   1.6   1.3   0.4   0.8   43368.   4.1  363.  -3.8  -0.1 0.040    7162.   0.3    3.   0.8   0.6 0.005  1.05   0.69   1.27   7.7  5.3 0.0203  7 121    -7   3 142.3  101   -29    72   0.3 0.007495 999999.99 99999.99 99999.99     0.12     0.06     0.04 -1
2013 185 15 2454 51 52  61  37   5.1   4.7  -9.2  76.0   1.1   4.5  -0.8   4.3  -1.5   0.2   1.8   0.4   0.4   1.7   31648.   3.9  366.  -2.4  -0.4 0.034    4659.   0.4    2.   0.5   1.1 0.004  0.99   0.55   1.00   7.1  5.2 0.0237 13 121    -8   5 142.3  158   -60    98   0.5 0.007495 999999.99 99999.99 99999.99     0.13     0.08     0.06 -1
2013 185 16 2454 51 52  61  37   4.7   4.5  -7.2  71.7   1.4   4.3  -0.6   4.2  -1.1   0.2   1.2   0.4   0.4   1.1   39250.   4.6  372.  -1.3  -1.5 0.029    6321.   0.3    3.   0.6   0.8 0.003  1.19   0.41   1.45   8.5  5.7 0.0165 13 121    -7   5 142.3  243  -178    65   0.2 0.007495 999999.99 99999.99 99999.99     0.11     0.06     0.05 -1
2013 185 17 2454 51 52  60  37   4.8   4.7  16.6  73.9   1.3   4.4   1.4   4.5   1.1   0.3   0.7   0.4   0.4   0.5   42163.   4.7  374.  -0.3  -3.4 0.028    6072.   0.3    3.   0.4   0.6 0.002  1.22  -0.41   1.45   8.4  5.6 0.0167 13 121    -3   5 142.3  136   -91    45  -1.9 0.007495 999999.99 99999.99 99999.99     0.12     0.07     0.05 -1
2013 185 18 2454 51 52  61  37   4.9   4.6  10.8  75.3   1.2   4.4   0.9   4.4   0.8   0.5   1.6   0.8   0.5   1.3   20799.   7.0  384.   0.5  -0.9 0.023    7365.   1.2    3.   0.5   0.7 0.003  1.88  -0.31   1.81  10.4  6.5 0.0111 13 121     4   5 142.3   77   -20    56  -1.8 0.007495 999999.99 99999.99 99999.99     0.11     0.06     0.05 -1
2013 185 19 2454 51 52  60  36   4.6   4.5  37.7  89.2   0.0   3.6   2.8   3.5   2.9   0.4   0.8   0.1   0.7   0.4   13284.   9.3  385.   1.1  -0.8 0.023    3378.   1.3    1.   1.0   0.3 0.005  2.51  -1.12   2.59  12.8  7.1 0.0073 13 121     9   5 142.3   52   -10    42  -1.7 0.007495 999999.99 99999.99 99999.99     0.11     0.06     0.04 -1
2013 185 20 2454 51 52  59  36   3.5   3.5  52.8  82.7   0.3   2.1   2.8   1.9   2.9   0.2   0.3   0.2   0.2   0.2   18509.  11.0  386.   0.6  -0.5 0.035    1094.   0.3    2.   0.5   0.4 0.006  3.12  -1.12   5.49  18.3  7.6 0.0036 13 121    12   5 142.3   52   -15    36  -0.7 0.007495 999999.99 99999.99 99999.99     0.12     0.06     0.04 -1
2013 185 21 2454 51 52  60  36   3.2   1.8  28.6  78.2   0.3   1.6   0.9   1.5   1.0   0.4   2.6   1.0   1.1   2.1   26137.  10.7  375.   0.8  -2.1 0.030    5308.   1.0    3.   0.5   1.4 0.004  2.81  -0.38   6.72  19.2  7.4 0.0032 17 121    10   6 142.3   53   -19    34  -0.2 0.007495 999999.99 99999.99 99999.99     0.11     0.06     0.04 -1
2013 185 22 2454 51 52  60  37   3.6   3.3 -63.1 332.4   1.3  -0.7  -2.9  -0.4  -2.9   0.4   1.5   0.6   1.2   0.7   27046.  11.3  377.   1.5  -1.5 0.040    2969.   0.6    2.   0.5   0.4 0.004  3.11   1.09   5.64  17.6  7.3 0.0038 17 121    11   6 142.3  106   -40    66   1.0 0.007495 999999.99 99999.99 99999.99     0.12     0.07     0.05 -1
2013 185 23 2454 51 52  59  35   3.7   3.6 -36.7  17.9   2.7   0.9  -2.1   1.1  -2.0   0.1   1.1   0.4   0.8   0.6   22154.  11.7  374.   0.8  -1.8 0.035    1446.   0.4    2.   0.2   0.3 0.003  3.12   0.75   5.35  17.3  7.3 0.0040 17 121     8   6 142.3  160   -61    99   0.8 0.007495 999999.99 99999.99 99999.99     0.12     0.08     0.05 -1
2013 186  0 2454 51 52  57  35   4.2   3.8 -12.9  57.7   2.0   3.1  -0.8   3.1  -0.6   0.5   2.0   1.3   0.8   1.2   25965.   9.6  366.  -1.3  -2.6 0.035    4525.   1.1    8.   1.1   1.2 0.003  2.45   0.22   3.49  13.5  6.7 0.0065 17 109     1   6 145.6  150   -55    96   0.5 0.007573 999999.99 99999.99 99999.99     0.12     0.07     0.05 -1
2013 186  1 2454 51 52  58  34   4.2   3.9  36.1 124.9  -1.8   2.6   2.3   2.5   2.4   0.3   1.4   0.6   1.0   0.9   30881.   9.5  354.  -1.7  -3.5 0.027    4832.   0.9    4.   0.9   1.0 0.005  2.20  -0.85   3.57  13.0  6.4 0.0070 17 109    -1   6 145.6  104   -31    73   0.2 0.007573 999999.99 99999.99 99999.99     0.12     0.07     0.05 -1
2013 186  2 2454 51 52  60  37   4.1   2.9  16.0 141.5  -2.2   1.7   0.8   1.7   0.8   0.5   2.9   1.2   1.4   2.2   37148.   9.0  355.  -0.5  -3.4 0.029    5548.   1.6    4.   1.1   1.9 0.004  2.11  -0.28   3.69  13.0  6.4 0.0071 17 109     1   6 145.6   77   -24    53  -0.4 0.007573 999999.99 99999.99 99999.99     0.13     0.07     0.05 -1
2013 186  3 2454 51 52  60  37   4.6   3.3 -33.1 126.5  -1.7   2.2  -1.8   2.1  -1.9   0.3   3.1   2.8   0.9   0.9   36310.   9.0  352.  -1.3  -1.2 0.028   10592.   1.0   12.   0.8   1.0 0.004  2.07   0.67   2.91  11.5  6.1 0.0090 20 109     0   7 145.6  169   -59   111   0.7 0.007573 999999.99 99999.99 99999.99     0.12     0.06     0.05 -1
2013 186  4 2454 51 52  60  37   5.5   4.7 -61.9  60.5   1.1   1.9  -4.2   1.6  -4.3   0.6   2.7   1.8   1.7   0.9   24637.   8.6  367.  -0.5  -1.4 0.025   11500.   1.1    9.   1.0   0.9 0.003  2.13   1.58   1.81   9.8  6.1 0.0124 20 109    -6   7 145.6  378  -163   215   1.3 0.007573 999999.99 99999.99 99999.99     0.13     0.07     0.05 -1
2013 186  5 2454 51 52  60  36   6.7   6.5 -43.9  59.1   2.4   4.0  -4.5   3.4  -5.0   0.1   1.2   0.5   0.8   0.8    9258.   6.1  364.  -0.7  -1.1 0.025     910.   0.4    2.   0.6   0.3 0.002  1.48   1.82   0.78   6.7  5.2 0.0264 20 109   -18   7 145.6  521  -285   236   2.5 0.007573 999999.99 99999.99 99999.99     0.12     0.06     0.05 -1
2013 186  6 2454 51 52  60  37   6.9   6.9 -21.3  66.0   2.6   5.8  -2.5   5.3  -3.4   0.0   0.3   0.2   0.2   0.2    9166.   5.9  361.  -2.1  -1.0 0.024    1024.   0.2    2.   0.2   0.1 0.002  1.41   1.23   0.71   6.4  5.0 0.0295 17 109   -24   6 145.6  467  -221   245   2.5 0.007573 999999.99 99999.99 99999.99     0.11     0.07     0.05 -1
2013 186  7 2454 51 52  59  36   7.0   7.0 -14.3  68.3   2.5   6.3  -1.7   5.8  -3.0   0.1   0.4   0.3   0.2   0.3   10358.   6.0  362.  -2.1  -1.0 0.017     898.   0.4    1.   0.2   0.2 0.002  1.40   1.09   0.71   6.3  5.0 0.0297 17 109   -21   6 145.6  299  -162   137   2.5 0.007573 999999.99 99999.99 99999.99     0.14     0.08     0.06 -1
2013 186  8 2454 51 52  59  36   7.1   7.0  -7.2  67.2   2.7   6.4  -0.9   6.0  -2.4   0.1   0.5   0.3   0.2   0.4   10536.   6.5  359.  -2.2  -0.9 0.016     362.   0.3    2.   0.2   0.1 0.001  1.49   0.86   0.75   6.4  5.0 0.0286 17 109   -20   6 145.6  322  -212   111   3.4 0.007573 999999.99 99999.99 99999.99     0.12     0.06     0.04 -1
2013 186  9 2454 51 52  60  36   7.0   7.0  -0.2  66.9   2.7   6.5   0.0   6.3  -1.7   0.1   0.5   0.4   0.2   0.2   12646.   7.2  359.  -2.8  -1.0 0.019    1169.   0.7    1.   0.3   0.2 0.002  1.67   0.61   0.86   6.9  5.2 0.0251 13 109   -17   5 145.6  232  -118   114   3.4 0.007573 999999.99 99999.99 99999.99     0.12     0.07     0.05 -1
2013 186 10 2454 51 52  58  36   6.1   5.7  48.9  97.6  -0.5   3.7   4.3   4.8   3.1   0.5   2.2   0.9   1.6   1.2   25269.  11.4  352.  -2.6  -3.0 0.021    6761.   1.7    3.   0.3   1.1 0.003  2.56  -1.09   1.96   9.7  5.9 0.0125 13 109    -9   5 145.6  143   -73    70   2.5 0.007573 999999.99 99999.99 99999.99     0.13     0.07     0.05 -1
2013 186 11 2454 51 52  60  36   5.6   5.4  44.8  78.7   0.8   3.8   3.8   4.7   2.6   0.4   1.5   0.9   0.8   0.9   26569.  13.1  350.  -2.8  -3.7 0.023    3900.   1.5    3.   0.9   0.5 0.004  2.93  -0.91   2.69  11.3  6.2 0.0093 13 109     1   5 145.6   81   -29    52   1.1 0.007573 999999.99 99999.99 99999.99     0.11     0.07     0.05 -1
2013 186 12 2454 51 52  61  37   6.8   6.3  35.4  91.2  -0.1   5.2   3.7   6.0   2.2   0.3   2.5   0.6   1.1   2.2   17654.   7.3  352.  -2.9   0.2 0.027    4110.   1.8    5.   1.2   2.5 0.011  1.67  -0.77   0.96   7.0  5.2 0.0243 20 109    -2   7 145.6   66   -24    42   0.8 0.007573 999999.99 99999.99 99999.99     0.14     0.07     0.05 -1
2013 186 13 2454 51 52  60  37   6.8   6.5  31.3  90.0   0.0   5.6   3.4   6.3   1.9   0.4   1.9   0.5   1.3   1.2   13964.   9.0  351.  -2.9   0.7 0.031    4367.   0.9    1.   0.6   1.1 0.007  2.08  -0.67   1.15   7.7  5.5 0.0198 20 109    -1   7 145.6   77   -27    50   0.8 0.007573 999999.99 99999.99 99999.99     0.11     0.06     0.05 -1
2013 186 14 2454 51 52  59  36   7.6   7.5  -1.8  84.6   0.7   7.4  -0.2   7.2  -1.8   0.2   1.3   0.4   0.3   1.2   13806.   6.4  350.  -1.2   1.9 0.026    1338.   1.0    2.   0.7   0.8 0.003  1.45   0.63   0.66   5.8  4.7 0.0351 20 109    -6   7 145.6  102   -29    73   0.2 0.007573 999999.99 99999.99 99999.99     0.13     0.07     0.05 -1
2013 186 15 2454 51 52  62  37   6.9   6.7   0.0  94.6  -0.5   6.6   0.0   6.5  -1.1   0.5   1.6   0.6   0.5   1.4   15341.  10.5  349.  -1.7  -1.1 0.028    1250.   1.8    4.   0.6   1.4 0.004  2.37   0.38   1.32   8.2  5.6 0.0177 20 109    -3   7 145.6  117   -25    92   0.4 0.007573 999999.99 99999.99 99999.99     0.13     0.07     0.05 -1
2013 186 16 2454 51 52  60  37   8.8   8.7  22.6  95.6  -0.8   8.0   3.4   8.4   2.4   0.5   1.1   0.5   0.3   1.0   13630.  10.5  362.  -0.5  -3.0 0.016    1856.   1.0    2.   0.4   0.5 0.003  2.44  -0.87   0.80   6.7  5.1 0.0268 20 109    -1   7 145.6  114   -34    80  -1.5 0.007573 999999.99 99999.99 99999.99     0.12     0.07     0.05 -1
2013 186 17 2454 51 52  59  34   9.6   9.4  41.7  97.8  -0.9   6.9   6.2   7.3   5.7   0.3   1.9   0.5   1.0   1.5   18161.  13.0  363.  -0.1  -2.1 0.020    2278.   2.1    2.   0.6   0.6 0.003  3.09  -2.07   0.86   6.8  5.2 0.0256 20 109     3   7 145.6   90   -19    72  -5.6 0.007573 999999.99 99999.99 99999.99     0.12     0.07     0.05 -1
2013 186 18 2454 51 52  60  37   9.0   8.9  35.7 105.9  -2.0   6.9   5.2   7.0   5.0   0.3   1.7   0.3   0.9   1.5   12404.  22.9  364.  -0.6  -2.0 0.018    1460.   1.9    1.   0.6   0.6 0.002  5.43  -1.82   1.66   9.7  6.2 0.0127 37 109    12  22 145.6   65    -2    63  -3.7 0.007573 999999.99 99999.99 99999.99     0.13     0.07     0.05 -1
2013 186 19 2454 51 52  60  36  10.2   9.6  29.8  99.6  -1.4   8.3   4.8   8.2   4.9   0.8   3.3   1.1   2.4   1.9   26547.  12.2  362.   0.2  -1.5 0.015    9942.   7.9    3.   1.1   1.0 0.004  2.83  -1.77   0.76   6.2  4.8 0.0310 37 109     3  22 145.6   54    -8    46  -2.1 0.007573 999999.99 99999.99 99999.99     0.12     0.08     0.05 -1
2013 186 20 2454 51 52  60  36  11.3  11.3   3.1  90.8  -0.2  11.3   0.6  11.3   1.2   0.2   0.9   0.3   0.2   0.8   40340.   3.9  365.  -0.4  -1.9 0.019    5679.   0.4    2.   0.5   0.4 0.002  0.93  -0.44   0.21   3.2  2.9 0.1169 37 109    -9  22 145.6   62   -13    50  -2.2 0.007573 999999.99 99999.99 99999.99     0.13     0.06     0.04 -1
2013 186 21 2454 51 52  58  35  11.4  11.4  -5.3  88.8   0.2  11.3  -1.0  11.3  -0.2   0.1   1.0   0.5   0.0   0.8   36061.   3.8  361.  -0.3  -2.9 0.021    3463.   0.2    2.   0.5   0.8 0.002  0.90   0.07   0.20   3.1  2.9 0.1249 17 109   -10   6 145.6   73   -26    47  -0.4 0.007573 999999.99 99999.99 99999.99     0.11     0.06     0.04 -1
2013 186 22 2454 51 52  59  36  11.2  11.0 -13.9  84.3   1.1  10.6  -2.6  10.8  -1.8   0.1   2.3   0.6   0.6   2.1   44192.   4.7  358.  -1.7  -3.6 0.019    8367.   0.4    2.   1.0   0.9 0.005  1.08   0.64   0.27   3.5  3.1 0.0991 17 109    -6   6 145.6  202  -117    84   1.6 0.007573 999999.99 99999.99 99999.99     0.14     0.07     0.05 -1
2013 186 23 2454 51 52  60  37  11.5  11.4 -21.1  83.4   1.2  10.6  -4.1  10.9  -3.3   0.1   1.1   0.6   0.4   0.9   38522.   4.5  359.  -2.7  -4.6 0.014    6674.   0.3    2.   0.4   0.8 0.003  1.02   1.18   0.24   3.3  3.0 0.1085 17 109    -2   6 145.6  252  -115   137   3.1 0.007573 999999.99 99999.99 99999.99     0.13     0.07     0.05 -1
