 1 YEAR                          I4        
 2 DOY                           I4        
 3 Hour                          I3        
 4 Bartels rotation number       I5        
 5 ID for IMF spacecraft         I3        
 6 ID for SW Plasma spacecraft   I3        
 7 # of points in IMF averages   I4        
 8 # of points in Plasma averag. I4        
 9 Scalar B, nT                  F6.1      
10 Vector B Magnitude,nT         F6.1      
11 Lat. Angle of B (GSE)         F6.1      
12 Long. Angle of B (GSE)        F6.1      
13 BX, nT (GSE, GSM)             F6.1      
14 BY, nT (GSE)                  F6.1      
15 BZ, nT (GSE)                  F6.1      
16 BY, nT (GSM)                  F6.1      
17 BZ, nT (GSM)                  F6.1      
18 RMS_magnitude, nT             F6.1      
19 RMS_field_vector, nT          F6.1      
20 RMS_BX_GSE, nT                F6.1      
21 RMS_BY_GSE, nT                F6.1      
22 RMS_BZ_GSE, nT                F6.1      
23 SW Plasma Temperature, K      F9.0      
24 SW Proton Density, N/cm^3     F6.1      
25 SW Plasma Speed, km/s         F6.0      
26 SW Plasma flow long. angle    F6.1      
27 SW Plasma flow lat. angle     F6.1      
28 Alpha/Prot. ratio             F6.3      
29 sigma-T,K                     F9.0      
30 sigma-n, N/cm^3)              F6.1      
31 sigma-V, km/s                 F6.0      
32 sigma-phi V, degrees          F6.1      
33 sigma-theta V, degrees        F6.1      
34 sigma-ratio                   F6.3      
35 Flow pressure                 F6.2      
36 E elecrtric field             F7.2      
37 Plasma Beta                   F7.2      
38 Alfen mach number             F6.1      
39 Magnetosonic Much num.        F5.1      
40 Quasy-Invariant               F7.4      
41 Kp index                      I3        
42 R (Sunspot No.)               I4        
43 Dst-index, nT                 I6        
44 ap_index, nT                  I4        
45 f10.7_index                   F6.1      
46 AE-index, nT                  I5        
47 AL-index, nT                  I6        
48 AU-index, nT                  I6        
49 pc-index                      F6.1      
50 Lyman_alpha                   F9.6      
51 Proton flux (>1 Mev)          F10.2     
52 Proton flux (>2 Mev)          F9.2      
53 Proton flux (>4 Mev)          F9.2      
54 Proton flux (>10 Mev)         F9.2      
55 Proton flux (>30 Mev)         F9.2      
56 Proton flux (>60 Mev)         F9.2      
57 Flux FLAG                     I3        

2016 284  0 2499 51 52  56  34   6.4   5.7  -6.0 130.3  -3.6   4.3  -0.6   4.0  -1.6   0.2   2.9   2.2   1.2   1.4   57249.   9.4  351.  -1.9   2.5 0.024    7012.   0.5   10.   1.1   1.1 0.004  2.12   0.56   1.77   8.4  5.3 0.0168 33  66    -5  18 101.6  109   -79    30   0.9 0.006778 999999.99 99999.99 99999.99     0.17     0.10     0.07 -1
2016 284  1 2499 51 52  60  34   6.7   5.5  -4.1 141.5  -4.3   3.4  -0.4   3.2  -1.3   0.3   3.6   1.3   1.3   3.1   54709.   9.3  350.  -1.7   1.6 0.022    6148.   1.0    7.   0.8   2.5 0.003  2.07   0.46   1.58   8.0  5.2 0.0187 33  66    -7  18 101.6  254  -175    79   2.1 0.006778 999999.99 99999.99 99999.99     0.16     0.09     0.07 -1
2016 284  2 2499 51 52  59  36   6.8   6.5   0.5 112.8  -2.5   5.9   0.1   5.7  -1.7   0.4   2.1   0.9   0.7   1.7   49558.  10.3  355.  -3.1   1.5 0.019    7457.   0.8    5.   0.4   1.2 0.002  2.33   0.60   1.65   8.4  5.4 0.0169 33  66    -5  18 101.6  158   -85    72   1.6 0.006778 999999.99 99999.99 99999.99     0.17     0.10     0.07 -1
2016 284  3 2499 51 52  60  36   6.9   6.4 -22.3 109.5  -2.0   5.6  -2.4   4.5  -4.1   0.1   2.4   1.9   1.0   1.1   46479.  10.2  356.  -2.9   3.7 0.020    5808.   1.1    9.   0.7   0.9 0.004  2.33   1.46   1.56   8.2  5.4 0.0175 27  66    -3  12 101.6  194   -91   102   1.5 0.006778 999999.99 99999.99 99999.99     0.17     0.10     0.07 -1
2016 284  4 2499 51 52  62  36   6.4   5.7   1.8  95.8  -0.6   5.7   0.2   5.4  -2.0   0.3   2.8   1.6   0.6   2.2   46814.  10.1  357.  -3.0   1.8 0.017    6526.   0.8    4.   0.4   1.7 0.003  2.30   0.71   1.80   8.9  5.5 0.0151 27  66   -12  12 101.6  229  -142    87   1.4 0.006778 999999.99 99999.99 99999.99     0.16     0.10     0.07 -1
2016 284  5 2499 51 52  58  36   6.7   6.4  -8.6  84.3   0.6   6.2  -0.9   5.3  -3.4   0.2   2.1   1.0   0.5   1.8   41605.  10.8  356.  -2.8   1.7 0.015    4915.   0.5    3.   0.5   1.0 0.001  2.42   1.21   1.70   8.7  5.6 0.0156 27  66   -13  12 101.6  217  -121    97   1.8 0.006778 999999.99 99999.99 99999.99     0.16     0.09     0.07 -1
2016 284  6 2499 51 52  60  37   6.1   5.4   6.3 101.9  -1.1   5.2   0.6   4.9  -1.8   0.4   2.8   1.5   1.3   2.1   53978.  10.4  353.  -2.2   1.7 0.020    9481.   0.7    4.   0.8   1.1 0.004  2.34   0.64   2.12   9.3  5.5 0.0137 23  66   -14   9 101.6  305  -204   100   2.1 0.006778 999999.99 99999.99 99999.99     0.16     0.09     0.06 -1
2016 284  7 2499 51 52  58  34   5.6   4.8 -10.4 118.8  -2.3   4.1  -0.9   3.1  -2.8   0.3   2.8   1.3   1.7   1.9   64894.  10.7  349.  -0.7   2.0 0.023    4742.   0.4    5.   1.2   1.0 0.002  2.38   0.98   2.74  10.2  5.6 0.0114 23  66   -14   9 101.6  279  -173   106   1.9 0.006778 999999.99 99999.99 99999.99     0.17     0.09     0.07 -1
2016 284  8 2499 51 52  60  34   6.2   5.9  29.3 169.9  -5.1   0.9   2.9   2.3   2.0   0.2   1.9   0.5   1.6   0.8   66868.  10.0  342.  -0.1   1.3 0.028    3720.   0.5    2.   0.6   0.6 0.002  2.17  -0.68   2.11   8.7  5.2 0.0156 23  66   -12   9 101.6  251  -159    92   1.6 0.006778 999999.99 99999.99 99999.99     0.18     0.10     0.07 -1
2016 284  9 2499 51 52  58  35   6.2   6.0   8.4 149.8  -5.1   3.0   0.9   3.0  -0.8   0.2   1.5   0.9   1.1   0.5   65197.   9.3  336.  -1.7   2.7 0.027    6205.   1.0    6.   0.7   0.6 0.002  1.94   0.27   1.95   8.3  5.0 0.0174 10  66    -7   4 101.6   63   -21    42   0.7 0.006778 999999.99 99999.99 99999.99     0.16     0.09     0.07 -1
2016 284 10 2499 51 52  63  39   6.2   5.7   0.6 131.7  -3.8   4.2   0.1   3.6  -2.2   0.4   2.4   1.5   1.5   1.1   55798.   8.9  339.  -2.5   3.0 0.022   10365.   1.1    9.   0.5   1.0 0.005  1.86   0.75   1.77   8.2  5.1 0.0179 10  66    -6   4 101.6   65   -40    25   1.2 0.006778 999999.99 99999.99 99999.99     0.19     0.10     0.07 -1
2016 284 11 2499 51 52  58  34   6.3   6.2  10.6 116.8  -2.7   5.4   1.1   5.2  -1.9   0.3   1.4   0.9   0.8   0.8   51862.   9.7  341.  -2.1   2.4 0.017    5130.   0.5    4.   0.7   0.6 0.002  2.01   0.65   1.83   8.4  5.2 0.0167 10  66   -11   4 101.6  195  -117    79   1.6 0.006778 999999.99 99999.99 99999.99     0.16     0.08     0.06 -1
2016 284 12 2499 51 52  61  38   6.5   6.0  -2.8  99.9  -1.0   5.9  -0.3   4.9  -3.3   0.4   2.2   1.1   1.0   1.6   47256.  10.0  344.  -2.2   2.7 0.016    8826.   0.5    5.   1.0   0.8 0.003  2.10   1.14   1.73   8.4  5.3 0.0170 10  66   -14   4 101.6  318  -231    86   2.0 0.006778 999999.99 99999.99 99999.99     0.17     0.09     0.07 -1
2016 284 13 2499 51 52  58  33   5.9   5.5  -2.0 117.7  -2.5   4.8  -0.2   4.1  -2.5   0.3   2.2   0.8   0.9   1.8   60007.  10.6  341.  -2.1   3.0 0.019    4890.   0.5    5.   0.8   1.2 0.002  2.21   0.85   2.39   9.4  5.4 0.0134 10  66   -13   4 101.6  297  -219    78   1.8 0.006778 999999.99 99999.99 99999.99     0.16     0.09     0.07 -1
2016 284 14 2499 51 52  64  38   6.2   5.6 -13.1 110.7  -1.9   5.1  -1.3   3.9  -3.5   0.3   2.5   1.1   1.0   2.0   48159.  11.4  351.  -1.4   2.5 0.016    8014.   0.9    6.   0.6   1.6 0.002  2.50   1.23   2.18   9.6  5.6 0.0130 10  66   -10   4 101.6  166  -134    32   1.6 0.006778 999999.99 99999.99 99999.99     0.16     0.09     0.06 -1
2016 284 15 2499 51 52  62  38   7.2   6.5  -9.8 106.9  -1.9   6.1  -1.1   5.0  -3.6   0.7   3.1   0.4   1.0   2.9   43599.  11.9  356.  -0.5   1.2 0.016    3721.   1.6    2.   0.8   1.0 0.001  2.68   1.28   1.64   8.5  5.5 0.0164 27  66   -10  12 101.6  240  -202    37   1.4 0.006778 999999.99 99999.99 99999.99     0.15     0.08     0.06 -1
2016 284 16 2499 51 52  61  37   5.7   3.7 -72.9  73.7   0.3   1.0  -3.5  -0.4  -3.6   0.3   4.4   1.6   3.3   2.4   48474.  16.4  365.   2.1   2.0 0.017    5899.   0.8    3.   0.9   0.9 0.001  3.90   1.31   3.71  13.0  6.3 0.0071 27  66   -15  12 101.6  474  -361   112   1.9 0.006778 999999.99 99999.99 99999.99     0.16     0.09     0.07 -1
2016 284 17 2499 51 52  58  34   6.8   6.6  -6.2 104.2  -1.6   6.4  -0.7   5.8  -2.9   0.6   1.8   1.2   0.7   1.1   54539.  14.0  361.  -0.3   1.8 0.018    2754.   1.5    4.   0.9   0.5 0.002  3.27   1.05   2.30   9.9  5.7 0.0121 27  66   -19  12 101.6  360  -260   101   1.8 0.006778 999999.99 99999.99 99999.99     0.17     0.10     0.07 -1
2016 284 18 2499 51 52  61  37   7.0   6.8   5.9 103.9  -1.6   6.5   0.7   6.4  -1.3   0.9   1.9   0.9   1.1   1.2   42574.  15.2  360.  -1.1   2.6 0.018    9322.   4.0    4.   0.8   0.4 0.004  3.53   0.47   2.21  10.0  5.9 0.0118 30  66   -17  15 101.6  391  -246   145   1.9 0.006778 999999.99 99999.99 99999.99     0.17     0.09     0.06 -1
2016 284 19 2499 51 52  67  41   7.0   5.0 -39.2 250.8  -1.3  -3.6  -3.1  -4.3  -2.0   0.9   5.0   1.1   4.0   2.7   43112.  14.8  377.   1.3   0.5 0.021   22124.   2.8   10.   1.6   1.6 0.012  3.81   0.75   2.15  10.4  6.1 0.0111 30  66   -12  15 101.6  433  -315   118   2.3 0.006778 999999.99 99999.99 99999.99     0.16     0.08     0.06 -1
2016 284 20 2499 51 52  57  35   6.0   5.7  13.9 292.3   2.1  -5.2   1.4  -4.7   2.6   0.4   1.5   0.5   0.8   1.2   96881.  10.2  387.   4.8  -0.0 0.054    6872.   0.5    4.   0.5   0.6 0.003  3.10  -1.01   2.65  10.3  5.7 0.0112 30  66   -15  15 101.6  153   -68    86   0.9 0.006778 999999.99 99999.99 99999.99     0.16     0.10     0.07 -1
2016 284 21 2499 51 52  61  36   6.1   5.8  29.3 309.8   3.2  -3.9   2.8  -3.2   3.6   0.3   2.1   0.6   1.3   1.6   96476.   9.8  383.   3.4   0.2 0.045    4980.   0.3    2.   0.5   0.5 0.006  2.83  -1.38   2.46   9.8  5.6 0.0123  7  66   -14   3 101.6   66   -22    44   0.4 0.006778 999999.99 99999.99 99999.99     0.19     0.09     0.07 -1
2016 284 22 2499 51 52  61  37   6.3   5.8  28.0 314.0   3.6  -3.7   2.7  -3.0   3.4   0.3   2.3   0.7   1.2   1.9   79869.   9.6  385.   2.6   0.8 0.041   14226.   1.3    5.   0.6   0.6 0.011  2.77  -1.31   2.10   9.5  5.6 0.0133  7  66   -13   3 101.6   34    -3    31   0.2 0.006778 999999.99 99999.99 99999.99     0.18     0.09     0.07 -1
2016 284 23 2499 51 52  56  33   6.8   6.7  16.5 305.3   3.7  -5.3   1.9  -4.7   3.0   0.3   1.1   0.7   0.3   0.8   38048.  13.0  375.   0.4   2.9 0.021    8354.   1.5    6.   1.2   0.9 0.002  3.31  -1.12   1.95   9.9  6.1 0.0120  7  66   -10   3 101.6   26    -5    21   0.2 0.006778 999999.99 99999.99 99999.99     0.14     0.08     0.06 -1
2016 285  0 2499 51 52  62  38   6.8   6.6  19.3 313.6   4.3  -4.5   2.2  -3.9   3.2   0.2   1.7   1.0   1.2   0.6   38727.  13.9  377.   0.4   3.2 0.022    9854.   2.0    6.   0.6   0.5 0.004  3.59  -1.21   2.09  10.3  6.2 0.0111  0  64    -7   0  98.8   18    -4    14   0.0 0.006728 999999.99 99999.99 99999.99     0.15     0.09     0.07 -1
2016 285  1 2499 51 52  62  36   6.9   6.7  17.1 343.4   6.2  -1.8   2.0  -1.2   2.4   0.1   1.3   0.6   1.1   0.4   66946.   8.9  392.   2.3   1.3 0.040    4671.   1.0    3.   0.6   0.3 0.011  2.65  -0.94   1.52   8.5  5.6 0.0166  0  64    -8   0  98.8   21    -8    13  -0.1 0.006728 999999.99 99999.99 99999.99     0.19     0.10     0.07 -1
2016 285  2 2499 51 52  59  36   6.7   6.6  20.3 351.1   6.1  -1.0   2.3  -0.3   2.5   0.2   1.5   0.2   1.4   0.5   71279.   7.8  386.   3.1   1.7 0.059    3961.   0.4    3.   0.4   0.4 0.004  2.40  -0.96   1.44   8.0  5.4 0.0184  0  64    -7   0  98.8   22   -10    12  -0.0 0.006728 999999.99 99999.99 99999.99     0.16     0.09     0.07 -1
2016 285  3 2499 51 52  60  36   6.2   5.9  32.2 351.7   4.9  -0.7   3.1   0.4   3.2   0.3   1.9   0.7   1.4   1.1   80995.   8.5  386.   2.9   1.5 0.052    4458.   0.5    3.   0.8   0.7 0.007  2.55  -1.24   1.93   9.1  5.6 0.0144  0  64    -6   0  98.8   25   -10    15   0.0 0.006728 999999.99 99999.99 99999.99     0.17     0.10     0.08 -1
2016 285  4 2499 51 52  60  36   5.7   5.3   9.5 341.0   4.9  -1.7   0.9  -1.2   1.5   0.2   1.9   0.8   1.5   1.0   89706.   9.1  387.   2.9   0.7 0.059   11604.   0.4    2.   0.9   0.6 0.006  2.81  -0.58   2.54  10.2  5.7 0.0113  0  64    -2   0  98.8   30   -14    16  -0.0 0.006728 999999.99 99999.99 99999.99     0.17     0.09     0.06 -1
2016 285  5 2499 51 52  61  37   5.9   4.9  40.8 319.9   2.8  -2.4   3.2  -0.8   3.9   0.3   3.2   2.2   2.0   1.0   83728.   9.5  393.   2.7   2.4 0.052    5578.   0.4    5.   1.0   0.7 0.006  2.96  -1.53   2.41  10.3  5.8 0.0113  0  64    -2   0  98.8   35   -17    19  -0.1 0.006728 999999.99 99999.99 99999.99     0.19     0.10     0.07 -1
2016 285  6 2499 51 52  59  36   7.0   6.8 -14.3   3.2   6.6   0.4  -1.7  -0.4  -1.7   0.6   1.6   0.8   1.1   0.9   79642.   7.3  387.   4.5   0.7 0.053    8280.   0.8    4.   0.4   0.4 0.006  2.21   0.66   1.29   7.5  5.1 0.0213  7  64    -4   3  98.8   36   -18    18   0.0 0.006728 999999.99 99999.99 99999.99     0.15     0.09     0.06 -1
2016 285  7 2499 51 52  58  33   6.6   6.0  -5.0 319.0   4.5  -3.9  -0.5  -3.6   1.5   0.6   2.7   1.8   1.3   1.4   78282.   7.6  386.   2.4   1.2 0.054    4289.   0.9    3.   1.4   0.8 0.004  2.30  -0.58   1.50   8.1  5.3 0.0183  7  64    -2   3  98.8   42   -19    24  -0.1 0.006728 999999.99 99999.99 99999.99     0.17     0.10     0.07 -1
2016 285  8 2499 51 52  64  39   5.9   4.9 -10.8 260.1  -0.8  -4.8  -0.9  -4.6   1.7   0.6   3.1   2.0   1.0   2.2   77115.   8.3  401.   1.1   0.9 0.050    9774.   0.6    9.   0.8   1.6 0.007  2.67  -0.68   2.04   9.8  5.9 0.0124  7  64     0   3  98.8   78   -39    39  -0.1 0.006728 999999.99 99999.99 99999.99     0.18     0.10     0.07 -1
2016 285  9 2499 51 52  59  35   5.7   4.5 -26.5 227.3  -2.7  -3.0  -2.0  -3.6  -0.1   0.6   3.4   2.0   1.4   2.3   73078.   9.1  410.   2.1   0.1 0.050    6472.   0.7    5.   1.0   1.1 0.005  3.07   0.04   2.35  10.8  6.2 0.0101 10  64     2   4  98.8   81   -41    39   0.1 0.006728 999999.99 99999.99 99999.99     0.20     0.10     0.07 -1
2016 285 10 2499 51 52  61  37   5.6   4.3   0.9 317.3   3.2  -2.9   0.1  -2.4   1.6   1.1   3.7   2.2   1.9   2.2   84414.   8.5  394.   2.9   0.8 0.057    6456.   0.6    3.   0.8   0.7 0.004  2.71  -0.63   2.40  10.3  5.9 0.0113 10  64     0   4  98.8   62   -27    35   0.1 0.006728 999999.99 99999.99 99999.99     0.15     0.10     0.07 -1
2016 285 11 2499 51 52  57  33   5.4   4.2   3.6 282.4   0.9  -4.1   0.3  -3.3   2.4   0.4   3.3   2.3   0.9   2.1   72941.   8.4  393.   2.2   1.0 0.051    7362.   0.5    8.   0.6   1.3 0.004  2.61  -0.94   2.41  10.5  6.0 0.0107 10  64    -2   4  98.8   67   -21    46   0.2 0.006728 999999.99 99999.99 99999.99     0.17     0.10     0.07 -1
2016 285 12 2499 51 52  60  36   5.6   5.4  22.4 308.3   3.1  -3.9   2.1  -2.3   3.8   0.1   1.2   0.7   0.6   0.7   73633.   7.8  389.   2.5   1.7 0.053    4256.   0.3    4.   0.5   0.8 0.004  2.39  -1.48   2.09   9.7  5.8 0.0126  3  64    -3   2  98.8   55   -25    30   0.2 0.006728 999999.99 99999.99 99999.99     0.18     0.10     0.08 -1
2016 285 13 2499 51 52  60  37   5.7   5.5  15.7 331.1   4.6  -2.5   1.5  -1.4   2.5   0.1   1.7   0.9   1.0   0.9   71585.   7.9  382.   3.1   1.3 0.055    6384.   0.2    5.   0.7   0.8 0.006  2.35  -0.95   2.02   9.4  5.7 0.0134  3  64    -2   2  98.8   39   -26    14   0.1 0.006728 999999.99 99999.99 99999.99     0.16     0.09     0.07 -1
2016 285 14 2499 51 52  58  36   5.9   5.7  19.2 319.5   4.1  -3.5   1.9  -2.2   3.3   0.1   1.2   0.5   1.0   0.5   66893.   7.8  384.   2.6   1.0 0.053    2782.   0.3    3.   1.0   0.5 0.003  2.33  -1.27   1.82   9.1  5.7 0.0144  3  64     1   2  98.8   37   -23    15   0.1 0.006728 999999.99 99999.99 99999.99     0.17     0.10     0.08 -1
2016 285 15 2499 51 52  60  36   6.1   6.0  27.1 346.6   5.2  -1.2   2.7   0.1   3.0   0.4   1.4   0.5   0.8   1.0   62758.   7.5  380.   4.5   1.3 0.050    7111.   0.6    3.   0.5   0.5 0.008  2.17  -1.14   1.60   8.5  5.5 0.0163  0  64     1   0  98.8   32   -19    13   0.1 0.006728 999999.99 99999.99 99999.99     0.18     0.11     0.08 -1
2016 285 16 2499 51 52  59  36   6.2   6.2  35.9 339.6   4.7  -1.7   3.6  -0.2   4.0   0.2   0.6   0.3   0.4   0.3   62326.   7.2  374.   3.8   1.8 0.053    4156.   0.5    2.   0.4   0.4 0.007  2.04  -1.50   1.49   8.1  5.4 0.0182  0  64     2   0  98.8   32   -20    12   0.0 0.006728 999999.99 99999.99 99999.99     0.17     0.10     0.07 -1
2016 285 17 2499 51 52  60  36   6.0   5.9  42.6 341.5   4.1  -1.4   4.0   0.1   4.2   0.3   1.3   0.5   1.0   0.6   67249.   7.5  375.   3.1   0.4 0.051    5395.   0.4    4.   0.5   0.5 0.007  2.12  -1.57   1.70   8.6  5.5 0.0162  0  64     3   0  98.8   24   -14    11   0.1 0.006728 999999.99 99999.99 99999.99     0.17     0.10     0.07 -1
2016 285 18 2499 51 52  58  36   6.2   6.0  14.4 325.9   4.8  -3.3   1.5  -2.7   2.4   0.2   1.6   0.6   1.1   0.9   66636.   7.2  369.   2.2   0.7 0.053    2736.   0.4    4.   0.3   0.4 0.003  1.98  -0.89   1.52   8.0  5.3 0.0187  3  64     2   2  98.8   20   -10    10   0.3 0.006728 999999.99 99999.99 99999.99     0.16     0.09     0.07 -1
2016 285 19 2499 51 52  59  35   5.8   5.6   2.9 313.6   3.8  -4.0   0.3  -3.8   1.4   0.3   1.4   0.9   0.6   1.0   68886.   7.0  367.   1.8   0.6 0.056    6572.   0.4    3.   0.7   0.6 0.004  1.93  -0.51   1.71   8.4  5.3 0.0170  3  64     2   2  98.8   25   -11    14   0.6 0.006728 999999.99 99999.99 99999.99     0.16     0.10     0.07 -1
2016 285 20 2499 51 52  64  38   5.7   5.1  23.8 343.2   4.5  -1.3   2.0  -0.8   2.3   0.2   2.5   1.1   1.2   2.0   65026.   6.0  372.   3.7   1.0 0.039   38366.   0.6    6.   1.3   1.5 0.010  1.60  -0.86   1.49   8.0  5.3 0.0186  3  64     0   2  98.8   26   -13    13   0.1 0.006728 999999.99 99999.99 99999.99     0.18     0.10     0.08 -1
2016 285 21 2499 51 52  48  27   5.6   5.3  26.1 345.2   4.6  -1.2   2.4  -0.6   2.6   0.1   1.7   0.4   1.3   0.9   52864.   5.8  374.   3.4   0.4 0.042    3784.   0.3    3.   1.1   0.7 0.003  1.58  -0.97   1.39   8.0  5.4 0.0184  7  64    -2   3  98.8   22   -11    10   0.0 0.006728 999999.99 99999.99 99999.99     0.15     0.09     0.07 -1
2016 285 22 2499 51 52  59  36   5.4   4.9  12.6 327.4   4.0  -2.6   1.1  -2.3   1.6   0.2   2.1   1.1   1.3   1.3   60582.   5.8  375.   2.0  -0.8 0.046    6766.   0.4    4.   1.1   1.0 0.005  1.61  -0.60   1.56   8.4  5.5 0.0170  7  64    -1   3  98.8   25   -14    11   0.0 0.006728 999999.99 99999.99 99999.99     0.15     0.08     0.06 -1
2016 285 23 2499 51 52  64  39   4.8   3.8  -9.5 282.5   0.8  -3.6  -0.6  -3.6   0.2   0.1   2.9   1.6   0.9   2.3   65373.   6.0  390.   1.2  -1.8 0.038    6548.   0.4    8.   0.7   1.7 0.004  1.76  -0.08   2.10  10.0  5.9 0.0120  7  64     1   3  98.8   51   -28    23   0.4 0.006728 999999.99 99999.99 99999.99     0.15     0.10     0.07 -1
2016 286  0 2499 51 52  57  34   4.5   3.6  53.7 294.8   0.9  -1.9   2.9  -1.2   3.3   0.3   2.7   1.6   1.8   1.1   59134.   6.3  386.   2.4   0.4 0.037    3821.   0.5    7.   1.1   0.9 0.004  1.80  -1.27   2.43  10.8  6.1 0.0103  7  41     0   3  97.2   29   -13    16   0.2 0.006711 999999.99 99999.99 99999.99     0.18     0.09     0.07 -1
2016 286  1 2499 51 52  61  35   4.2   3.4  -0.7 325.6   2.8  -1.9   0.0  -1.8   0.5   0.2   2.4   0.8   0.9   2.1   58778.   6.7  378.   2.6  -1.4 0.042    4310.   0.3    3.   0.5   1.1 0.004  1.87  -0.19   2.96  11.6  6.2 0.0088  7  41     0   3  97.2   37   -17    20   0.3 0.006711 999999.99 99999.99 99999.99     0.18     0.10     0.08 -1
2016 286  2 2499 51 52  58  35   4.1   3.3   8.2 331.8   2.9  -1.5   0.5  -1.3   0.9   0.2   2.3   0.9   1.1   1.8   57868.   6.4  377.   2.9  -0.6 0.042   11893.   0.3    3.   0.7   1.2 0.003  1.77  -0.34   2.95  11.6  6.2 0.0088  7  41    -4   3  97.2   32   -13    19   0.2 0.006711 999999.99 99999.99 99999.99     0.15     0.08     0.06 -1
2016 286  3 2499 51 52  60  36   4.2   3.9  41.6   6.4   2.9   0.3   2.6   1.1   2.4   0.1   1.4   0.5   1.1   0.8   49532.   6.2  377.   3.6   1.3 0.038    3028.   0.2    3.   0.7   0.5 0.003  1.70  -0.90   2.60  11.2  6.2 0.0095  3  41    -3   2  97.2   36   -13    23   0.1 0.006711 999999.99 99999.99 99999.99     0.15     0.08     0.06 -1
2016 286  4 2499 51 52  59  36   4.1   4.0  32.1 354.4   3.3  -0.3   2.1   0.5   2.1   0.1   1.1   0.4   0.6   0.8   47077.   6.1  370.   3.0   1.2 0.038    2740.   0.2    2.   0.3   0.4 0.001  1.61  -0.78   2.65  11.1  6.1 0.0096  3  41    -1   2  97.2   42   -16    26   0.2 0.006711 999999.99 99999.99 99999.99     0.16     0.09     0.06 -1
2016 286  5 2499 51 52  63  37   3.8   3.4   8.8 312.6   2.3  -2.5   0.5  -2.1   1.5   0.1   1.6   1.0   0.6   1.1   45684.   5.7  373.   1.3   0.7 0.034    3920.   0.2    6.   0.7   1.0 0.003  1.50  -0.56   2.86  11.7  6.3 0.0087  3  41    -1   2  97.2   47   -18    29   0.2 0.006711 999999.99 99999.99 99999.99     0.15     0.08     0.06 -1
2016 286  6 2499 51 52  59  35   3.8   3.1  16.4 299.3   1.4  -2.6   0.9  -1.9   2.0   0.1   2.0   1.3   0.7   1.4   42716.   5.7  376.   0.8   1.4 0.033    3860.   0.3    7.   0.6   1.1 0.004  1.52  -0.75   2.81  11.8  6.4 0.0085  7  41     1   3  97.2   70   -45    25   0.1 0.006711 999999.99 99999.99 99999.99     0.15     0.09     0.06 -1
2016 286  7 2499 51 52  58  35   3.9   3.4 -24.9 274.3   0.2  -3.1  -1.4  -3.4   0.3   0.1   1.8   1.3   0.6   1.0   41896.   5.4  380.   0.2  -0.4 0.028    3324.   0.3    8.   0.6   1.1 0.002  1.45  -0.11   2.51  11.3  6.4 0.0093  7  41     2   3  97.2   55   -20    35   0.0 0.006711 999999.99 99999.99 99999.99     0.15     0.08     0.06 -1
2016 286  8 2499 51 52  63  38   3.6   3.2  -7.3 325.7   2.6  -1.8  -0.4  -1.8   0.6   0.1   1.6   0.8   0.9   0.9   42143.   5.5  367.   1.3   0.6 0.031    3724.   0.2    4.   0.9   0.8 0.003  1.39  -0.22   3.01  12.0  6.3 0.0083  7  41     3   3  97.2   41   -19    22  -0.1 0.006711 999999.99 99999.99 99999.99     0.16     0.09     0.06 -1
2016 286  9 2499 51 52  59  35   3.6   2.8  21.4 287.0   0.8  -2.5   1.0  -1.6   2.2   0.1   2.2   1.4   1.3   1.2   37711.   5.6  377.   0.4   1.8 0.026    7931.   0.3    8.   1.7   1.0 0.003  1.47  -0.83   2.99  12.4  6.6 0.0077  3  41     5   2  97.2   40   -23    18  -0.2 0.006711 999999.99 99999.99 99999.99     0.16     0.09     0.06 -1
2016 286 10 2499 51 52  59  36   3.7   3.3 -31.1 281.3   0.6  -2.8  -1.7  -3.3   0.0   0.1   1.7   0.7   0.7   1.4   32269.   5.8  375.   0.0  -0.7 0.026    3575.   0.4    4.   0.4   1.1 0.003  1.50  -0.00   2.83  12.2  6.6 0.0080  3  41     5   2  97.2   34   -18    16   0.0 0.006711 999999.99 99999.99 99999.99     0.18     0.10     0.07 -1
2016 286 11 2499 51 52  59  34   3.6   3.3  18.8 285.3   0.8  -3.0   1.1  -2.0   2.5   0.1   1.5   0.6   0.8   1.1   30331.   5.8  370.  -0.3   1.3 0.028    2375.   0.3    3.   0.5   0.7 0.002  1.47  -0.93   2.95  12.4  6.6 0.0078  3  41     3   2  97.2   55   -37    18  -0.0 0.006711 999999.99 99999.99 99999.99     0.17     0.09     0.06 -1
2016 286 12 2499 51 52  59  36   3.5   3.0   9.9 314.7   2.1  -2.1   0.5  -1.5   1.5   0.1   1.6   1.1   0.6   0.9   29831.   5.3  362.   0.3   0.9 0.025    2683.   0.2    4.   0.5   0.7 0.002  1.28  -0.54   2.85  11.9  6.4 0.0084  3  41     0   2  97.2   70   -57    14   0.2 0.006711 999999.99 99999.99 99999.99     0.15     0.08     0.06 -1
2016 286 13 2499 51 52  62  35   3.4   2.9  39.1 307.2   1.4  -1.8   1.8  -0.7   2.4   0.1   1.7   1.1   0.7   1.1   27895.   5.6  365.   0.3   1.8 0.023    3499.   0.4    5.   0.6   0.7 0.002  1.36  -0.88   3.15  12.7  6.6 0.0074  3  41     0   2  97.2   31   -19    13   0.0 0.006711 999999.99 99999.99 99999.99     0.16     0.08     0.06 -1
2016 286 14 2499 51 52  57  35   3.3   2.6  19.3 333.8   2.2  -1.1   0.9  -0.6   1.3   0.1   2.0   1.2   1.4   0.7   26914.   5.9  361.   0.8   0.9 0.023    2375.   0.1    5.   1.0   0.5 0.002  1.40  -0.47   3.50  13.3  6.6 0.0067  3  41     1   2  97.2   30   -17    12   0.2 0.006711 999999.99 99999.99 99999.99     0.15     0.09     0.07 -1
2016 286 15 2499 51 52  60  36   3.3   3.2 -29.9 333.4   2.5  -1.2  -1.6  -1.8  -0.9   0.1   0.9   0.3   0.3   0.8   28514.   5.8  357.   0.7  -0.7 0.023    2156.   0.2    2.   0.2   0.6 0.001  1.35   0.32   3.48  13.0  6.5 0.0070 10  41    -1   4  97.2   36   -24    12   0.6 0.006711 999999.99 99999.99 99999.99     0.16     0.09     0.07 -1
2016 286 16 2499 51 52  60  34   3.0   2.9 -28.7 358.2   2.5  -0.1  -1.4  -0.6  -1.3   0.3   0.9   0.4   0.5   0.7   29042.   5.8  356.   1.3  -0.2 0.023    3754.   0.3    3.   0.3   0.6 0.002  1.34   0.46   4.22  14.3  6.6 0.0058 10  41    -2   4  97.2   68   -59     9   0.4 0.006711 999999.99 99999.99 99999.99     0.15     0.08     0.06 -1
2016 286 17 2499 51 52  58  36   2.8   2.3  27.5 304.9   1.1  -1.6   1.0  -1.2   1.5   0.2   1.5   1.0   0.6   1.0   28671.   6.0  360.   0.4   1.0 0.023    3453.   0.3    4.   0.5   0.7 0.002  1.42  -0.54   5.00  15.7  6.8 0.0048 10  41    -2   4  97.2   74   -65     9   0.2 0.006711 999999.99 99999.99 99999.99     0.17     0.09     0.07 -1
2016 286 18 2499 51 52  60  36   2.8   2.7   0.1 344.7   2.6  -0.7   0.0  -0.7   0.2   0.1   0.6   0.1   0.3   0.5   29600.   5.9  353.   0.6   0.2 0.023    4115.   0.1    1.   0.2   0.4 0.001  1.34  -0.07   4.95  15.3  6.7 0.0051 17  41    -4   6  97.2   47   -41     6   0.3 0.006711 999999.99 99999.99 99999.99     0.18     0.09     0.06 -1
2016 286 19 2499 51 52  60  36   2.9   2.7   0.6 335.7   2.5  -1.1   0.0  -1.1   0.3   0.1   0.9   0.3   0.7   0.6   27246.   6.0  353.  -0.2  -0.1 0.022    3115.   0.3    2.   0.6   0.4 0.002  1.36  -0.11   4.62  14.9  6.7 0.0054 17  41    -7   6  97.2   41   -33     8   0.2 0.006711 999999.99 99999.99 99999.99     0.16     0.09     0.07 -1
2016 286 20 2499 51 52  58  36   2.9   2.8   2.4 334.1   2.5  -1.2   0.1  -1.1   0.4   0.0   1.0   0.5   0.6   0.6   25847.   5.8  350.  -0.5  -0.3 0.024    3091.   0.4    3.   0.5   0.5 0.003  1.30  -0.14   4.42  14.5  6.6 0.0056 17  41    -7   6  97.2   69   -50    19   0.6 0.006711 999999.99 99999.99 99999.99     0.15     0.09     0.06 -1
2016 286 21 2499 51 52  60  35   3.2   3.2 -13.1 353.2   3.1  -0.4  -0.7  -0.5  -0.6   0.1   0.3   0.1   0.3   0.1   29385.   5.1  343.  -0.1  -1.1 0.023    1995.   0.1    1.   0.2   0.2 0.001  1.09   0.21   3.27  12.1  6.2 0.0081 30  41    -5  15  97.2   67   -50    17   0.4 0.006711 999999.99 99999.99 99999.99     0.17     0.10     0.07 -1
2016 286 22 2499 51 52  73  44   5.7   4.9  31.1 339.8   3.9  -1.4   2.5  -0.8   2.7   2.0   3.5   0.9   2.4   2.3   70399.  11.8  382.  -0.4   3.3 0.032   34200.   5.0   29.   1.2   3.0 0.023  3.24  -1.03   3.00  11.5  6.1 0.0090 30  41    11  15  97.2   93   -56    36   0.7 0.006711 999999.99 99999.99 99999.99     0.18     0.10     0.07 -1
2016 286 23 2499 51 52  63  38   7.8   5.5   9.1 272.7   0.3  -5.5   0.9  -5.2   2.1   0.9   5.5   3.9   2.0   3.4   86461.  17.4  424.  -2.4   3.4 0.027   14791.   2.0    9.   1.0   1.1 0.004  5.79  -0.89   2.56  11.3  6.3 0.0093 30  41    21  15  97.2   87   -44    43   0.6 0.006711 999999.99 99999.99 99999.99     0.22     0.10     0.07 -1
2016 287  0 2499 51 52  58  32   6.7   4.9  11.5 276.3   0.5  -4.7   1.0  -4.3   2.1   1.1   4.7   3.1   1.6   3.1   93515.  17.2  424.  -4.1   1.8 0.026   20293.   2.1    8.   0.9   1.0 0.003  5.70  -0.89   3.54  13.1  6.5 0.0069 23  41    20   9  94.8   48   -13    35   0.5 0.006677 999999.99 99999.99 99999.99     0.14     0.07     0.05 -1
2016 287  1 2499 51 52  62  37   8.6   8.5  21.1 300.4   4.0  -6.8   3.1  -5.8   4.7   0.6   1.4   0.8   0.8   0.8   97319.  15.6  426.  -5.0   0.7 0.018   11405.   1.4    4.   0.6   1.2 0.003  5.07  -2.00   1.98   9.8  5.9 0.0124 23  41    17   9  94.8   37    -4    33   0.2 0.006677 999999.99 99999.99 99999.99     0.14     0.08     0.06 -1
2016 287  2 2499 51 52  62  34   5.1   4.9 -12.4 295.8   2.1  -4.3  -1.0  -4.4   0.3   0.9   1.4   0.7   0.9   0.9   58443.  29.2  438.  -1.9  -1.4 0.017    3747.   1.3    2.   0.3   0.4 0.001  9.99  -0.13   8.72  23.2  7.9 0.0022 23  41    25   9  94.8   68    -6    62   0.6 0.006677 999999.99 99999.99 99999.99     0.17     0.09     0.06 -1
2016 287  3 2499 51 52  57  34   4.6   4.1 -37.0 267.3  -0.2  -3.3  -2.5  -3.9  -1.3   1.4   2.4   1.5   1.3   1.4   69666.  25.7  432.  -2.9  -2.4 0.016    8800.   3.9    5.   0.4   0.4 0.002  8.52   0.56  10.01  23.8  7.7 0.0021 30  41    21  15  94.8  104   -36    68   0.7 0.006677 999999.99 99999.99 99999.99     0.15     0.09     0.06 -1
2016 287  4 2499 51 52  62  37   4.2   3.2 -55.8 263.7  -0.2  -1.8  -2.6  -2.6  -1.7   1.1   2.8   1.1   2.2   1.2   65490.  26.4  430.  -2.8  -2.4 0.018    5988.   1.6    4.   0.6   1.0 0.002  8.74   0.73  12.07  26.3  7.8 0.0017 30  41    15  15  94.8  142   -56    86   1.1 0.006677 999999.99 99999.99 99999.99     0.16     0.09     0.07 -1
2016 287  5 2499 51 52  61  36   4.6   3.0  47.4  47.0   1.4   1.5   2.2   2.3   1.4   0.3   3.3   1.1   2.7   1.6   58888.  30.5  437.  -3.8  -4.2 0.013    5136.   2.5    2.   0.5   0.6 0.001 10.23  -0.61  11.23  26.2  8.0 0.0017 30  41    11  15  94.8  265  -135   130   1.9 0.006677 999999.99 99999.99 99999.99     0.17     0.10     0.08 -1
2016 287  6 2499 51 52  57  34   9.5   5.9 -63.3 183.8  -2.6  -0.2  -5.2  -2.5  -4.5   3.0   8.0   3.9   3.5   6.0   76647.  21.6  427.  -2.6  -2.3 0.012   19101.   7.8   12.   1.9   2.8 0.004  6.89   1.92   2.04  10.4  6.3 0.0109 43  41     8  32  94.8  312  -171   141   2.4 0.006677 999999.99 99999.99 99999.99     0.18     0.09     0.07 -1
2016 287  7 2499 51 52  62  38  14.8  14.7 -65.3 212.6  -5.2  -3.3 -13.4  -9.4 -10.1   1.2   2.0   0.8   1.2   1.3   38698.   6.9  421.  -0.1  -2.0 0.010   23625.   3.8    7.   1.1   2.5 0.007  2.12   4.25   0.22   3.7  3.4 0.0852 43  41   -13  32  94.8  784  -558   225   3.1 0.006677 999999.99 99999.99 99999.99     0.16     0.09     0.06 -1
2016 287  8 2499 51 52  61  37  15.9  15.8 -61.5 221.3  -5.7  -5.0 -13.9 -11.4  -9.4   0.3   1.5   1.1   0.9   0.6   51354.   5.9  431.   1.3  -5.5 0.017   14531.   0.7    4.   0.6   1.0 0.005  1.95   4.05   0.17   3.3  3.1 0.1097 43  41   -31  32  94.8  715  -476   239   3.8 0.006677 999999.99 99999.99 99999.99     0.18     0.09     0.06 -1
2016 287  9 2499 51 52  59  36  16.8  16.7 -68.9 234.3  -3.5  -4.9 -15.6 -12.3 -10.7   0.4   1.7   0.5   1.6   0.5   41141.   6.8  439.   1.1  -4.3 0.015   12727.   0.9    4.   0.8   1.0 0.004  2.32   4.70   0.17   3.4  3.2 0.1025 47  41   -42  39  94.8  570  -432   138   3.9 0.006677 999999.99 99999.99 99999.99     0.16     0.09     0.06 -1
2016 287 10 2499 51 52  59  36  17.6  17.5 -70.4 208.4  -5.2  -2.8 -16.5 -11.1 -12.5   0.3   1.6   0.9   1.2   0.5   56269.   7.1  436.   1.6  -5.9 0.017   11023.   0.6    6.   1.0   0.8 0.002  2.41   5.45   0.18   3.3  3.1 0.1092 47  41   -46  39  94.8  422  -323    99   3.6 0.006677 999999.99 99999.99 99999.99     0.17     0.08     0.06 -1
2016 287 11 2499 51 52  58  35  18.7  18.5 -73.1 174.7  -5.4   0.5 -17.7  -8.8 -15.3   0.5   2.6   0.7   2.4   0.5   44837.   3.3  415.   0.6  -4.6 0.024   26467.   2.1   12.   1.9   1.6 0.008  1.04   6.35   0.07   2.0  2.0 0.2927 47  41   -60  39  94.8  622  -465   157   3.9 0.006677 999999.99 99999.99 99999.99     0.15     0.08     0.06 -1
2016 287 12 2499 51 52  59  35  19.4  19.1 -71.8 143.4  -4.8   3.5 -18.1  -6.2 -17.4   0.2   3.4   0.8   3.2   0.5   39096.   1.9  411.  -0.1  -2.9 0.027   33455.   1.2    4.   1.4   1.1 0.007  0.59   7.15   0.04   1.5  1.4 0.5579 47  41   -61  39  94.8  813  -707   106   4.8 0.006677 999999.99 99999.99 99999.99     0.13     0.08     0.06 -1
2016 287 13 2499 51 52  60  34  19.7  19.5 -64.7 123.4  -4.6   7.0 -17.7  -2.5 -18.9   0.2   2.2   0.8   2.0   0.5   93847.   1.9  408.   2.1  -0.8 0.043   25274.   0.2    3.   0.7   0.7 0.010  0.62   7.71   0.05   1.4  1.4 0.5838 47  41   -65  39  94.8  852  -674   178   4.8 0.006677 999999.99 99999.99 99999.99     0.16     0.08     0.06 -1
2016 287 14 2499 51 52  59  36  20.1  20.1 -59.5 117.2  -4.7   9.1 -17.3   0.2 -19.5   0.1   0.8   0.3   0.7   0.3   51459.   1.6  404.   1.4  -0.3 0.038   17706.   0.1    3.   0.7   0.5 0.007  0.50   7.88   0.03   1.3  1.3 0.7360 47  41   -81  39  94.8  888  -758   129   3.2 0.006677 999999.99 99999.99 99999.99     0.17     0.09     0.07 -1
2016 287 15 2499 51 52  58  35  20.7  20.7 -67.8 115.9  -3.4   7.0 -19.1  -1.7 -20.3   0.3   1.7   0.7   1.3   0.9   20310.   1.2  392.   0.6  -1.6 0.038   12584.   0.1    7.   1.0   0.5 0.009  0.35   7.96   0.02   1.0  1.0 1.1056 63  41   -92  94  94.8 1200 -1127    73   3.4 0.006677 999999.99 99999.99 99999.99     0.17     0.09     0.06 -1
2016 287 16 2499 51 52  60  36  21.4  21.2 -66.1 114.0  -3.5   7.8 -19.3  -0.1 -20.8   0.3   3.1   1.7   2.0   1.6   24932.   1.2  398.   0.5  -2.6 0.042   13912.   0.2    8.   1.2   1.2 0.012  0.37   8.28   0.02   1.0  1.0 1.1462 63  41   -99  94  94.8 1067  -995    72   3.4 0.006677 999999.99 99999.99 99999.99     0.15     0.09     0.06 -1
2016 287 17 2499 51 52  60  33  21.9  21.9 -46.9 120.8  -7.7  12.8 -16.0   6.6 -19.4   0.1   1.5   0.6   0.9   1.0   31046.   1.4  392.  -2.0  -5.6 0.032   19091.   0.1    4.   1.0   1.4 0.005  0.41   7.60   0.02   1.1  1.1 1.0607 63  41  -103  94  94.8 1033  -930   103   3.4 0.006677 999999.99 99999.99 99999.99     0.16     0.09     0.06 -1
2016 287 18 2499 51 52  61  36  22.2  22.0 -43.8 116.6  -7.1  14.2 -15.2   9.0 -18.8   0.1   3.0   2.0   2.0   0.9   45983.   1.4  383.  -0.8  -3.8 0.046   16171.   0.1   11.   1.4   0.8 0.007  0.41   7.20   0.02   1.0  1.0 1.1418 63  41   -99  94  94.8  870  -758   112   3.1 0.006677 999999.99 99999.99 99999.99     0.14     0.08     0.06 -1
2016 287 19 2499 51 52  58  35  22.4  22.4 -36.6 108.1  -5.6  17.1 -13.3  13.0 -17.4   0.1   0.9   0.5   0.5   0.6   61317.   1.5  396.  -3.1  -5.0 0.037    8121.   0.2    6.   0.9   1.4 0.006  0.45   6.89   0.02   1.1  1.1 1.0149 63  41   -89  94  94.8  939  -811   127   4.9 0.006677 999999.99 99999.99 99999.99     0.17     0.08     0.06 -1
2016 287 20 2499 51 52  61  36  22.7  22.7 -37.6 112.9  -7.0  16.5 -13.8  12.7 -17.3   0.1   1.0   0.7   0.4   0.5   39200.   1.3  384.  -3.2  -3.9 0.034   12928.   0.1    9.   0.9   1.1 0.009  0.36   6.64   0.02   1.0  1.0 1.2789 63  41   -91  94  94.8  809  -551   258   4.8 0.006677 999999.99 99999.99 99999.99     0.15     0.09     0.07 -1
2016 287 21 2499 51 52  59  35  23.2  23.2 -38.0 115.0  -7.7  16.5 -14.3  12.9 -17.6   0.2   1.0   0.7   0.6   0.6   32802.   1.5  382.  -2.6  -2.4 0.030    5266.   0.2    5.   1.0   0.9 0.003  0.41   6.72   0.02   1.0  1.0 1.1699 50  41   -94  48  94.8  756  -513   244   4.5 0.006677 999999.99 99999.99 99999.99     0.18     0.09     0.06 -1
2016 287 22 2499 51 52  62  34  24.1  23.8 -35.5 115.9  -8.5  17.4 -13.8  14.1 -17.2   0.4   4.0   2.4   1.8   2.7   28622.   1.7  383.  -2.8  -2.2 0.024    5939.   0.1    3.   0.5   0.6 0.005  0.46   6.59   0.02   1.0  1.0 1.1081 50  41   -97  48  94.8  635  -462   173   4.5 0.006677 999999.99 99999.99 99999.99     0.16     0.08     0.05 -1
2016 287 23 2499 51 52  57  35  24.0  24.0  -4.9  85.2   2.0  23.8  -2.0  22.8  -7.1   0.3   0.8   0.7   0.3   0.3   25136.   1.4  382.   0.4  -2.8 0.017    5617.   0.2    8.   0.5   0.6 0.003  0.36   2.71   0.02   0.9  0.9 1.3414 50  41  -104  48  94.8  681  -467   214   5.5 0.006677 999999.99 99999.99 99999.99     0.16     0.08     0.06 -1
2016 288  0 2499 51 52  60  35  23.2  22.9 -13.2  87.0   1.2  22.3  -5.3  20.5 -10.3   0.1   3.1   0.6   0.9   3.0   32903.   2.3  383.   1.8  -1.6 0.020   10085.   0.5    7.   0.7   1.4 0.004  0.61   3.94   0.03   1.3  1.2 0.7590 57  41   -97  67  92.3  585  -390   195   3.3 0.006627 999999.99 99999.99 99999.99     0.17     0.08     0.06 -1
2016 288  1 2499 51 52  60  35  23.4  23.2 -12.6  89.5   0.2  22.7  -5.0  20.7 -10.6   0.2   2.5   1.4   0.4   2.0   27220.   1.7  377.   1.6  -1.1 0.021    7166.   0.3    5.   0.8   0.7 0.003  0.44   4.00   0.02   1.1  1.0 1.0782 57  41   -84  67  92.3  865  -683   182   4.6 0.006627 999999.99 99999.99 99999.99     0.16     0.08     0.06 -1
2016 288  2 2499 51 52  56  34  22.9  22.8   0.3  93.6  -1.4  22.7   0.1  21.8  -6.4   0.2   2.8   1.6   0.3   2.2   37217.   1.8  384.   0.2  -0.1 0.020   18951.   0.3   11.   1.5   1.8 0.005  0.48   2.46   0.02   1.1  1.1 0.9400 57  41   -79  67  92.3  796  -652   145   4.1 0.006627 999999.99 99999.99 99999.99     0.18     0.10     0.08 -1
2016 288  3 2499 51 52  61  37  22.0  21.9  12.5  93.0  -1.1  21.3   4.7  21.7  -2.5   0.4   2.1   0.9   0.8   1.7   16376.   1.8  363.  -2.5   0.4 0.013    3430.   0.3    4.   0.7   1.9 0.002  0.42   0.91   0.02   1.1  1.1 0.9709 47  41   -80  39  92.3  640  -549    91   3.5 0.006627 999999.99 99999.99 99999.99     0.17     0.10     0.07 -1
2016 288  4 2499 51 52  61  36  20.6  20.5  18.9  90.7  -0.3  19.4   6.7  20.5  -1.0   0.3   1.8   0.8   0.4   1.6   22132.   2.4  366.  -2.5  -0.3 0.023    2914.   0.4    5.   0.9   1.4 0.007  0.59   0.37   0.04   1.4  1.4 0.6280 47  41   -76  39  92.3  496  -401    95   3.3 0.006627 999999.99 99999.99 99999.99     0.19     0.10     0.07 -1
2016 288  5 2499 51 52  63  37  19.9  19.9   7.8  96.6  -2.3  19.6   2.7  19.0  -5.6   0.1   1.7   0.9   0.2   1.5   20136.   3.1  374.  -1.0  -3.9 0.021    4477.   0.5    4.   0.6   1.0 0.005  0.78   2.09   0.05   1.7  1.6 0.4345 47  41   -73  39  92.3  554  -455    99   3.4 0.006627 999999.99 99999.99 99999.99     0.17     0.10     0.07 -1
2016 288  6 2499 51 52  57  34  19.5  19.5   7.0  97.5  -2.5  19.2   2.4  18.2  -6.5   0.1   1.2   0.6   0.1   1.0   13807.   3.9  368.  -0.6  -1.8 0.023    4168.   0.8    6.   0.4   1.6 0.003  0.96   2.39   0.06   1.9  1.8 0.3425 47  41   -72  39  92.3  688  -502   185   5.1 0.006627 999999.99 99999.99 99999.99     0.18     0.11     0.08 -1
2016 288  7 2499 51 52  59  37  19.0  19.0  16.5  91.3  -0.4  18.2   5.4  18.5  -4.1   0.2   0.8   0.6   0.2   0.4   10238.   6.5  358.   0.3  -0.7 0.017    2305.   1.0    7.   0.2   0.9 0.002  1.49   1.47   0.10   2.4  2.3 0.2062 47  41   -68  39  92.3  786  -591   194   3.2 0.006627 999999.99 99999.99 99999.99     0.16     0.10     0.07 -1
2016 288  8 2499 51 52  59  34  18.4  18.3  23.5  90.9  -0.3  16.8   7.3  18.2  -2.2   0.2   1.8   1.1   0.7   1.2   10438.   5.9  361.   0.1  -1.8 0.026    2916.   0.6    6.   0.5   0.9 0.006  1.42   0.79   0.10   2.4  2.3 0.2095 47  41   -62  39  92.3  675  -561   114   3.0 0.006627 999999.99 99999.99 99999.99     0.17     0.09     0.07 -1
2016 288  9 2499 51 52  62  38  17.7  17.6  45.9  81.8   1.7  12.1  12.7  16.9   4.5   0.3   1.0   0.3   0.8   0.5   10350.   6.7  362.  -0.8  -0.8 0.011    1877.   1.1    2.   0.4   0.4 0.001  1.53  -1.63   0.12   2.6  2.5 0.1698 30  41   -54  15  92.3  410  -352    58   1.4 0.006627 999999.99 99999.99 99999.99     0.20     0.10     0.08 -1
2016 288 10 2499 51 52  59  36  16.8  16.8  46.9  84.5   1.1  11.4  12.3  16.2   4.5   0.1   0.8   0.4   0.5   0.4   16791.  11.0  364.  -1.3   0.9 0.012    1856.   0.8    3.   0.4   0.6 0.002  2.55  -1.64   0.24   3.6  3.3 0.0921 30  41   -43  15  92.3  442  -390    53   1.7 0.006627 999999.99 99999.99 99999.99     0.17     0.11     0.08 -1
2016 288 11 2499 51 52  60  36  16.6  16.5  43.6  85.2   1.0  11.9  11.4  16.1   3.5   0.1   1.0   0.4   0.5   0.7   21013.  10.2  361.  -1.2   1.9 0.010    4079.   1.6    1.   0.4   0.7 0.003  2.31  -1.26   0.23   3.5  3.2 0.0986 30  41   -40  15  92.3  332  -272    60   1.7 0.006627 999999.99 99999.99 99999.99     0.16     0.08     0.06 -1
2016 288 12 2499 51 52  59  35  16.1  16.1  41.1  84.4   1.2  12.1  10.6  15.8   3.0   0.3   0.7   0.4   0.5   0.3   24197.   7.9  354.  -0.7   2.7 0.010    3559.   0.7    5.   0.6   0.6 0.002  1.72  -1.06   0.19   3.1  2.9 0.1246 17  41   -37   6  92.3  225  -200    25   0.9 0.006627 999999.99 99999.99 99999.99     0.16     0.09     0.07 -1
2016 288 13 2499 51 52  61  37  15.7  15.6  40.8  85.8   0.9  11.8  10.2  15.3   3.2   0.1   1.4   0.7   0.7   0.9   32514.   8.3  358.  -1.6   3.9 0.013    3809.   0.8    3.   0.5   0.5 0.003  1.87  -1.15   0.23   3.3  3.0 0.1102 17  41   -32   6  92.3  248  -243     5   0.8 0.006627 999999.99 99999.99 99999.99     0.18     0.10     0.08 -1
2016 288 14 2499 51 52  60  36  15.2  15.1  29.8  94.4  -1.0  13.1   7.5  15.1   0.7   0.3   1.6   1.0   0.7   1.0   32097.   7.8  357.  -1.1   3.2 0.008    4628.   1.1    2.   0.5   1.0 0.001  1.71  -0.25   0.23   3.3  3.0 0.1106 17  41   -29   6  92.3  186  -174    12   1.1 0.006627 999999.99 99999.99 99999.99     0.18     0.09     0.06 -1
2016 288 15 2499 51 52  58  36  14.0  13.4  32.5  95.4  -1.1  11.2   7.2  13.2   1.9   0.1   3.8   1.4   1.9   3.0   82313.   4.3  361.  -0.0   0.7 0.022   26406.   1.0    7.   2.0   1.7 0.006  1.02  -0.69   0.19   2.7  2.5 0.1664 17  41   -31   6  92.3  205  -194    11   1.0 0.006627 999999.99 99999.99 99999.99     0.18     0.11     0.08 -1
2016 288 16 2499 51 52  71  40  12.7  10.0  58.7  48.7   3.4   3.9   8.6   6.9   6.5   1.0   7.7   2.2   6.3   4.0   98940.   4.1  362.   0.3   1.0 0.024   45791.   1.2   27.   3.1   2.8 0.007  0.98  -2.35   0.24   2.9  2.6 0.1428 17  41   -31   6  92.3  190  -148    42   0.5 0.006627 999999.99 99999.99 99999.99     0.17     0.10     0.07 -1
2016 288 17 2499 51 52  60  34  11.0  10.1  25.7 292.0   3.4  -8.4   4.4  -6.4   7.0   0.3   4.1   1.8   1.2   3.5  164401.   5.1  405.   0.7  -3.3 0.034   29544.   0.5    7.   0.8   1.9 0.004  1.59  -2.83   0.51   4.2  3.5 0.0688 17  41   -27   6  92.3  132   -99    34   0.8 0.006627 999999.99 99999.99 99999.99     0.16     0.08     0.06 -1
2016 288 18 2499 51 52  55  33  11.2  11.1  31.7 306.4   5.6  -7.6   5.8  -5.5   7.8   0.1   1.5   1.0   0.8   0.9  160568.   5.0  391.   0.9  -2.1 0.036   31568.   0.5    8.   0.8   0.6 0.004  1.46  -3.05   0.48   3.9  3.3 0.0781  7  41   -25   3  92.3   32    -1    31   0.3 0.006627 999999.99 99999.99 99999.99     0.17     0.09     0.06 -1
2016 288 19 2499 51 52  58  34  11.6  11.5  26.9 310.4   6.7  -7.8   5.2  -6.2   7.1   0.3   0.9   0.4   0.5   0.7  142544.   5.3  380.   0.5  -1.7 0.035   25416.   0.7    5.   0.8   0.9 0.004  1.46  -2.70   0.44   3.8  3.2 0.0837  7  41   -21   3  92.3   22     0    22   0.2 0.006627 999999.99 99999.99 99999.99     0.17     0.10     0.08 -1
2016 288 20 2499 51 52  61  34  11.5  10.7   1.2 289.0   3.5 -10.1   0.2  -9.8   2.6   0.3   3.8   2.6   1.1   2.6  103432.   9.3  387.  -2.9  -4.0 0.027   16533.   1.1   17.   0.6   2.4 0.003  2.58  -1.01   0.68   5.1  4.1 0.0452  7  41   -16   3  92.3   46   -14    32   0.9 0.006627 999999.99 99999.99 99999.99     0.18     0.09     0.06 -1
2016 288 21 2499 51 52  55  33  12.0  11.4  22.6 307.1   6.3  -8.4   4.4  -7.2   6.1   0.4   3.5   2.1   1.6   2.3  127338.   9.9  366.  -1.1   0.2 0.033   16578.   0.9   12.   1.1   2.0 0.004  2.51  -2.23   0.73   4.8  3.8 0.0517  7  41   -17   3  92.3   50   -20    29   0.6 0.006627 999999.99 99999.99 99999.99     0.18     0.10     0.08 -1
2016 288 22 2499 51 52  64  38  12.0  11.3  33.2 326.9   7.9  -5.1   6.2  -3.7   7.1   0.5   4.0   1.0   2.7   2.7  144046.  10.4  357.  -0.3   0.8 0.033   14301.   0.7    5.   1.1   1.3 0.004  2.51  -2.53   0.82   4.8  3.7 0.0517  7  41   -16   3  92.3   25    -5    21   0.1 0.006627 999999.99 99999.99 99999.99     0.19     0.10     0.07 -1
2016 288 23 2499 51 52  58  33  13.2  12.6  18.5 319.5   9.1  -7.8   4.0  -6.8   5.6   0.8   4.0   1.2   1.7   3.4  142440.  10.1  366.  -4.4  -0.8 0.043   17427.   1.0    5.   1.5   2.1 0.015  2.65  -2.05   0.65   4.4  3.5 0.0613  7  41   -13   3  92.3   31   -10    20   0.4 0.006627 999999.99 99999.99 99999.99     0.20     0.09     0.07 -1
2016 289  0 2499 51 52  74  44  12.3  10.4  19.6 322.9   7.8  -5.9   3.5  -4.9   4.8   2.2   6.9   2.3   3.7   5.3  227508.   9.5  386.  -2.3  -1.7 0.044   98509.   1.9   26.   3.7   3.5 0.011  2.78  -1.85   0.93   4.8  3.6 0.0509 27  36   -12  12  84.4   35   -11    24   0.2 0.006531 999999.99 99999.99 99999.99     0.18     0.10     0.07 -1
2016 289  1 2499 51 52  60  35  13.7  13.6 -10.3 297.4   6.2 -11.9  -2.4 -12.1   0.7   0.2   1.5   1.1   0.7   0.8  244977.   5.5  438.   4.3  -3.0 0.023   42600.   1.0    6.   0.8   0.9 0.009  1.92  -0.31   0.46   3.7  3.2 0.0846 27  36   -14  12  84.4   70   -27    43   0.3 0.006531 999999.99 99999.99 99999.99     0.18     0.09     0.07 -1
2016 289  2 2499 51 52  62  36  12.8   4.9  15.9 306.4   2.8  -3.8   1.3  -3.3   2.3   1.4  11.8   2.1  10.1   5.6  273058.   5.8  450.   5.1  -2.2 0.032  160913.   0.6   25.   4.5   2.0 0.010  2.21  -1.03   0.59   4.2  3.4 0.0664 27  36   -13  12  84.4  178  -100    79   1.9 0.006531 999999.99 99999.99 99999.99     0.16     0.09     0.07 -1
2016 289  3 2499 51 52  59  34  11.6  10.0  14.4 308.7   6.0  -7.5   2.5  -6.3   4.8   0.4   5.4   1.9   3.8   3.3  275899.   5.8  456.   0.9  -3.5 0.036   55597.   1.1   18.   2.5   3.1 0.007  2.30  -2.19   0.72   4.7  3.7 0.0531 23  36   -11   9  84.4  136   -35   101   1.5 0.006531 999999.99 99999.99 99999.99     0.15     0.08     0.06 -1
2016 289  4 2499 51 52  61  35  11.5  10.3  11.5 304.5   5.7  -8.3   2.0  -7.0   4.9   0.4   4.8   3.3   1.9   3.0  244474.   5.2  480.   1.3  -2.4 0.026   56481.   1.1   32.   2.2   2.9 0.005  2.21  -2.35   0.61   4.8  3.9 0.0525 23  36   -10   9  84.4   68   -15    52   0.3 0.006531 999999.99 99999.99 99999.99     0.15     0.09     0.07 -1
2016 289  5 2499 51 52  65  37  10.0   9.3   5.4 330.3   8.0  -4.6   0.9  -3.8   2.7   0.4   3.5   1.3   1.7   2.8  217484.   4.4  464.   2.8  -2.7 9.999   35354.   0.7   12.   1.6   3.1 9.999  1.89  -1.25   0.63   4.9  3.9 0.0502 23  36   -15   9  84.4   62   -16    46   0.2 0.006531 999999.99 99999.99 99999.99     0.15     0.09     0.06 -1
2016 289  6 2499 51 52  59  35   9.1   8.5   0.5 323.7   6.8  -5.0   0.1  -4.4   2.3   0.3   3.2   1.1   2.4   1.8  159161.   4.4  476.  -0.8  -2.0 0.039   42406.   0.5   14.   2.8   2.0 0.003  1.92  -1.09   0.64   5.5  4.4 0.0395 20  36   -17   7  84.4   45   -18    27  -0.0 0.006531 999999.99 99999.99 99999.99     0.15     0.09     0.07 -1
2016 289  7 2499 51 52  56  36   8.7   8.1 -16.6 323.2   6.2  -4.6  -2.3  -5.1   0.2   0.3   2.9   1.5   2.1   1.2  131159.   4.5  478.  -0.6  -4.0 0.035   24161.   0.7   14.   2.5   1.6 0.006  1.96  -0.10   0.64   5.8  4.7 0.0350 20  36   -18   7  84.4   53   -17    36   0.1 0.006531 999999.99 99999.99 99999.99     0.16     0.09     0.06 -1
2016 289  8 2499 51 52  63  35   8.3   7.3  -8.3 311.1   4.8  -5.5  -1.1  -5.3   1.8   0.8   3.8   1.4   2.4   2.5  192015.   4.2  499.  -0.7  -1.8 0.034   36792.   0.6   12.   1.9   2.9 0.007  1.98  -0.90   0.81   6.2  4.7 0.0313 20  36   -20   7  84.4  182   -94    88   0.3 0.006531 999999.99 99999.99 99999.99     0.15     0.08     0.06 -1
2016 289  9 2499 51 52  62  36   7.4   6.0  27.5  26.2   4.8   2.4   2.8   3.5   1.1   0.4   4.0   2.4   2.4   2.1  245226.   4.8  501.   6.8   1.8 0.030   41337.   1.2   27.   2.0   2.1 0.006  2.25  -0.55   1.36   7.4  5.0 0.0216 20  36   -17   7  84.4  170   -88    82   0.9 0.006531 999999.99 99999.99 99999.99     0.17     0.09     0.06 -1
2016 289 10 2499 51 52  57  34   8.6   7.5 -22.0 355.7   6.9  -0.5  -2.8  -1.9  -2.1   0.5   4.1   1.5   3.0   2.4  220609.   4.2  484.   4.6  -3.1 0.032   45634.   1.1   16.   3.0   2.6 0.003  1.85   1.02   0.82   5.8  4.4 0.0358 20  36   -19   7  84.4  235  -156    79   1.0 0.006531 999999.99 99999.99 99999.99     0.16     0.10     0.07 -1
2016 289 11 2499 51 52  60  34   8.2   7.8   0.7   9.4   7.7   1.3   0.1   1.2  -0.6   0.2   2.3   0.7   0.8   2.0  178865.   3.5  462.   7.9   0.1 0.031   35269.   0.9   11.   1.0   2.1 0.000  1.40   0.28   0.67   5.3  4.2 0.0428 20  36   -24   7  84.4  326  -284    42   1.2 0.006531 999999.99 99999.99 99999.99     0.18     0.11     0.09 -1
2016 289 12 2499 51 52  62  38   7.8   6.9   9.4 333.0   6.1  -3.1   1.1  -2.1   2.5   0.1   3.5   1.5   2.7   1.6  203072.   4.0  470.   3.0   1.5 0.028   26559.   0.7   18.   3.2   2.3 0.004  1.64  -1.18   0.91   6.0  4.5 0.0328 20  36   -22   7  84.4  254  -163    92   0.4 0.006531 999999.99 99999.99 99999.99     0.18     0.10     0.07 -1
2016 289 13 2499 51 52  64  39   8.3   7.4 -14.0 289.9   2.4  -6.7  -1.8  -6.7   1.7   0.3   3.4   2.5   1.3   1.9  183294.   4.3  507.  -0.6  -2.4 0.022   39230.   0.6   24.   1.4   2.1 0.004  2.01  -0.86   0.81   6.3  4.9 0.0297 20  36   -16   7  84.4  173  -104    68   0.9 0.006531 999999.99 99999.99 99999.99     0.16     0.09     0.06 -1
2016 289 14 2499 51 52  58  33   8.4   7.4  13.9 289.1   2.4  -6.8   1.8  -5.3   4.7   0.2   3.5   1.8   1.9   2.4  177825.   4.8  512.   0.1   1.7 0.023   25009.   0.7   13.   2.0   2.2 0.004  2.29  -2.41   0.87   6.7  5.0 0.0267 20  36    -9   7  84.4  136   -85    51   0.3 0.006531 999999.99 99999.99 99999.99     0.17     0.09     0.07 -1
2016 289 15 2499 51 52  61  34   8.6   6.9   9.3 303.0   3.7  -5.7   1.1  -4.7   3.4   0.3   4.7   1.5   2.6   3.7  183687.   4.9  500.   1.1   0.7 0.023   29383.   0.7   14.   2.9   4.2 0.004  2.23  -1.70   0.86   6.4  4.9 0.0287 27  36    -8  12  84.4  108   -75    33   0.7 0.006531 999999.99 99999.99 99999.99     0.16     0.09     0.07 -1
2016 289 16 2499 51 52  56  34   9.3   8.5 -50.1 281.4   1.1  -5.3  -6.5  -7.4  -4.0   0.2   3.6   1.3   2.1   2.6  178223.   4.5  521.   1.1  -7.2 0.020   20467.   0.3   13.   2.0   2.4 0.004  2.20   2.08   0.66   5.9  4.7 0.0337 27  36   -12  12  84.4  240  -192    48   3.1 0.006531 999999.99 99999.99 99999.99     0.17     0.10     0.07 -1
2016 289 17 2499 51 52  67  39   8.7   6.6  24.5 323.8   4.8  -3.5   2.7  -2.4   3.7   0.3   5.3   1.8   3.1   3.9  168036.   4.0  495.   2.7   1.2 0.025   47690.   0.8   26.   3.8   4.1 0.003  1.80  -1.83   0.65   5.7  4.6 0.0367 27  36   -18  12  84.4  289  -199    90   0.9 0.006531 999999.99 99999.99 99999.99     0.16     0.09     0.07 -1
2016 289 18 2499 51 52  52  31   8.8   7.2   8.3 330.1   6.1  -3.5   1.0  -3.0   2.0   0.2   4.9   2.0   2.2   3.8  169594.   3.7  482.   2.4  -1.3 9.999   53404.   0.8   20.   2.2   4.4 9.999  1.72  -0.96   0.59   5.3  4.3 0.0429 20  36   -17   7  84.4   85   -53    32   0.1 0.006531 999999.99 99999.99 99999.99     0.18     0.10     0.07 -1
2016 289 19 2499 51 52  64  34   8.5   7.4   6.2 318.8   5.6  -4.9   0.8  -4.5   2.1   0.2   3.7   1.2   1.6   3.1  170492.   3.7  487.   0.7  -1.3 0.030   40446.   0.8   18.   2.0   3.8 0.002  1.64  -1.02   0.64   5.5  4.4 0.0392 20  36   -16   7  84.4  152  -109    43   1.5 0.006531 999999.99 99999.99 99999.99     0.18     0.10     0.07 -1
2016 289 20 2499 51 52  62  38   8.0   7.5  -2.6 307.4   4.5  -5.9  -0.3  -5.8   1.1   0.1   2.6   1.2   1.5   1.8  213960.   4.1  519.   1.3  -2.3 0.028   33360.   0.7   15.   1.7   2.3 0.003  2.05  -0.57   0.91   6.6  4.9 0.0276 20  36   -16   7  84.4  212  -174    37   1.5 0.006531 999999.99 99999.99 99999.99     0.18     0.10     0.07 -1
2016 289 21 2499 51 52  59  34   7.7   7.1   3.8 313.0   4.8  -5.2   0.5  -5.0   1.6   0.2   2.6   1.0   0.9   2.3  233150.   3.6  517.   1.3  -1.5 0.028   46983.   0.7   11.   0.8   2.4 0.004  1.79  -0.83   0.91   6.4  4.8 0.0293 30  36   -18  15  84.4   83   -45    37   0.9 0.006531 999999.99 99999.99 99999.99     0.20     0.10     0.07 -1
2016 289 22 2499 51 52  61  37   7.2   6.4 -27.6 297.0   2.6  -5.1  -3.0  -5.6  -1.9   0.2   2.7   1.3   1.0   2.1  304042.   3.9  544.   1.0  -4.7 0.028   31411.   0.5   15.   1.4   2.1 0.004  2.14   1.03   1.35   7.5  5.1 0.0214 30  36   -19  15  84.4  262  -141   121   2.3 0.006531 999999.99 99999.99 99999.99     0.20     0.10     0.07 -1
2016 289 23 2499 51 52  59  34   6.8   5.3   2.4 314.4   3.7  -3.8   0.2  -3.7   1.0   0.3   4.0   1.9   1.8   3.0  276228.   3.2  523.   1.8  -1.7 0.025   74385.   0.9   25.   2.2   3.3 0.004  1.61  -0.52   1.16   6.9  4.9 0.0251 30  36   -18  15  84.4  333  -181   152   2.8 0.006531 999999.99 99999.99 99999.99     0.19     0.10     0.08 -1
2016 290  0 2499 51 52  63  29   6.4   5.0 -27.7 316.3   3.2  -3.1  -2.3  -3.5  -1.5   0.5   3.7   2.2   1.9   2.4  283099.   3.1  527.   2.0  -3.7 0.029   76751.   0.8   27.   2.0   2.5 0.000  1.60   0.79   1.30   7.2  5.0 0.0226 27  32   -16  12  80.4  239  -110   130   2.0 0.006521 999999.99 99999.99 99999.99     0.17     0.09     0.07 -1
2016 290  1 2499 51 52  56  32   6.9   5.5   4.6 333.1   4.9  -2.5   0.4  -2.3   1.0   0.2   4.0   1.8   1.8   3.1  253111.   3.5  511.   2.2  -1.3 0.028   38116.   0.6   15.   1.4   2.3 0.001  1.70  -0.51   1.17   6.9  4.9 0.0248 27  32   -17  12  80.4  109   -36    73   0.7 0.006521 999999.99 99999.99 99999.99     0.16     0.09     0.07 -1
2016 290  2 2499 51 52  61  38   7.7   7.1  14.4 340.7   6.5  -2.3   1.8  -1.7   2.4   0.4   2.8   0.6   1.1   2.4  195783.   3.3  501.   1.7  -0.1 9.999   50627.   0.5   10.   1.5   2.7 9.999  1.66  -1.20   0.75   5.9  4.6 0.0341 27  32   -15  12  80.4   83   -25    58   0.6 0.006521 999999.99 99999.99 99999.99     0.18     0.09     0.06 -1
2016 290  3 2499 51 52  60  36   8.2   6.9  29.3 321.9   4.7  -3.7   3.4  -2.4   4.4   0.2   4.3   1.1   1.3   3.9  165764.   3.9  528.  -0.1   0.4 0.019   35161.   0.5   16.   1.6   3.7 0.005  1.95  -2.32   0.71   6.4  5.0 0.0294 13  32   -13   5  80.4   35    -7    29  -0.1 0.006521 999999.99 99999.99 99999.99     0.16     0.09     0.07 -1
2016 290  4 2499 51 52  60  29   8.8   8.0  29.0 323.6   5.6  -4.1   3.9  -2.4   5.1   0.4   3.2   1.8   1.5   2.1  143937.   4.0  521.  -1.5   0.8 0.013   40597.   0.5   19.   2.0   2.0 0.001  1.91  -2.66   0.59   5.9  4.8 0.0339 13  32   -11   5  80.4   24    -7    16  -0.1 0.006521 999999.99 99999.99 99999.99     0.17     0.11     0.07 -1
2016 290  5 2499 51 52  59  36   9.0   8.5  18.0 327.1   6.8  -4.4   2.6  -3.0   4.2   0.2   2.8   1.0   1.5   2.1  145558.   4.0  511.  -4.3  -0.9 0.027   49575.   0.5   14.   1.7   2.2 0.005  1.93  -2.15   0.56   5.7  4.7 0.0369 13  32   -11   5  80.4   34    -6    27  -0.0 0.006521 999999.99 99999.99 99999.99     0.16     0.10     0.06 -1
2016 290  6 2499 51 52  64  38   9.2   4.2   4.5 321.1   3.3  -2.6   0.3  -2.2   1.4   0.5   8.0   2.7   4.8   5.8  285834.   4.0  559.  -1.9  -2.3 0.022   75792.   0.8   21.   3.6   3.0 0.007  2.27  -0.78   0.81   6.1  4.7 0.0322 27  32   -14  12  80.4  110   -32    78   0.3 0.006521 999999.99 99999.99 99999.99     0.19     0.09     0.07 -1
2016 290  7 2499 51 52  63  28   7.9   6.9  -1.0 324.1   5.6  -4.1  -0.1  -3.6   1.9   0.8   3.6   1.5   1.5   2.8  241812.   3.0  557.  -3.1  -2.8 9.999   79362.   1.0   19.   1.6   2.1 9.999  1.86  -1.06   0.74   6.1  4.8 0.0319 27  32   -13  12  80.4   77   -34    43   0.3 0.006521 999999.99 99999.99 99999.99     0.17     0.10     0.07 -1
2016 290  8 2499 51 52  64  35   6.8   5.4 -16.4 318.4   3.8  -3.4  -1.5  -3.7   0.4   0.7   4.0   1.7   1.3   3.3  327894.   4.8  645.   1.2  -1.9 0.026   33731.   0.6   23.   1.2   1.9 0.003  3.68  -0.26   1.97  10.4  6.3 0.0110 27  32   -12  12  80.4  362  -224   138   1.1 0.006521 999999.99 99999.99 99999.99     0.15     0.09     0.06 -1
2016 290  9 2499 51 52  59  35   6.5   5.3  17.3 313.0   3.4  -3.7   1.6  -2.3   3.3   0.2   3.5   1.6   1.7   2.6  315085.   5.3  658.   1.7  -0.3 0.023   21328.   0.4   12.   1.2   1.5 0.004  4.18  -2.17   2.31  11.7  6.7 0.0088 30  32   -12  15  80.4  486  -395    91   1.9 0.006521 999999.99 99999.99 99999.99     0.16     0.08     0.06 -1
2016 290 10 2499 51 52  60  36   6.9   5.9  -0.7 326.0   4.9  -3.3  -0.1  -2.9   1.6   0.4   3.3   1.2   1.1   2.9  268006.   4.5  637.   1.4  -0.9 0.024   39348.   0.7   11.   0.9   1.9 0.005  3.34  -1.02   1.56   9.8  6.4 0.0124 30  32   -12  15  80.4  209  -119    89   1.3 0.006521 999999.99 99999.99 99999.99     0.16     0.08     0.06 -1
2016 290 11 2499 51 52  61  37   8.2   7.8  -8.8 316.6   5.6  -5.3  -1.2  -5.2   1.7   0.3   2.4   0.9   1.0   2.0  171180.   3.3  639.   0.0  -1.5 0.020   27173.   0.3   12.   0.9   2.0 0.003  2.43  -1.09   0.61   7.1  5.7 0.0237 30  32   -12  15  80.4  116   -52    64   0.6 0.006521 999999.99 99999.99 99999.99     0.16     0.09     0.07 -1
2016 290 12 2499 51 52  61  36   7.2   6.1  10.6 307.2   3.6  -4.8   1.1  -3.6   3.4   0.3   3.5   1.3   1.7   2.8  226965.   3.9  670.   0.0  -0.4 0.023   27044.   0.3   13.   1.4   2.4 0.004  3.19  -2.28   1.11   9.2  6.6 0.0141 30  32    -8  15  80.4  216  -162    54   0.2 0.006521 999999.99 99999.99 99999.99     0.15     0.08     0.05 -1
2016 290 13 2499 51 52  60  36   6.7   5.0 -32.3 329.6   3.7  -2.1  -2.7  -3.1  -1.4   0.4   4.2   2.1   2.2   2.9  270187.   4.3  677.   2.0  -2.8 0.024   32479.   0.4   17.   1.6   2.1 0.004  3.61   0.95   1.59  10.5  6.8 0.0108 30  32    -9  15  80.4  333  -291    42   2.8 0.006521 999999.99 99999.99 99999.99     0.17     0.10     0.07 -1
2016 290 14 2499 51 52  59  36   6.1   5.0  39.6 320.3   3.0  -2.5   3.2  -0.8   4.0   0.5   3.1   1.5   2.1   1.6  244329.   3.6  684.   1.2   1.0 0.026   37465.   0.4   14.   1.5   1.3 0.003  3.11  -2.74   1.50  10.6  7.0 0.0105 30  32   -18  15  80.4  162   -86    76   0.5 0.006521 999999.99 99999.99 99999.99     0.15     0.08     0.06 -1
2016 290 15 2499 51 52  61  35   6.1   4.9  29.4 309.5   2.7  -3.3   2.4  -2.0   3.5   0.1   3.2   1.5   2.0   2.0  249787.   3.5  689.   0.1   0.7 0.026   29807.   0.3   16.   1.9   1.9 0.002  3.06  -2.41   1.48  10.6  7.0 0.0107 23  32   -14   9  80.4  290  -209    80   0.9 0.006521 999999.99 99999.99 99999.99     0.16     0.09     0.07 -1
2016 290 16 2499 51 52  60  36   6.1   5.1  32.0 328.4   3.7  -2.3   2.7  -1.1   3.4   0.1   3.1   1.4   1.3   2.4  228879.   3.3  678.   0.3   0.7 0.025   29418.   0.2   18.   1.2   2.5 0.003  2.79  -2.31   1.32  10.1  6.9 0.0117 23  32   -11   9  80.4   80   -35    44   0.4 0.006521 999999.99 99999.99 99999.99     0.15     0.09     0.06 -1
2016 290 17 2499 51 52  58  34   6.0   5.2  -0.1 341.7   4.9  -1.6   0.0  -1.5   0.5   0.1   2.9   0.9   0.9   2.6  196972.   3.0  660.   0.2  -1.4 0.025   34022.   0.4   14.   1.3   2.6 0.003  2.40  -0.33   1.13   9.5  6.8 0.0131 23  32   -12   9  80.4  198  -157    41   1.4 0.006521 999999.99 99999.99 99999.99     0.15     0.08     0.06 -1
2016 290 18 2499 51 52  61  36   5.9   5.1   1.6 356.2   5.1  -0.3   0.1  -0.3   0.2   0.1   2.9   0.6   2.3   1.7  223531.   3.1  656.   1.7  -0.6 0.030   47918.   0.3   10.   2.8   2.1 0.003  2.50  -0.13   1.30   9.8  6.7 0.0124 50  32   -21  48  80.4  770  -656   114   3.3 0.006521 999999.99 99999.99 99999.99     0.16     0.09     0.07 -1
2016 290 19 2499 51 52  62  38   6.1   4.1 -16.3 309.0   2.5  -3.0  -1.1  -3.2  -0.3   0.5   4.4   1.7   2.0   3.6  245275.   3.3  692.  -0.6  -2.2 0.033   41759.   0.4   25.   1.4   2.7 0.003  2.99   0.21   1.38  10.3  7.0 0.0112 50  32   -21  48  80.4  540  -474    66   2.3 0.006521 999999.99 99999.99 99999.99     0.17     0.09     0.07 -1
2016 290 20 2499 51 52  60  37   5.7   4.7 -11.4 303.0   2.5  -3.8  -0.9  -3.9   0.0   0.2   3.0   1.4   1.0   2.5  248636.   3.3  707.  -0.5  -2.2 0.038   23938.   0.3   16.   0.9   1.7 0.003  3.17  -0.00   1.59  11.3  7.3 0.0094 50  32   -19  48  80.4  314  -227    87   2.0 0.006521 999999.99 99999.99 99999.99     0.18     0.09     0.07 -1
2016 290 21 2499 51 52  60  36   5.6   3.6  -3.8 313.0   2.5  -2.7  -0.2  -2.7   0.4   0.2   4.0   0.8   1.2   3.7  252497.   3.4  716.   0.1  -2.1 0.037   15440.   0.2   10.   0.9   2.8 0.003  3.34  -0.29   1.72  11.8  7.5 0.0086 37  32   -18  22  80.4  541  -403   138   3.1 0.006521 999999.99 99999.99 99999.99     0.17     0.09     0.06 -1
2016 290 22 2499 51 52  60  37   5.4   4.0  24.6 329.5   3.1  -1.9   1.7  -1.5   2.1   0.3   3.3   1.3   1.5   2.6  241808.   3.0  719.   0.8  -1.0 0.035   34783.   0.4   16.   1.3   2.5 0.005  2.95  -1.51   1.58  11.5  7.5 0.0089 37  32   -17  22  80.4  262  -210    52   1.6 0.006521 999999.99 99999.99 99999.99     0.16     0.09     0.07 -1
2016 290 23 2499 51 52  61  37   5.7   4.2 -10.3 340.5   3.9  -1.4  -0.8  -1.5  -0.5   0.2   3.8   1.2   2.9   2.1  246534.   3.0  709.   0.9  -3.2 0.033   38443.   0.3   16.   2.6   2.0 0.004  2.85   0.35   1.44  10.8  7.2 0.0103 37  32   -13  22  80.4  163   -97    66   0.8 0.006521 999999.99 99999.99 99999.99     0.17     0.10     0.07 -1
2016 291  0 2499 51 52  59  36   5.7   4.2 -10.8 329.6   3.5  -2.1  -0.8  -2.2  -0.3   0.1   3.6   1.1   1.5   3.1  235583.   3.1  716.   0.6  -2.8 0.034   27748.   0.3   14.   1.3   2.7 0.005  3.01   0.21   1.44  11.1  7.4 0.0097 33  25   -10  18  75.6  287  -169   118   1.5 0.006504 999999.99 99999.99 99999.99     0.14     0.08     0.06 -1
2016 291  1 2499 51 52  60  34   5.4   4.6  28.7 328.6   3.4  -2.1   2.2  -1.5   2.7   0.2   2.6   1.0   1.5   1.8  245883.   3.1  718.   0.9  -0.2 0.043   23810.   0.3   13.   1.3   1.6 0.004  3.13  -1.94   1.66  11.7  7.5 0.0087 33  25    -7  18  75.6  296  -182   114   2.6 0.006504 999999.99 99999.99 99999.99     0.16     0.08     0.06 -1
2016 291  2 2499 51 52  60  35   5.3   4.5 -13.2 331.3   3.9  -2.1  -1.0  -2.3  -0.4   0.2   2.4   1.1   1.2   1.8  247462.   2.9  704.   1.0  -3.3 0.040   42774.   0.2   13.   1.3   1.9 0.005  2.78   0.28   1.61  11.3  7.3 0.0093 33  25    -7  18  75.6  228  -119   109   2.1 0.006504 999999.99 99999.99 99999.99     0.15     0.08     0.06 -1
2016 291  3 2499 51 52  61  37   5.2   4.0  28.9 319.3   2.7  -2.3   1.9  -1.6   2.5   0.3   3.0   0.9   1.7   2.4  236448.   2.8  714.   0.5  -0.4 0.034   45918.   0.2   12.   1.6   2.2 0.003  2.71  -1.78   1.57  11.5  7.5 0.0090 33  25    -9  18  75.6  187   -90    97   1.3 0.006504 999999.99 99999.99 99999.99     0.16     0.09     0.06 -1
2016 291  4 2499 51 52  61  38   5.2   2.7  -9.4   4.4   2.7   0.2  -0.4   0.0  -0.4   0.3   4.2   1.5   3.2   2.4  263148.   2.9  717.   2.6  -2.4 0.032   21534.   0.2   16.   2.6   1.9 0.003  2.81   0.29   1.75  11.7  7.4 0.0086 33  25   -10  18  75.6  302  -171   131   1.6 0.006504 999999.99 99999.99 99999.99     0.16     0.09     0.07 -1
2016 291  5 2499 51 52  58  35   5.0   3.7   2.3  33.0   3.1   2.0   0.1   1.9  -0.7   0.3   3.2   1.0   2.6   1.4  262907.   3.0  713.   3.7  -2.2 0.030   19532.   0.2   12.   2.1   1.3 0.003  2.85   0.50   1.95  12.3  7.5 0.0078 33  25   -16  18  75.6  281  -195    85   2.2 0.006504 999999.99 99999.99 99999.99     0.17     0.09     0.06 -1
2016 291  6 2499 51 52  61  38   4.9   3.9   7.3 318.3   2.9  -2.6   0.5  -2.1   1.6   0.1   2.7   1.4   1.8   1.5  247503.   2.7  706.   0.2  -1.7 0.030   26007.   0.2   16.   1.7   1.5 0.002  2.52  -1.13   1.76  11.8  7.5 0.0085 37  25   -21  22  75.6  389  -302    86   1.7 0.006504 999999.99 99999.99 99999.99     0.13     0.09     0.06 -1
2016 291  7 2499 51 52  58  35   5.0   4.1 -10.1 329.2   3.5  -2.1  -0.7  -2.2   0.4   0.3   2.7   1.1   1.2   2.1  210205.   2.4  695.   0.5  -2.8 0.026   33795.   0.3   14.   1.0   2.3 0.002  2.14  -0.28   1.35  10.8  7.3 0.0103 37  25   -22  22  75.6  420  -278   142   1.9 0.006504 999999.99 99999.99 99999.99     0.17     0.08     0.06 -1
2016 291  8 2499 51 52  61  38   5.2   4.7   3.7 338.1   4.4  -1.8   0.3  -1.4   1.2   0.2   2.0   0.6   1.2   1.4  193633.   2.2  687.   1.0  -1.7 0.025   28618.   0.3    9.   1.5   2.1 0.003  1.91  -0.82   1.09   9.8  7.0 0.0124 37  25   -18  22  75.6  693  -505   188   3.8 0.006504 999999.99 99999.99 99999.99     0.16     0.09     0.06 -1
2016 291  9 2499 51 52  60  34   4.8   3.9  16.2 327.9   3.2  -2.0   1.1  -1.1   2.0   0.4   2.7   1.4   1.9   1.3  214306.   2.4  707.   1.0  -1.2 0.029   46319.   0.2   17.   2.0   1.7 0.005  2.24  -1.41   1.48  11.4  7.5 0.0091 40  25   -18  27  75.6  338  -224   113   1.0 0.006504 999999.99 99999.99 99999.99     0.14     0.07     0.05 -1
2016 291 10 2499 51 52  61  37   4.5   3.4 -29.9 351.2   2.9  -0.4  -1.7  -1.2  -1.2   0.2   2.8   1.4   2.1   1.2  242075.   2.5  714.   2.6  -3.4 0.033   27685.   0.3   15.   1.5   1.1 0.005  2.41   0.86   1.90  12.5  7.7 0.0076 40  25   -17  27  75.6  634  -523   112   2.5 0.006504 999999.99 99999.99 99999.99     0.14     0.08     0.06 -1
2016 291 11 2499 51 52  60  37   4.9   3.8   3.9 323.7   3.0  -2.2   0.3  -1.7   1.4   0.2   2.9   1.0   1.4   2.3  202372.   2.3  706.   0.4  -1.5 0.032   26374.   0.2   15.   1.5   2.2 0.004  2.16  -0.99   1.32  10.9  7.5 0.0100 40  25   -13  27  75.6  445  -350    95   2.0 0.006504 999999.99 99999.99 99999.99     0.16     0.09     0.07 -1
2016 291 12 2499 51 52  60  36   4.4   3.0  38.0 301.8   1.3  -2.0   1.9  -0.8   2.6   0.3   3.0   1.1   1.8   2.1  231742.   2.4  730.   0.5   0.0 0.036   30129.   0.2   14.   1.8   2.0 0.004  2.44  -1.90   1.86  12.9  8.0 0.0072 23  25   -16   9  75.6  202  -124    77   0.5 0.006504 999999.99 99999.99 99999.99     0.17     0.09     0.06 -1
2016 291 13 2499 51 52  60  37   4.5   3.8   8.9 316.0   2.7  -2.6   0.6  -2.0   1.8   0.2   2.2   0.8   1.1   1.7  227459.   2.3  707.  -0.2  -0.9 0.037   38235.   0.2   11.   1.3   1.6 0.005  2.20  -1.27   1.68  11.9  7.6 0.0084 23  25   -12   9  75.6  153   -75    78   1.0 0.006504 999999.99 99999.99 99999.99     0.17     0.09     0.07 -1
2016 291 14 2499 51 52  60  35   4.6   3.3   2.9 293.3   1.3  -3.0   0.2  -2.6   1.5   0.2   2.9   1.5   1.2   2.1  226798.   2.2  727.  -0.8  -1.3 0.033   36692.   0.2   20.   1.3   2.3 0.004  2.20  -1.09   1.54  11.7  7.7 0.0087 23  25   -11   9  75.6  158  -135    24   1.5 0.006504 999999.99 99999.99 99999.99     0.16     0.09     0.07 -1
2016 291 15 2499 51 52  61  37   4.6   3.5  -1.7 310.2   2.3  -2.7  -0.1  -2.5   1.0   0.3   2.7   1.2   1.9   1.5  189265.   2.1  710.  -0.5  -1.5 0.032   31225.   0.2   16.   2.0   1.6 0.004  1.99  -0.71   1.31  11.2  7.7 0.0095 37  25   -14  22  75.6  224  -196    28   1.4 0.006504 999999.99 99999.99 99999.99     0.17     0.09     0.06 -1
2016 291 16 2499 51 52  60  23   4.2   2.7   3.8 340.4   2.5  -0.9   0.2  -0.8   0.5   0.2   3.1   1.2   1.7   2.3  221303.   2.0  706.   1.7  -0.9 0.035   41978.   0.2   20.   1.9   2.5 0.003  1.90  -0.35   1.65  11.9  7.6 0.0084 37  25   -17  22  75.6  456  -347   110   2.1 0.006504 999999.99 99999.99 99999.99     0.19     0.09     0.06 -1
2016 291 17 2499 51 52  58  19   4.0   2.9  -2.4 328.7   2.5  -1.5  -0.1  -1.4   0.4   0.3   2.7   0.8   1.0   2.3  239562.   2.2  713.   0.9  -1.4 0.038   26193.   0.1   14.   1.1   1.9 0.003  2.15  -0.29   2.10  13.2  7.9 0.0068 37  25   -14  22  75.6  353  -292    61   1.8 0.006504 999999.99 99999.99 99999.99     0.19     0.09     0.07 -1
2016 291 18 2499 51 52  60  13   3.9   2.8 -21.2 330.9   2.3  -1.3  -1.0  -1.5  -0.6   0.3   2.5   1.2   1.5   1.6  226787.   2.1  722.   1.0  -2.0 0.038   26279.   0.2   16.   1.4   1.3 0.005  2.11   0.43   2.04  13.4  8.1 0.0066 33  25   -16  18  75.6  387  -301    86   2.2 0.006504 999999.99 99999.99 99999.99     0.17     0.10     0.07 -1
2016 291 19 2499 51 52  61  29   3.9   2.1 -38.1 320.7   1.3  -1.0  -1.3  -1.3  -1.0   0.4   3.1   1.5   2.2   1.6  254848.   2.2  735.   1.3  -1.8 0.039   29715.   0.2   16.   1.9   1.4 0.004  2.29   0.73   2.31  14.0  8.1 0.0061 33  25   -15  18  75.6  477  -391    86   3.9 0.006504 999999.99 99999.99 99999.99     0.17     0.09     0.06 -1
2016 291 20 2499 51 52  59  26   4.1   2.9 -23.8 359.0   2.6   0.0  -1.2  -0.3  -1.2   0.1   2.7   0.9   2.1   1.5  234149.   2.2  713.   1.9  -2.3 0.038   25765.   0.1   12.   2.0   1.6 0.004  2.15   0.86   1.97  12.9  7.8 0.0072 33  25   -22  18  75.6  447  -361    86   2.9 0.006504 999999.99 99999.99 99999.99     0.16     0.09     0.07 -1
2016 291 21 2499 51 52  61  20   3.9   3.3  -8.8   8.3   3.2   0.5  -0.5   0.4  -0.6   0.2   2.0   0.7   1.3   1.4  217353.   2.1  706.   2.9  -1.2 0.038   18575.   0.1    8.   1.0   1.5 0.004  2.01   0.42   1.99  13.1  8.0 0.0069 40  25   -26  27  75.6  351  -268    82   2.5 0.006504 999999.99 99999.99 99999.99     0.14     0.09     0.06 -1
2016 291 22 2499 51 52  59  37   3.6   2.2  -1.7 303.1   1.2  -1.9  -0.1  -1.9   0.3   0.5   2.7   1.0   1.4   2.1  235819.   2.1  721.   0.4  -0.9 0.038   22963.   0.2   10.   1.4   1.9 0.003  2.10  -0.22   2.45  14.5  8.2 0.0056 40  25   -24  27  75.6  319  -223    95   1.9 0.006504 999999.99 99999.99 99999.99     0.17     0.09     0.07 -1
2016 291 23 2499 51 52  61  36   3.9   3.0 -14.3   7.7   2.9   0.4  -0.8   0.2  -0.9   0.2   2.3   0.7   1.5   1.5  217766.   2.0  698.   2.8  -1.6 0.041   21407.   0.2    8.   1.5   1.6 0.006  1.89   0.63   1.89  12.7  7.8 0.0074 40  25   -19  27  75.6  289  -205    84   1.7 0.006504 999999.99 99999.99 99999.99     0.14     0.09     0.06 -1
