index DOY ASY-D ASY-H SYM-D SYM-H
"2003-11-22 00:00:00" 326 11 24 -2 -56
"2003-11-22 00:01:00" 326 11 25 -2 -56
"2003-11-22 00:02:00" 326 11 25 -2 -56
"2003-11-22 00:03:00" 326 11 25 -2 -57
"2003-11-22 00:04:00" 326 11 25 -3 -56
"2003-11-22 00:05:00" 326 10 24 -3 -56
"2003-11-22 00:06:00" 326 10 24 -3 -56
"2003-11-22 00:07:00" 326 11 24 -3 -57
"2003-11-22 00:08:00" 326 12 25 -2 -56
"2003-11-22 00:09:00" 326 12 24 -2 -56
"2003-11-22 00:10:00" 326 12 24 -3 -57
"2003-11-22 00:11:00" 326 12 24 -3 -57
"2003-11-22 00:12:00" 326 13 23 -3 -57
"2003-11-22 00:13:00" 326 14 24 -3 -57
"2003-11-22 00:14:00" 326 14 23 -2 -57
"2003-11-22 00:15:00" 326 14 24 -3 -57
"2003-11-22 00:16:00" 326 14 24 -3 -57
"2003-11-22 00:17:00" 326 14 24 -3 -57
"2003-11-22 00:18:00" 326 14 24 -3 -58
"2003-11-22 00:19:00" 326 14 26 -3 -57
"2003-11-22 00:20:00" 326 15 26 -2 -57
"2003-11-22 00:21:00" 326 14 26 -3 -58
"2003-11-22 00:22:00" 326 14 26 -3 -57
"2003-11-22 00:23:00" 326 14 26 -3 -57
"2003-11-22 00:24:00" 326 15 26 -3 -57
"2003-11-22 00:25:00" 326 15 26 -3 -57
"2003-11-22 00:26:00" 326 16 26 -2 -57
"2003-11-22 00:27:00" 326 17 27 -2 -57
"2003-11-22 00:28:00" 326 17 26 -2 -57
"2003-11-22 00:29:00" 326 18 26 -2 -56
"2003-11-22 00:30:00" 326 19 27 -2 -56
"2003-11-22 00:31:00" 326 18 26 -2 -57
"2003-11-22 00:32:00" 326 17 24 -3 -57
"2003-11-22 00:33:00" 326 16 24 -3 -57
"2003-11-22 00:34:00" 326 14 22 -3 -58
"2003-11-22 00:35:00" 326 13 21 -3 -58
"2003-11-22 00:36:00" 326 14 21 -3 -57
"2003-11-22 00:37:00" 326 14 20 -3 -58
"2003-11-22 00:38:00" 326 14 18 -3 -58
"2003-11-22 00:39:00" 326 15 19 -3 -58
"2003-11-22 00:40:00" 326 15 19 -3 -58
"2003-11-22 00:41:00" 326 17 17 -3 -58
"2003-11-22 00:42:00" 326 15 17 -4 -59
"2003-11-22 00:43:00" 326 14 18 -4 -58
"2003-11-22 00:44:00" 326 13 18 -4 -59
"2003-11-22 00:45:00" 326 14 20 -4 -59
"2003-11-22 00:46:00" 326 15 19 -3 -59
"2003-11-22 00:47:00" 326 15 18 -3 -59
"2003-11-22 00:48:00" 326 15 19 -3 -59
"2003-11-22 00:49:00" 326 15 19 -4 -59
"2003-11-22 00:50:00" 326 15 19 -4 -59
"2003-11-22 00:51:00" 326 16 20 -3 -59
"2003-11-22 00:52:00" 326 15 21 -3 -59
"2003-11-22 00:53:00" 326 14 21 -3 -59
"2003-11-22 00:54:00" 326 16 21 -3 -59
"2003-11-22 00:55:00" 326 16 22 -3 -59
"2003-11-22 00:56:00" 326 16 23 -3 -58
"2003-11-22 00:57:00" 326 16 24 -3 -58
"2003-11-22 00:58:00" 326 16 23 -3 -58
"2003-11-22 00:59:00" 326 16 23 -3 -58
"2003-11-22 01:00:00" 326 18 23 -3 -58
"2003-11-22 01:01:00" 326 20 23 -3 -58
"2003-11-22 01:02:00" 326 22 23 -3 -59
"2003-11-22 01:03:00" 326 21 22 -3 -59
"2003-11-22 01:04:00" 326 22 22 -3 -59
"2003-11-22 01:05:00" 326 23 21 -3 -60
"2003-11-22 01:06:00" 326 23 21 -4 -60
"2003-11-22 01:07:00" 326 23 21 -4 -60
"2003-11-22 01:08:00" 326 24 20 -4 -60
"2003-11-22 01:09:00" 326 23 21 -4 -61
"2003-11-22 01:10:00" 326 23 21 -5 -61
"2003-11-22 01:11:00" 326 24 20 -5 -62
"2003-11-22 01:12:00" 326 23 20 -5 -62
"2003-11-22 01:13:00" 326 24 19 -5 -62
"2003-11-22 01:14:00" 326 24 19 -5 -63
"2003-11-22 01:15:00" 326 24 19 -6 -63
"2003-11-22 01:16:00" 326 24 19 -6 -63
"2003-11-22 01:17:00" 326 26 19 -6 -64
"2003-11-22 01:18:00" 326 26 19 -6 -64
"2003-11-22 01:19:00" 326 27 21 -6 -64
"2003-11-22 01:20:00" 326 26 22 -7 -65
"2003-11-22 01:21:00" 326 28 24 -8 -65
"2003-11-22 01:22:00" 326 28 25 -8 -66
"2003-11-22 01:23:00" 326 29 27 -8 -67
"2003-11-22 01:24:00" 326 29 30 -9 -67
"2003-11-22 01:25:00" 326 30 31 -9 -67
"2003-11-22 01:26:00" 326 31 33 -10 -68
"2003-11-22 01:27:00" 326 31 36 -10 -68
"2003-11-22 01:28:00" 326 33 37 -10 -69
"2003-11-22 01:29:00" 326 32 37 -10 -69
"2003-11-22 01:30:00" 326 32 38 -10 -69
"2003-11-22 01:31:00" 326 31 40 -11 -70
"2003-11-22 01:32:00" 326 31 41 -11 -70
"2003-11-22 01:33:00" 326 30 41 -11 -70
"2003-11-22 01:34:00" 326 29 41 -11 -70
"2003-11-22 01:35:00" 326 28 41 -11 -71
"2003-11-22 01:36:00" 326 27 40 -11 -71
"2003-11-22 01:37:00" 326 28 39 -11 -71
"2003-11-22 01:38:00" 326 27 38 -11 -71
"2003-11-22 01:39:00" 326 26 37 -10 -71
"2003-11-22 01:40:00" 326 27 36 -10 -71
"2003-11-22 01:41:00" 326 26 36 -10 -72
"2003-11-22 01:42:00" 326 25 36 -10 -72
"2003-11-22 01:43:00" 326 25 37 -10 -72
"2003-11-22 01:44:00" 326 26 36 -10 -72
"2003-11-22 01:45:00" 326 24 36 -10 -73
"2003-11-22 01:46:00" 326 25 36 -10 -73
"2003-11-22 01:47:00" 326 25 35 -10 -74
"2003-11-22 01:48:00" 326 25 34 -10 -74
"2003-11-22 01:49:00" 326 25 32 -9 -73
"2003-11-22 01:50:00" 326 25 32 -10 -74
"2003-11-22 01:51:00" 326 26 32 -10 -73
"2003-11-22 01:52:00" 326 25 32 -9 -74
"2003-11-22 01:53:00" 326 26 30 -8 -74
"2003-11-22 01:54:00" 326 25 30 -8 -74
"2003-11-22 01:55:00" 326 26 29 -8 -74
"2003-11-22 01:56:00" 326 26 30 -8 -74
"2003-11-22 01:57:00" 326 27 30 -8 -74
"2003-11-22 01:58:00" 326 25 29 -7 -75
"2003-11-22 01:59:00" 326 26 29 -7 -74
"2003-11-22 02:00:00" 326 26 29 -7 -74
"2003-11-22 02:01:00" 326 26 28 -7 -75
"2003-11-22 02:02:00" 326 27 28 -6 -74
"2003-11-22 02:03:00" 326 27 27 -6 -74
"2003-11-22 02:04:00" 326 28 26 -6 -74
"2003-11-22 02:05:00" 326 26 25 -6 -73
"2003-11-22 02:06:00" 326 26 25 -5 -73
"2003-11-22 02:07:00" 326 25 26 -5 -73
"2003-11-22 02:08:00" 326 26 27 -5 -72
"2003-11-22 02:09:00" 326 25 27 -5 -72
"2003-11-22 02:10:00" 326 25 28 -5 -72
"2003-11-22 02:11:00" 326 26 29 -5 -72
"2003-11-22 02:12:00" 326 24 31 -5 -72
"2003-11-22 02:13:00" 326 25 32 -4 -72
"2003-11-22 02:14:00" 326 25 33 -4 -72
"2003-11-22 02:15:00" 326 25 34 -4 -71
"2003-11-22 02:16:00" 326 27 35 -4 -72
"2003-11-22 02:17:00" 326 27 35 -4 -72
"2003-11-22 02:18:00" 326 29 37 -4 -73
"2003-11-22 02:19:00" 326 30 36 -4 -73
"2003-11-22 02:20:00" 326 28 36 -4 -73
"2003-11-22 02:21:00" 326 27 35 -5 -73
"2003-11-22 02:22:00" 326 28 36 -5 -74
"2003-11-22 02:23:00" 326 29 35 -5 -75
"2003-11-22 02:24:00" 326 31 35 -5 -75
"2003-11-22 02:25:00" 326 33 36 -5 -75
"2003-11-22 02:26:00" 326 35 35 -5 -75
"2003-11-22 02:27:00" 326 36 35 -5 -75
"2003-11-22 02:28:00" 326 37 36 -5 -75
"2003-11-22 02:29:00" 326 38 34 -5 -75
"2003-11-22 02:30:00" 326 39 33 -5 -74
"2003-11-22 02:31:00" 326 38 33 -5 -74
"2003-11-22 02:32:00" 326 38 33 -6 -73
"2003-11-22 02:33:00" 326 39 33 -6 -73
"2003-11-22 02:34:00" 326 38 32 -7 -72
"2003-11-22 02:35:00" 326 38 32 -7 -72
"2003-11-22 02:36:00" 326 36 32 -7 -72
"2003-11-22 02:37:00" 326 36 32 -7 -72
"2003-11-22 02:38:00" 326 36 31 -7 -73
"2003-11-22 02:39:00" 326 35 32 -7 -73
"2003-11-22 02:40:00" 326 35 32 -7 -74
"2003-11-22 02:41:00" 326 35 33 -7 -74
"2003-11-22 02:42:00" 326 34 33 -7 -74
"2003-11-22 02:43:00" 326 35 34 -6 -74
"2003-11-22 02:44:00" 326 34 34 -6 -74
"2003-11-22 02:45:00" 326 34 34 -6 -74
"2003-11-22 02:46:00" 326 33 33 -5 -73
"2003-11-22 02:47:00" 326 33 33 -5 -73
"2003-11-22 02:48:00" 326 34 33 -5 -73
"2003-11-22 02:49:00" 326 33 34 -5 -72
"2003-11-22 02:50:00" 326 33 32 -5 -72
"2003-11-22 02:51:00" 326 33 32 -4 -72
"2003-11-22 02:52:00" 326 31 33 -4 -72
"2003-11-22 02:53:00" 326 32 31 -4 -71
"2003-11-22 02:54:00" 326 32 31 -4 -71
"2003-11-22 02:55:00" 326 31 31 -4 -71
"2003-11-22 02:56:00" 326 32 32 -3 -71
"2003-11-22 02:57:00" 326 30 33 -3 -70
"2003-11-22 02:58:00" 326 31 34 -3 -70
"2003-11-22 02:59:00" 326 30 34 -4 -70
"2003-11-22 03:00:00" 326 30 33 -3 -69
"2003-11-22 03:01:00" 326 31 34 -3 -69
"2003-11-22 03:02:00" 326 30 34 -3 -69
"2003-11-22 03:03:00" 326 29 35 -3 -69
"2003-11-22 03:04:00" 326 29 35 -3 -68
"2003-11-22 03:05:00" 326 29 35 -3 -68
"2003-11-22 03:06:00" 326 28 35 -3 -68
"2003-11-22 03:07:00" 326 28 34 -3 -67
"2003-11-22 03:08:00" 326 28 34 -3 -67
"2003-11-22 03:09:00" 326 28 32 -3 -67
"2003-11-22 03:10:00" 326 28 31 -3 -66
"2003-11-22 03:11:00" 326 27 31 -3 -67
"2003-11-22 03:12:00" 326 27 31 -3 -67
"2003-11-22 03:13:00" 326 27 30 -3 -66
"2003-11-22 03:14:00" 326 27 30 -3 -66
"2003-11-22 03:15:00" 326 27 31 -3 -66
"2003-11-22 03:16:00" 326 26 31 -3 -65
"2003-11-22 03:17:00" 326 26 30 -3 -65
"2003-11-22 03:18:00" 326 25 30 -3 -65
"2003-11-22 03:19:00" 326 25 30 -3 -64
"2003-11-22 03:20:00" 326 25 30 -3 -64
"2003-11-22 03:21:00" 326 24 30 -3 -64
"2003-11-22 03:22:00" 326 24 30 -2 -64
"2003-11-22 03:23:00" 326 24 31 -2 -63
"2003-11-22 03:24:00" 326 24 31 -2 -63
"2003-11-22 03:25:00" 326 23 32 -2 -63
"2003-11-22 03:26:00" 326 23 31 -2 -63
"2003-11-22 03:27:00" 326 23 31 -2 -62
"2003-11-22 03:28:00" 326 23 31 -1 -62
"2003-11-22 03:29:00" 326 23 32 -2 -62
"2003-11-22 03:30:00" 326 22 32 -2 -62
"2003-11-22 03:31:00" 326 22 32 -1 -62
"2003-11-22 03:32:00" 326 21 32 -2 -61
"2003-11-22 03:33:00" 326 23 32 -2 -61
"2003-11-22 03:34:00" 326 23 32 -2 -61
"2003-11-22 03:35:00" 326 23 31 -1 -61
"2003-11-22 03:36:00" 326 23 31 -1 -61
"2003-11-22 03:37:00" 326 23 31 -1 -60
"2003-11-22 03:38:00" 326 23 31 -1 -61
"2003-11-22 03:39:00" 326 22 31 -1 -60
"2003-11-22 03:40:00" 326 22 31 -1 -60
"2003-11-22 03:41:00" 326 23 31 -1 -60
"2003-11-22 03:42:00" 326 23 31 -1 -60
"2003-11-22 03:43:00" 326 23 30 -1 -60
"2003-11-22 03:44:00" 326 23 30 -1 -59
"2003-11-22 03:45:00" 326 23 30 -1 -59
"2003-11-22 03:46:00" 326 23 31 -1 -59
"2003-11-22 03:47:00" 326 23 31 -1 -59
"2003-11-22 03:48:00" 326 23 30 -1 -58
"2003-11-22 03:49:00" 326 22 30 -1 -58
"2003-11-22 03:50:00" 326 22 32 -1 -58
"2003-11-22 03:51:00" 326 21 31 -1 -58
"2003-11-22 03:52:00" 326 20 32 -1 -58
"2003-11-22 03:53:00" 326 20 32 -1 -58
"2003-11-22 03:54:00" 326 21 32 -1 -58
"2003-11-22 03:55:00" 326 21 32 -1 -58
"2003-11-22 03:56:00" 326 21 30 -1 -58
"2003-11-22 03:57:00" 326 21 29 -1 -57
"2003-11-22 03:58:00" 326 21 30 -1 -57
"2003-11-22 03:59:00" 326 21 30 -1 -57
"2003-11-22 04:00:00" 326 21 30 -1 -57
"2003-11-22 04:01:00" 326 21 30 -1 -57
"2003-11-22 04:02:00" 326 20 30 -1 -57
"2003-11-22 04:03:00" 326 20 30 -1 -58
"2003-11-22 04:04:00" 326 20 30 -1 -58
"2003-11-22 04:05:00" 326 21 30 -1 -57
"2003-11-22 04:06:00" 326 21 30 -1 -57
"2003-11-22 04:07:00" 326 21 30 -1 -57
"2003-11-22 04:08:00" 326 21 29 -1 -57
"2003-11-22 04:09:00" 326 21 29 -1 -57
"2003-11-22 04:10:00" 326 20 29 -1 -57
"2003-11-22 04:11:00" 326 20 29 -1 -57
"2003-11-22 04:12:00" 326 20 29 -1 -57
"2003-11-22 04:13:00" 326 21 29 -1 -57
"2003-11-22 04:14:00" 326 20 30 -1 -56
"2003-11-22 04:15:00" 326 21 29 -1 -56
"2003-11-22 04:16:00" 326 21 29 -1 -56
"2003-11-22 04:17:00" 326 21 29 -1 -56
"2003-11-22 04:18:00" 326 21 29 -1 -56
"2003-11-22 04:19:00" 326 21 28 -1 -56
"2003-11-22 04:20:00" 326 20 28 -1 -56
"2003-11-22 04:21:00" 326 19 27 -1 -56
"2003-11-22 04:22:00" 326 18 28 -1 -56
"2003-11-22 04:23:00" 326 17 28 -1 -55
"2003-11-22 04:24:00" 326 18 28 -1 -55
"2003-11-22 04:25:00" 326 17 28 -2 -55
"2003-11-22 04:26:00" 326 18 28 -2 -55
"2003-11-22 04:27:00" 326 19 29 -2 -55
"2003-11-22 04:28:00" 326 18 29 -2 -55
"2003-11-22 04:29:00" 326 18 29 -2 -55
"2003-11-22 04:30:00" 326 17 29 -2 -55
"2003-11-22 04:31:00" 326 18 29 -2 -55
"2003-11-22 04:32:00" 326 17 28 -1 -55
"2003-11-22 04:33:00" 326 17 28 -2 -56
"2003-11-22 04:34:00" 326 16 28 -2 -56
"2003-11-22 04:35:00" 326 17 28 -2 -56
"2003-11-22 04:36:00" 326 16 29 -2 -56
"2003-11-22 04:37:00" 326 16 29 -2 -56
"2003-11-22 04:38:00" 326 16 29 -2 -57
"2003-11-22 04:39:00" 326 17 28 -2 -58
"2003-11-22 04:40:00" 326 17 30 -2 -58
"2003-11-22 04:41:00" 326 17 30 -2 -58
"2003-11-22 04:42:00" 326 16 30 -2 -58
"2003-11-22 04:43:00" 326 16 30 -2 -59
"2003-11-22 04:44:00" 326 16 31 -2 -59
"2003-11-22 04:45:00" 326 17 31 -2 -59
"2003-11-22 04:46:00" 326 17 31 -2 -59
"2003-11-22 04:47:00" 326 17 31 -1 -59
"2003-11-22 04:48:00" 326 17 32 -2 -59
"2003-11-22 04:49:00" 326 16 31 -1 -59
"2003-11-22 04:50:00" 326 17 31 -1 -59
"2003-11-22 04:51:00" 326 17 30 -1 -58
"2003-11-22 04:52:00" 326 17 30 -1 -58
"2003-11-22 04:53:00" 326 17 30 -1 -58
"2003-11-22 04:54:00" 326 16 30 -1 -58
"2003-11-22 04:55:00" 326 16 31 -1 -58
"2003-11-22 04:56:00" 326 15 31 -1 -58
"2003-11-22 04:57:00" 326 16 31 -1 -58
"2003-11-22 04:58:00" 326 15 31 -1 -58
"2003-11-22 04:59:00" 326 16 30 -1 -58
"2003-11-22 05:00:00" 326 15 30 -1 -58
"2003-11-22 05:01:00" 326 16 30 -1 -58
"2003-11-22 05:02:00" 326 16 29 0 -59
"2003-11-22 05:03:00" 326 16 29 0 -59
"2003-11-22 05:04:00" 326 16 29 -1 -59
"2003-11-22 05:05:00" 326 16 29 -1 -59
"2003-11-22 05:06:00" 326 16 30 -1 -59
"2003-11-22 05:07:00" 326 16 30 -1 -59
"2003-11-22 05:08:00" 326 15 30 -1 -59
"2003-11-22 05:09:00" 326 15 30 -1 -59
"2003-11-22 05:10:00" 326 16 30 -1 -59
"2003-11-22 05:11:00" 326 15 29 -1 -59
"2003-11-22 05:12:00" 326 16 29 0 -59
"2003-11-22 05:13:00" 326 16 29 0 -59
"2003-11-22 05:14:00" 326 16 29 0 -59
"2003-11-22 05:15:00" 326 17 29 0 -59
"2003-11-22 05:16:00" 326 17 29 0 -59
"2003-11-22 05:17:00" 326 16 29 0 -59
"2003-11-22 05:18:00" 326 17 29 0 -59
"2003-11-22 05:19:00" 326 16 30 0 -59
"2003-11-22 05:20:00" 326 16 30 0 -59
"2003-11-22 05:21:00" 326 16 31 0 -58
"2003-11-22 05:22:00" 326 16 31 0 -58
"2003-11-22 05:23:00" 326 15 31 0 -58
"2003-11-22 05:24:00" 326 15 32 0 -58
"2003-11-22 05:25:00" 326 15 32 0 -58
"2003-11-22 05:26:00" 326 14 32 0 -58
"2003-11-22 05:27:00" 326 15 32 0 -57
"2003-11-22 05:28:00" 326 14 32 0 -57
"2003-11-22 05:29:00" 326 13 32 0 -56
"2003-11-22 05:30:00" 326 12 32 -1 -56
"2003-11-22 05:31:00" 326 11 32 -1 -56
"2003-11-22 05:32:00" 326 9 32 -1 -56
"2003-11-22 05:33:00" 326 9 32 -1 -57
"2003-11-22 05:34:00" 326 8 31 -2 -57
"2003-11-22 05:35:00" 326 7 30 -2 -57
"2003-11-22 05:36:00" 326 7 31 -2 -58
"2003-11-22 05:37:00" 326 7 30 -2 -58
"2003-11-22 05:38:00" 326 7 30 -2 -59
"2003-11-22 05:39:00" 326 7 29 -2 -60
"2003-11-22 05:40:00" 326 8 29 -3 -61
"2003-11-22 05:41:00" 326 8 29 -3 -62
"2003-11-22 05:42:00" 326 8 29 -2 -63
"2003-11-22 05:43:00" 326 8 29 -2 -64
"2003-11-22 05:44:00" 326 9 30 -2 -64
"2003-11-22 05:45:00" 326 9 30 -2 -64
"2003-11-22 05:46:00" 326 8 30 -1 -65
"2003-11-22 05:47:00" 326 8 29 -1 -65
"2003-11-22 05:48:00" 326 8 29 -1 -65
"2003-11-22 05:49:00" 326 8 29 0 -65
"2003-11-22 05:50:00" 326 8 29 0 -65
"2003-11-22 05:51:00" 326 9 29 0 -66
"2003-11-22 05:52:00" 326 9 30 0 -66
"2003-11-22 05:53:00" 326 9 30 0 -65
"2003-11-22 05:54:00" 326 9 30 0 -66
"2003-11-22 05:55:00" 326 8 31 0 -66
"2003-11-22 05:56:00" 326 8 30 0 -66
"2003-11-22 05:57:00" 326 8 30 0 -66
"2003-11-22 05:58:00" 326 8 30 0 -66
"2003-11-22 05:59:00" 326 7 30 0 -67
"2003-11-22 06:00:00" 326 8 30 0 -67
"2003-11-22 06:01:00" 326 8 30 0 -67
"2003-11-22 06:02:00" 326 7 29 0 -67
"2003-11-22 06:03:00" 326 7 29 0 -68
"2003-11-22 06:04:00" 326 7 29 1 -68
"2003-11-22 06:05:00" 326 7 30 1 -68
"2003-11-22 06:06:00" 326 7 30 1 -68
"2003-11-22 06:07:00" 326 7 30 1 -68
"2003-11-22 06:08:00" 326 8 30 1 -68
"2003-11-22 06:09:00" 326 8 29 1 -68
"2003-11-22 06:10:00" 326 7 29 1 -68
"2003-11-22 06:11:00" 326 7 29 1 -68
"2003-11-22 06:12:00" 326 8 29 1 -68
"2003-11-22 06:13:00" 326 8 29 1 -68
"2003-11-22 06:14:00" 326 8 30 1 -68
"2003-11-22 06:15:00" 326 8 30 1 -68
"2003-11-22 06:16:00" 326 8 30 1 -67
"2003-11-22 06:17:00" 326 8 30 2 -67
"2003-11-22 06:18:00" 326 8 30 1 -67
"2003-11-22 06:19:00" 326 8 30 1 -67
"2003-11-22 06:20:00" 326 9 30 2 -67
"2003-11-22 06:21:00" 326 9 30 1 -66
"2003-11-22 06:22:00" 326 9 29 1 -66
"2003-11-22 06:23:00" 326 8 29 1 -66
"2003-11-22 06:24:00" 326 8 30 1 -66
"2003-11-22 06:25:00" 326 8 30 1 -66
"2003-11-22 06:26:00" 326 9 30 1 -66
"2003-11-22 06:27:00" 326 8 30 1 -66
"2003-11-22 06:28:00" 326 8 30 1 -66
"2003-11-22 06:29:00" 326 8 30 1 -65
"2003-11-22 06:30:00" 326 9 30 1 -65
"2003-11-22 06:31:00" 326 9 30 1 -65
"2003-11-22 06:32:00" 326 9 30 1 -65
"2003-11-22 06:33:00" 326 9 30 1 -65
"2003-11-22 06:34:00" 326 9 30 1 -65
"2003-11-22 06:35:00" 326 9 30 1 -65
"2003-11-22 06:36:00" 326 8 30 1 -65
"2003-11-22 06:37:00" 326 8 30 1 -65
"2003-11-22 06:38:00" 326 8 30 1 -65
"2003-11-22 06:39:00" 326 8 30 1 -65
"2003-11-22 06:40:00" 326 9 28 1 -64
"2003-11-22 06:41:00" 326 9 29 1 -64
"2003-11-22 06:42:00" 326 9 29 1 -64
"2003-11-22 06:43:00" 326 9 29 1 -64
"2003-11-22 06:44:00" 326 9 29 1 -64
"2003-11-22 06:45:00" 326 9 28 1 -64
"2003-11-22 06:46:00" 326 8 28 1 -64
"2003-11-22 06:47:00" 326 8 28 1 -64
"2003-11-22 06:48:00" 326 9 28 1 -64
"2003-11-22 06:49:00" 326 9 27 1 -64
"2003-11-22 06:50:00" 326 9 28 1 -64
"2003-11-22 06:51:00" 326 8 28 1 -64
"2003-11-22 06:52:00" 326 9 27 1 -64
"2003-11-22 06:53:00" 326 10 27 1 -64
"2003-11-22 06:54:00" 326 9 27 1 -64
"2003-11-22 06:55:00" 326 9 27 1 -64
"2003-11-22 06:56:00" 326 8 27 1 -64
"2003-11-22 06:57:00" 326 8 27 1 -64
"2003-11-22 06:58:00" 326 8 26 1 -64
"2003-11-22 06:59:00" 326 8 26 1 -64
"2003-11-22 07:00:00" 326 8 26 1 -64
"2003-11-22 07:01:00" 326 9 26 1 -64
"2003-11-22 07:02:00" 326 8 26 1 -64
"2003-11-22 07:03:00" 326 9 27 1 -64
"2003-11-22 07:04:00" 326 9 27 1 -64
"2003-11-22 07:05:00" 326 10 28 1 -64
"2003-11-22 07:06:00" 326 9 28 1 -64
"2003-11-22 07:07:00" 326 9 27 1 -63
"2003-11-22 07:08:00" 326 8 26 1 -63
"2003-11-22 07:09:00" 326 8 26 1 -63
"2003-11-22 07:10:00" 326 8 25 1 -63
"2003-11-22 07:11:00" 326 8 25 1 -63
"2003-11-22 07:12:00" 326 8 25 1 -63
"2003-11-22 07:13:00" 326 8 25 1 -64
"2003-11-22 07:14:00" 326 8 24 1 -63
"2003-11-22 07:15:00" 326 8 24 1 -63
"2003-11-22 07:16:00" 326 8 24 1 -63
"2003-11-22 07:17:00" 326 8 24 1 -63
"2003-11-22 07:18:00" 326 8 24 1 -63
"2003-11-22 07:19:00" 326 8 24 1 -63
"2003-11-22 07:20:00" 326 8 24 1 -63
"2003-11-22 07:21:00" 326 8 24 1 -63
"2003-11-22 07:22:00" 326 8 24 2 -63
"2003-11-22 07:23:00" 326 7 24 1 -62
"2003-11-22 07:24:00" 326 7 24 1 -62
"2003-11-22 07:25:00" 326 7 23 1 -62
"2003-11-22 07:26:00" 326 7 23 1 -63
"2003-11-22 07:27:00" 326 7 22 2 -62
"2003-11-22 07:28:00" 326 7 22 2 -62
"2003-11-22 07:29:00" 326 8 22 2 -62
"2003-11-22 07:30:00" 326 8 23 2 -62
"2003-11-22 07:31:00" 326 8 23 2 -61
"2003-11-22 07:32:00" 326 8 23 2 -62
"2003-11-22 07:33:00" 326 8 23 2 -61
"2003-11-22 07:34:00" 326 7 22 2 -61
"2003-11-22 07:35:00" 326 7 22 2 -61
"2003-11-22 07:36:00" 326 7 22 2 -61
"2003-11-22 07:37:00" 326 7 22 1 -61
"2003-11-22 07:38:00" 326 7 23 1 -61
"2003-11-22 07:39:00" 326 7 21 1 -61
"2003-11-22 07:40:00" 326 7 22 1 -62
"2003-11-22 07:41:00" 326 7 21 2 -62
"2003-11-22 07:42:00" 326 7 21 2 -62
"2003-11-22 07:43:00" 326 8 21 2 -62
"2003-11-22 07:44:00" 326 8 21 2 -62
"2003-11-22 07:45:00" 326 8 22 2 -61
"2003-11-22 07:46:00" 326 8 21 1 -61
"2003-11-22 07:47:00" 326 8 20 1 -60
"2003-11-22 07:48:00" 326 8 20 1 -60
"2003-11-22 07:49:00" 326 7 20 1 -60
"2003-11-22 07:50:00" 326 7 20 1 -60
"2003-11-22 07:51:00" 326 7 20 1 -60
"2003-11-22 07:52:00" 326 7 20 1 -60
"2003-11-22 07:53:00" 326 7 20 1 -60
"2003-11-22 07:54:00" 326 7 20 1 -60
"2003-11-22 07:55:00" 326 7 19 1 -60
"2003-11-22 07:56:00" 326 7 19 1 -60
"2003-11-22 07:57:00" 326 6 20 1 -61
"2003-11-22 07:58:00" 326 6 20 1 -61
"2003-11-22 07:59:00" 326 6 20 1 -60
"2003-11-22 08:00:00" 326 5 20 1 -61
"2003-11-22 08:01:00" 326 5 19 1 -61
"2003-11-22 08:02:00" 326 6 19 1 -61
"2003-11-22 08:03:00" 326 6 18 1 -62
"2003-11-22 08:04:00" 326 6 18 1 -62
"2003-11-22 08:05:00" 326 7 18 1 -62
"2003-11-22 08:06:00" 326 6 18 1 -62
"2003-11-22 08:07:00" 326 7 16 1 -62
"2003-11-22 08:08:00" 326 7 15 1 -62
"2003-11-22 08:09:00" 326 7 15 1 -62
"2003-11-22 08:10:00" 326 8 14 1 -62
"2003-11-22 08:11:00" 326 8 14 2 -61
"2003-11-22 08:12:00" 326 10 14 1 -61
"2003-11-22 08:13:00" 326 10 14 2 -61
"2003-11-22 08:14:00" 326 9 16 2 -61
"2003-11-22 08:15:00" 326 11 18 2 -61
"2003-11-22 08:16:00" 326 11 19 2 -61
"2003-11-22 08:17:00" 326 12 18 2 -60
"2003-11-22 08:18:00" 326 12 18 2 -59
"2003-11-22 08:19:00" 326 12 16 2 -59
"2003-11-22 08:20:00" 326 12 16 2 -59
"2003-11-22 08:21:00" 326 12 16 2 -59
"2003-11-22 08:22:00" 326 11 17 2 -59
"2003-11-22 08:23:00" 326 11 18 2 -58
"2003-11-22 08:24:00" 326 12 18 2 -58
"2003-11-22 08:25:00" 326 12 19 2 -58
"2003-11-22 08:26:00" 326 12 20 2 -58
"2003-11-22 08:27:00" 326 12 20 2 -58
"2003-11-22 08:28:00" 326 12 20 2 -58
"2003-11-22 08:29:00" 326 12 20 2 -59
"2003-11-22 08:30:00" 326 13 20 2 -59
"2003-11-22 08:31:00" 326 13 21 2 -58
"2003-11-22 08:32:00" 326 13 23 2 -58
"2003-11-22 08:33:00" 326 13 23 2 -58
"2003-11-22 08:34:00" 326 13 23 2 -58
"2003-11-22 08:35:00" 326 14 23 2 -58
"2003-11-22 08:36:00" 326 14 23 2 -58
"2003-11-22 08:37:00" 326 14 23 2 -58
"2003-11-22 08:38:00" 326 14 24 2 -58
"2003-11-22 08:39:00" 326 14 24 2 -58
"2003-11-22 08:40:00" 326 14 26 2 -58
"2003-11-22 08:41:00" 326 14 27 2 -58
"2003-11-22 08:42:00" 326 13 27 2 -58
"2003-11-22 08:43:00" 326 13 27 2 -57
"2003-11-22 08:44:00" 326 13 27 2 -57
"2003-11-22 08:45:00" 326 13 26 2 -57
"2003-11-22 08:46:00" 326 13 26 2 -57
"2003-11-22 08:47:00" 326 13 26 2 -57
"2003-11-22 08:48:00" 326 12 26 2 -56
"2003-11-22 08:49:00" 326 12 26 2 -56
"2003-11-22 08:50:00" 326 12 27 2 -56
"2003-11-22 08:51:00" 326 12 26 2 -56
"2003-11-22 08:52:00" 326 12 26 2 -56
"2003-11-22 08:53:00" 326 12 27 2 -55
"2003-11-22 08:54:00" 326 12 27 2 -55
"2003-11-22 08:55:00" 326 11 27 2 -55
"2003-11-22 08:56:00" 326 12 27 2 -55
"2003-11-22 08:57:00" 326 12 27 2 -55
"2003-11-22 08:58:00" 326 12 25 3 -54
"2003-11-22 08:59:00" 326 12 25 3 -54
"2003-11-22 09:00:00" 326 12 25 2 -54
"2003-11-22 09:01:00" 326 12 24 2 -54
"2003-11-22 09:02:00" 326 12 24 2 -54
"2003-11-22 09:03:00" 326 12 25 2 -54
"2003-11-22 09:04:00" 326 12 25 3 -54
"2003-11-22 09:05:00" 326 12 26 3 -54
"2003-11-22 09:06:00" 326 12 26 3 -54
"2003-11-22 09:07:00" 326 12 26 3 -54
"2003-11-22 09:08:00" 326 13 25 3 -54
"2003-11-22 09:09:00" 326 13 24 3 -54
"2003-11-22 09:10:00" 326 12 25 3 -54
"2003-11-22 09:11:00" 326 12 25 3 -54
"2003-11-22 09:12:00" 326 13 25 3 -54
"2003-11-22 09:13:00" 326 13 25 3 -54
"2003-11-22 09:14:00" 326 12 24 3 -54
"2003-11-22 09:15:00" 326 12 24 3 -54
"2003-11-22 09:16:00" 326 12 24 3 -54
"2003-11-22 09:17:00" 326 12 24 3 -54
"2003-11-22 09:18:00" 326 12 24 3 -54
"2003-11-22 09:19:00" 326 12 24 3 -54
"2003-11-22 09:20:00" 326 12 23 3 -53
"2003-11-22 09:21:00" 326 12 23 3 -53
"2003-11-22 09:22:00" 326 12 23 3 -53
"2003-11-22 09:23:00" 326 12 23 3 -53
"2003-11-22 09:24:00" 326 12 23 3 -53
"2003-11-22 09:25:00" 326 12 24 3 -53
"2003-11-22 09:26:00" 326 12 24 3 -53
"2003-11-22 09:27:00" 326 12 24 3 -53
"2003-11-22 09:28:00" 326 13 24 3 -52
"2003-11-22 09:29:00" 326 12 22 3 -53
"2003-11-22 09:30:00" 326 13 22 3 -53
"2003-11-22 09:31:00" 326 13 22 3 -53
"2003-11-22 09:32:00" 326 13 22 3 -53
"2003-11-22 09:33:00" 326 12 22 3 -53
"2003-11-22 09:34:00" 326 13 21 3 -53
"2003-11-22 09:35:00" 326 13 22 3 -52
"2003-11-22 09:36:00" 326 13 22 3 -52
"2003-11-22 09:37:00" 326 13 22 3 -52
"2003-11-22 09:38:00" 326 13 22 3 -52
"2003-11-22 09:39:00" 326 13 22 3 -52
"2003-11-22 09:40:00" 326 13 22 3 -52
"2003-11-22 09:41:00" 326 12 22 3 -52
"2003-11-22 09:42:00" 326 12 23 3 -52
"2003-11-22 09:43:00" 326 12 23 3 -52
"2003-11-22 09:44:00" 326 12 22 3 -52
"2003-11-22 09:45:00" 326 12 22 3 -52
"2003-11-22 09:46:00" 326 12 22 3 -52
"2003-11-22 09:47:00" 326 12 22 3 -52
"2003-11-22 09:48:00" 326 12 23 3 -51
"2003-11-22 09:49:00" 326 12 23 3 -51
"2003-11-22 09:50:00" 326 12 22 3 -51
"2003-11-22 09:51:00" 326 12 23 3 -50
"2003-11-22 09:52:00" 326 12 23 3 -50
"2003-11-22 09:53:00" 326 12 22 3 -50
"2003-11-22 09:54:00" 326 12 22 3 -49
"2003-11-22 09:55:00" 326 12 22 2 -49
"2003-11-22 09:56:00" 326 12 22 3 -49
"2003-11-22 09:57:00" 326 12 22 3 -49
"2003-11-22 09:58:00" 326 11 23 3 -49
"2003-11-22 09:59:00" 326 12 23 3 -49
"2003-11-22 10:00:00" 326 11 23 3 -49
"2003-11-22 10:01:00" 326 11 22 3 -49
"2003-11-22 10:02:00" 326 11 22 2 -49
"2003-11-22 10:03:00" 326 11 21 3 -49
"2003-11-22 10:04:00" 326 11 22 3 -50
"2003-11-22 10:05:00" 326 11 23 3 -49
"2003-11-22 10:06:00" 326 11 24 3 -49
"2003-11-22 10:07:00" 326 11 25 3 -49
"2003-11-22 10:08:00" 326 11 25 3 -48
"2003-11-22 10:09:00" 326 11 23 3 -48
"2003-11-22 10:10:00" 326 11 21 3 -48
"2003-11-22 10:11:00" 326 11 21 3 -48
"2003-11-22 10:12:00" 326 11 21 3 -48
"2003-11-22 10:13:00" 326 10 21 3 -48
"2003-11-22 10:14:00" 326 11 21 3 -48
"2003-11-22 10:15:00" 326 11 23 3 -48
"2003-11-22 10:16:00" 326 10 24 3 -49
"2003-11-22 10:17:00" 326 10 24 3 -49
"2003-11-22 10:18:00" 326 11 24 2 -49
"2003-11-22 10:19:00" 326 11 23 2 -49
"2003-11-22 10:20:00" 326 11 22 2 -49
"2003-11-22 10:21:00" 326 11 24 2 -49
"2003-11-22 10:22:00" 326 10 24 2 -48
"2003-11-22 10:23:00" 326 11 24 2 -48
"2003-11-22 10:24:00" 326 11 23 2 -48
"2003-11-22 10:25:00" 326 12 21 2 -47
"2003-11-22 10:26:00" 326 13 19 2 -47
"2003-11-22 10:27:00" 326 12 18 2 -47
"2003-11-22 10:28:00" 326 10 20 2 -46
"2003-11-22 10:29:00" 326 10 20 2 -45
"2003-11-22 10:30:00" 326 9 21 2 -44
"2003-11-22 10:31:00" 326 10 21 2 -43
"2003-11-22 10:32:00" 326 11 22 2 -42
"2003-11-22 10:33:00" 326 11 21 2 -41
"2003-11-22 10:34:00" 326 12 20 2 -40
"2003-11-22 10:35:00" 326 12 20 2 -40
"2003-11-22 10:36:00" 326 11 20 2 -40
"2003-11-22 10:37:00" 326 12 19 2 -39
"2003-11-22 10:38:00" 326 12 17 2 -39
"2003-11-22 10:39:00" 326 11 17 2 -39
"2003-11-22 10:40:00" 326 10 19 2 -40
"2003-11-22 10:41:00" 326 9 20 2 -39
"2003-11-22 10:42:00" 326 9 22 2 -39
"2003-11-22 10:43:00" 326 9 21 2 -38
"2003-11-22 10:44:00" 326 10 21 2 -38
"2003-11-22 10:45:00" 326 10 20 2 -38
"2003-11-22 10:46:00" 326 11 19 2 -37
"2003-11-22 10:47:00" 326 10 19 2 -37
"2003-11-22 10:48:00" 326 11 18 2 -37
"2003-11-22 10:49:00" 326 10 18 2 -37
"2003-11-22 10:50:00" 326 10 19 2 -37
"2003-11-22 10:51:00" 326 10 20 2 -38
"2003-11-22 10:52:00" 326 10 21 2 -37
"2003-11-22 10:53:00" 326 10 22 2 -38
"2003-11-22 10:54:00" 326 10 22 2 -38
"2003-11-22 10:55:00" 326 10 23 2 -38
"2003-11-22 10:56:00" 326 10 24 2 -37
"2003-11-22 10:57:00" 326 10 23 1 -38
"2003-11-22 10:58:00" 326 10 24 1 -38
"2003-11-22 10:59:00" 326 10 24 1 -39
"2003-11-22 11:00:00" 326 10 23 1 -39
"2003-11-22 11:01:00" 326 9 22 1 -40
"2003-11-22 11:02:00" 326 8 21 1 -40
"2003-11-22 11:03:00" 326 8 22 1 -40
"2003-11-22 11:04:00" 326 7 23 1 -40
"2003-11-22 11:05:00" 326 7 23 1 -39
"2003-11-22 11:06:00" 326 8 23 1 -39
"2003-11-22 11:07:00" 326 8 22 1 -39
"2003-11-22 11:08:00" 326 9 21 1 -38
"2003-11-22 11:09:00" 326 8 21 2 -39
"2003-11-22 11:10:00" 326 8 23 2 -39
"2003-11-22 11:11:00" 326 8 24 2 -38
"2003-11-22 11:12:00" 326 9 24 2 -38
"2003-11-22 11:13:00" 326 10 24 2 -38
"2003-11-22 11:14:00" 326 10 27 2 -38
"2003-11-22 11:15:00" 326 10 27 1 -38
"2003-11-22 11:16:00" 326 10 24 1 -39
"2003-11-22 11:17:00" 326 10 24 1 -39
"2003-11-22 11:18:00" 326 10 23 1 -40
"2003-11-22 11:19:00" 326 10 23 1 -41
"2003-11-22 11:20:00" 326 10 25 2 -42
"2003-11-22 11:21:00" 326 9 27 2 -42
"2003-11-22 11:22:00" 326 9 27 2 -43
"2003-11-22 11:23:00" 326 9 28 2 -42
"2003-11-22 11:24:00" 326 8 28 2 -43
"2003-11-22 11:25:00" 326 8 28 2 -43
"2003-11-22 11:26:00" 326 7 28 2 -43
"2003-11-22 11:27:00" 326 7 29 2 -42
"2003-11-22 11:28:00" 326 7 30 2 -42
"2003-11-22 11:29:00" 326 7 31 2 -42
"2003-11-22 11:30:00" 326 7 30 1 -41
"2003-11-22 11:31:00" 326 8 30 1 -40
"2003-11-22 11:32:00" 326 9 29 1 -39
"2003-11-22 11:33:00" 326 10 28 0 -39
"2003-11-22 11:34:00" 326 10 25 0 -39
"2003-11-22 11:35:00" 326 10 24 0 -40
"2003-11-22 11:36:00" 326 8 25 0 -40
"2003-11-22 11:37:00" 326 8 27 0 -40
"2003-11-22 11:38:00" 326 10 25 0 -39
"2003-11-22 11:39:00" 326 11 22 0 -40
"2003-11-22 11:40:00" 326 11 19 0 -41
"2003-11-22 11:41:00" 326 9 20 0 -41
"2003-11-22 11:42:00" 326 9 20 0 -41
"2003-11-22 11:43:00" 326 8 21 1 -42
"2003-11-22 11:44:00" 326 8 22 1 -41
"2003-11-22 11:45:00" 326 8 22 1 -41
"2003-11-22 11:46:00" 326 9 23 0 -42
"2003-11-22 11:47:00" 326 7 23 0 -42
"2003-11-22 11:48:00" 326 7 23 0 -42
"2003-11-22 11:49:00" 326 7 22 0 -42
"2003-11-22 11:50:00" 326 7 22 0 -41
"2003-11-22 11:51:00" 326 8 21 0 -41
"2003-11-22 11:52:00" 326 8 19 0 -41
"2003-11-22 11:53:00" 326 7 18 0 -41
"2003-11-22 11:54:00" 326 7 20 0 -40
"2003-11-22 11:55:00" 326 8 19 0 -40
"2003-11-22 11:56:00" 326 8 19 0 -40
"2003-11-22 11:57:00" 326 8 18 0 -40
"2003-11-22 11:58:00" 326 8 20 0 -39
"2003-11-22 11:59:00" 326 9 20 0 -39
"2003-11-22 12:00:00" 326 8 18 0 -39
"2003-11-22 12:01:00" 326 7 19 0 -39
"2003-11-22 12:02:00" 326 7 20 0 -39
"2003-11-22 12:03:00" 326 7 20 0 -38
"2003-11-22 12:04:00" 326 8 17 0 -38
"2003-11-22 12:05:00" 326 7 17 0 -39
"2003-11-22 12:06:00" 326 7 17 0 -39
"2003-11-22 12:07:00" 326 7 18 0 -39
"2003-11-22 12:08:00" 326 7 17 0 -39
"2003-11-22 12:09:00" 326 7 18 0 -39
"2003-11-22 12:10:00" 326 7 18 0 -39
"2003-11-22 12:11:00" 326 7 18 0 -39
"2003-11-22 12:12:00" 326 7 18 0 -39
"2003-11-22 12:13:00" 326 8 18 0 -39
"2003-11-22 12:14:00" 326 8 17 0 -40
"2003-11-22 12:15:00" 326 8 17 0 -40
"2003-11-22 12:16:00" 326 8 18 0 -40
"2003-11-22 12:17:00" 326 9 18 0 -40
"2003-11-22 12:18:00" 326 9 19 -1 -40
"2003-11-22 12:19:00" 326 8 20 -1 -40
"2003-11-22 12:20:00" 326 8 19 -1 -41
"2003-11-22 12:21:00" 326 8 18 -1 -40
"2003-11-22 12:22:00" 326 8 18 -1 -40
"2003-11-22 12:23:00" 326 8 19 -1 -40
"2003-11-22 12:24:00" 326 9 18 -1 -40
"2003-11-22 12:25:00" 326 8 17 -1 -40
"2003-11-22 12:26:00" 326 6 17 -1 -40
"2003-11-22 12:27:00" 326 6 17 -1 -40
"2003-11-22 12:28:00" 326 6 16 -1 -40
"2003-11-22 12:29:00" 326 6 16 -1 -40
"2003-11-22 12:30:00" 326 5 18 -1 -40
"2003-11-22 12:31:00" 326 5 19 0 -40
"2003-11-22 12:32:00" 326 5 19 0 -40
"2003-11-22 12:33:00" 326 4 18 0 -40
"2003-11-22 12:34:00" 326 5 18 -1 -40
"2003-11-22 12:35:00" 326 5 18 0 -41
"2003-11-22 12:36:00" 326 4 17 -1 -41
"2003-11-22 12:37:00" 326 5 18 0 -41
"2003-11-22 12:38:00" 326 6 19 -1 -40
"2003-11-22 12:39:00" 326 5 17 -1 -41
"2003-11-22 12:40:00" 326 4 17 -1 -40
"2003-11-22 12:41:00" 326 4 17 -1 -40
"2003-11-22 12:42:00" 326 4 17 -1 -41
"2003-11-22 12:43:00" 326 5 20 -1 -40
"2003-11-22 12:44:00" 326 5 20 0 -40
"2003-11-22 12:45:00" 326 7 19 0 -41
"2003-11-22 12:46:00" 326 7 19 0 -41
"2003-11-22 12:47:00" 326 7 19 0 -41
"2003-11-22 12:48:00" 326 7 19 0 -41
"2003-11-22 12:49:00" 326 8 20 -1 -41
"2003-11-22 12:50:00" 326 8 20 -1 -41
"2003-11-22 12:51:00" 326 9 18 -1 -41
"2003-11-22 12:52:00" 326 9 17 -1 -41
"2003-11-22 12:53:00" 326 9 17 -1 -41
"2003-11-22 12:54:00" 326 9 17 -1 -41
"2003-11-22 12:55:00" 326 8 17 -1 -40
"2003-11-22 12:56:00" 326 9 17 -1 -40
"2003-11-22 12:57:00" 326 8 16 -1 -40
"2003-11-22 12:58:00" 326 8 15 -1 -40
"2003-11-22 12:59:00" 326 7 16 -1 -39
"2003-11-22 13:00:00" 326 7 17 -1 -39
"2003-11-22 13:01:00" 326 7 17 -1 -39
"2003-11-22 13:02:00" 326 6 18 -1 -39
"2003-11-22 13:03:00" 326 6 18 -1 -39
"2003-11-22 13:04:00" 326 5 18 -1 -39
"2003-11-22 13:05:00" 326 4 17 -1 -40
"2003-11-22 13:06:00" 326 3 17 -1 -40
"2003-11-22 13:07:00" 326 3 18 -1 -40
"2003-11-22 13:08:00" 326 2 17 -1 -40
"2003-11-22 13:09:00" 326 3 17 -1 -40
"2003-11-22 13:10:00" 326 4 16 -1 -41
"2003-11-22 13:11:00" 326 5 16 -2 -41
"2003-11-22 13:12:00" 326 6 16 -2 -42
"2003-11-22 13:13:00" 326 5 15 -2 -42
"2003-11-22 13:14:00" 326 4 16 -1 -42
"2003-11-22 13:15:00" 326 3 16 -1 -42
"2003-11-22 13:16:00" 326 3 16 -1 -42
"2003-11-22 13:17:00" 326 2 16 -1 -42
"2003-11-22 13:18:00" 326 3 17 -1 -42
"2003-11-22 13:19:00" 326 3 16 -1 -42
"2003-11-22 13:20:00" 326 3 16 -2 -42
"2003-11-22 13:21:00" 326 4 16 -1 -42
"2003-11-22 13:22:00" 326 4 17 -1 -41
"2003-11-22 13:23:00" 326 2 17 -1 -41
"2003-11-22 13:24:00" 326 2 17 -1 -40
"2003-11-22 13:25:00" 326 2 18 -1 -40
"2003-11-22 13:26:00" 326 2 18 -1 -39
"2003-11-22 13:27:00" 326 3 17 -1 -39
"2003-11-22 13:28:00" 326 3 17 -1 -39
"2003-11-22 13:29:00" 326 3 18 -1 -39
"2003-11-22 13:30:00" 326 3 19 -1 -39
"2003-11-22 13:31:00" 326 4 19 -1 -39
"2003-11-22 13:32:00" 326 5 20 -1 -39
"2003-11-22 13:33:00" 326 5 21 -1 -38
"2003-11-22 13:34:00" 326 5 21 -1 -38
"2003-11-22 13:35:00" 326 6 19 -1 -38
"2003-11-22 13:36:00" 326 7 17 -1 -38
"2003-11-22 13:37:00" 326 8 17 -1 -38
"2003-11-22 13:38:00" 326 9 17 0 -38
"2003-11-22 13:39:00" 326 10 17 0 -37
"2003-11-22 13:40:00" 326 12 16 0 -38
"2003-11-22 13:41:00" 326 14 17 0 -39
"2003-11-22 13:42:00" 326 13 18 0 -39
"2003-11-22 13:43:00" 326 13 19 0 -39
"2003-11-22 13:44:00" 326 15 18 1 -40
"2003-11-22 13:45:00" 326 12 17 0 -40
"2003-11-22 13:46:00" 326 16 16 1 -41
"2003-11-22 13:47:00" 326 16 16 0 -41
"2003-11-22 13:48:00" 326 17 16 1 -41
"2003-11-22 13:49:00" 326 18 17 1 -40
"2003-11-22 13:50:00" 326 19 19 1 -39
"2003-11-22 13:51:00" 326 19 20 1 -37
"2003-11-22 13:52:00" 326 16 19 1 -37
"2003-11-22 13:53:00" 326 14 17 0 -37
"2003-11-22 13:54:00" 326 10 16 0 -38
"2003-11-22 13:55:00" 326 10 16 0 -38
"2003-11-22 13:56:00" 326 8 16 0 -38
"2003-11-22 13:57:00" 326 5 15 -1 -38
"2003-11-22 13:58:00" 326 6 15 -1 -38
"2003-11-22 13:59:00" 326 6 16 -1 -39
"2003-11-22 14:00:00" 326 6 16 -1 -39
"2003-11-22 14:01:00" 326 7 16 -1 -39
"2003-11-22 14:02:00" 326 7 16 -1 -38
"2003-11-22 14:03:00" 326 6 16 -1 -38
"2003-11-22 14:04:00" 326 6 16 -1 -39
"2003-11-22 14:05:00" 326 7 16 -1 -40
"2003-11-22 14:06:00" 326 6 15 -1 -40
"2003-11-22 14:07:00" 326 6 14 -1 -40
"2003-11-22 14:08:00" 326 7 15 -1 -40
"2003-11-22 14:09:00" 326 6 15 -1 -40
"2003-11-22 14:10:00" 326 7 14 -1 -41
"2003-11-22 14:11:00" 326 8 13 -1 -42
"2003-11-22 14:12:00" 326 8 13 -1 -42
"2003-11-22 14:13:00" 326 8 14 0 -41
"2003-11-22 14:14:00" 326 10 14 0 -42
"2003-11-22 14:15:00" 326 12 14 0 -42
"2003-11-22 14:16:00" 326 14 15 0 -43
"2003-11-22 14:17:00" 326 14 16 1 -43
"2003-11-22 14:18:00" 326 15 16 1 -43
"2003-11-22 14:19:00" 326 17 16 1 -44
"2003-11-22 14:20:00" 326 17 17 1 -44
"2003-11-22 14:21:00" 326 17 17 2 -44
"2003-11-22 14:22:00" 326 18 19 2 -45
"2003-11-22 14:23:00" 326 18 20 2 -46
"2003-11-22 14:24:00" 326 18 20 2 -46
"2003-11-22 14:25:00" 326 20 20 2 -46
"2003-11-22 14:26:00" 326 20 22 2 -46
"2003-11-22 14:27:00" 326 21 24 2 -46
"2003-11-22 14:28:00" 326 19 23 2 -46
"2003-11-22 14:29:00" 326 19 24 2 -47
"2003-11-22 14:30:00" 326 19 24 2 -47
"2003-11-22 14:31:00" 326 18 23 3 -48
"2003-11-22 14:32:00" 326 18 23 2 -49
"2003-11-22 14:33:00" 326 18 23 3 -50
"2003-11-22 14:34:00" 326 18 22 3 -51
"2003-11-22 14:35:00" 326 18 22 3 -51
"2003-11-22 14:36:00" 326 18 23 3 -52
"2003-11-22 14:37:00" 326 18 23 3 -52
"2003-11-22 14:38:00" 326 16 23 3 -53
"2003-11-22 14:39:00" 326 17 25 3 -54
"2003-11-22 14:40:00" 326 15 25 3 -55
"2003-11-22 14:41:00" 326 14 23 3 -55
"2003-11-22 14:42:00" 326 13 23 2 -56
"2003-11-22 14:43:00" 326 13 23 3 -56
"2003-11-22 14:44:00" 326 13 21 3 -56
"2003-11-22 14:45:00" 326 11 20 2 -57
"2003-11-22 14:46:00" 326 11 20 2 -57
"2003-11-22 14:47:00" 326 10 17 2 -57
"2003-11-22 14:48:00" 326 8 17 2 -57
"2003-11-22 14:49:00" 326 7 17 2 -58
"2003-11-22 14:50:00" 326 6 15 1 -58
"2003-11-22 14:51:00" 326 8 14 1 -58
"2003-11-22 14:52:00" 326 8 13 1 -58
"2003-11-22 14:53:00" 326 9 12 2 -58
"2003-11-22 14:54:00" 326 8 13 2 -58
"2003-11-22 14:55:00" 326 8 14 1 -58
"2003-11-22 14:56:00" 326 9 14 1 -59
"2003-11-22 14:57:00" 326 10 11 1 -59
"2003-11-22 14:58:00" 326 12 10 1 -59
"2003-11-22 14:59:00" 326 13 10 1 -59
"2003-11-22 15:00:00" 326 15 10 2 -59
"2003-11-22 15:01:00" 326 16 10 1 -59
"2003-11-22 15:02:00" 326 16 11 1 -59
"2003-11-22 15:03:00" 326 16 13 2 -59
"2003-11-22 15:04:00" 326 16 16 1 -59
"2003-11-22 15:05:00" 326 15 22 1 -59
"2003-11-22 15:06:00" 326 17 25 1 -60
"2003-11-22 15:07:00" 326 19 26 1 -60
"2003-11-22 15:08:00" 326 21 25 1 -59
"2003-11-22 15:09:00" 326 22 26 2 -60
"2003-11-22 15:10:00" 326 23 29 2 -60
"2003-11-22 15:11:00" 326 25 29 2 -60
"2003-11-22 15:12:00" 326 26 30 2 -60
"2003-11-22 15:13:00" 326 28 32 2 -60
"2003-11-22 15:14:00" 326 29 33 2 -60
"2003-11-22 15:15:00" 326 32 36 2 -61
"2003-11-22 15:16:00" 326 33 39 2 -61
"2003-11-22 15:17:00" 326 34 41 2 -61
"2003-11-22 15:18:00" 326 36 43 3 -62
"2003-11-22 15:19:00" 326 36 43 3 -62
"2003-11-22 15:20:00" 326 39 47 4 -63
"2003-11-22 15:21:00" 326 40 49 4 -63
"2003-11-22 15:22:00" 326 41 52 4 -63
"2003-11-22 15:23:00" 326 42 53 4 -63
"2003-11-22 15:24:00" 326 44 53 4 -64
"2003-11-22 15:25:00" 326 46 54 5 -64
"2003-11-22 15:26:00" 326 47 55 5 -64
"2003-11-22 15:27:00" 326 47 56 5 -64
"2003-11-22 15:28:00" 326 48 56 5 -65
"2003-11-22 15:29:00" 326 47 56 5 -65
"2003-11-22 15:30:00" 326 46 56 5 -65
"2003-11-22 15:31:00" 326 45 56 5 -65
"2003-11-22 15:32:00" 326 45 56 5 -66
"2003-11-22 15:33:00" 326 44 56 6 -66
"2003-11-22 15:34:00" 326 43 55 6 -66
"2003-11-22 15:35:00" 326 43 56 6 -66
"2003-11-22 15:36:00" 326 42 55 6 -67
"2003-11-22 15:37:00" 326 43 54 6 -67
"2003-11-22 15:38:00" 326 45 52 6 -67
"2003-11-22 15:39:00" 326 45 51 6 -68
"2003-11-22 15:40:00" 326 47 50 6 -68
"2003-11-22 15:41:00" 326 48 51 6 -67
"2003-11-22 15:42:00" 326 49 51 6 -67
"2003-11-22 15:43:00" 326 48 52 6 -66
"2003-11-22 15:44:00" 326 46 51 6 -65
"2003-11-22 15:45:00" 326 44 51 6 -65
"2003-11-22 15:46:00" 326 45 51 6 -65
"2003-11-22 15:47:00" 326 46 52 6 -65
"2003-11-22 15:48:00" 326 47 53 6 -65
"2003-11-22 15:49:00" 326 48 53 6 -65
"2003-11-22 15:50:00" 326 50 53 6 -66
"2003-11-22 15:51:00" 326 52 52 6 -66
"2003-11-22 15:52:00" 326 54 53 6 -67
"2003-11-22 15:53:00" 326 56 53 7 -67
"2003-11-22 15:54:00" 326 58 54 7 -68
"2003-11-22 15:55:00" 326 59 54 8 -68
"2003-11-22 15:56:00" 326 60 55 8 -68
"2003-11-22 15:57:00" 326 61 56 8 -69
"2003-11-22 15:58:00" 326 63 56 8 -69
"2003-11-22 15:59:00" 326 65 57 8 -70
"2003-11-22 16:00:00" 326 66 57 8 -71
"2003-11-22 16:01:00" 326 67 60 8 -72
"2003-11-22 16:02:00" 326 67 60 8 -73
"2003-11-22 16:03:00" 326 69 60 8 -73
"2003-11-22 16:04:00" 326 69 61 8 -73
"2003-11-22 16:05:00" 326 70 61 8 -74
"2003-11-22 16:06:00" 326 71 61 8 -74
"2003-11-22 16:07:00" 326 72 61 8 -75
"2003-11-22 16:08:00" 326 73 63 8 -76
"2003-11-22 16:09:00" 326 74 63 7 -76
"2003-11-22 16:10:00" 326 76 63 7 -77
"2003-11-22 16:11:00" 326 77 64 7 -77
"2003-11-22 16:12:00" 326 79 64 7 -78
"2003-11-22 16:13:00" 326 78 63 7 -78
"2003-11-22 16:14:00" 326 79 64 7 -79
"2003-11-22 16:15:00" 326 80 66 7 -78
"2003-11-22 16:16:00" 326 78 66 7 -79
"2003-11-22 16:17:00" 326 78 68 7 -79
"2003-11-22 16:18:00" 326 79 68 7 -79
"2003-11-22 16:19:00" 326 78 69 7 -80
"2003-11-22 16:20:00" 326 76 70 7 -80
"2003-11-22 16:21:00" 326 76 71 6 -81
"2003-11-22 16:22:00" 326 75 71 7 -81
"2003-11-22 16:23:00" 326 74 71 6 -81
"2003-11-22 16:24:00" 326 74 71 6 -82
"2003-11-22 16:25:00" 326 74 72 6 -82
"2003-11-22 16:26:00" 326 74 71 7 -82
"2003-11-22 16:27:00" 326 74 71 6 -82
"2003-11-22 16:28:00" 326 73 70 6 -82
"2003-11-22 16:29:00" 326 73 70 6 -82
"2003-11-22 16:30:00" 326 72 69 6 -83
"2003-11-22 16:31:00" 326 71 69 6 -84
"2003-11-22 16:32:00" 326 72 69 6 -84
"2003-11-22 16:33:00" 326 72 68 6 -84
"2003-11-22 16:34:00" 326 71 65 6 -84
"2003-11-22 16:35:00" 326 67 58 5 -82
"2003-11-22 16:36:00" 326 62 56 5 -81
"2003-11-22 16:37:00" 326 56 54 3 -79
"2003-11-22 16:38:00" 326 52 49 2 -78
"2003-11-22 16:39:00" 326 50 45 2 -76
"2003-11-22 16:40:00" 326 48 42 1 -75
"2003-11-22 16:41:00" 326 46 40 1 -74
"2003-11-22 16:42:00" 326 45 37 1 -74
"2003-11-22 16:43:00" 326 44 38 1 -73
"2003-11-22 16:44:00" 326 43 42 0 -74
"2003-11-22 16:45:00" 326 41 40 0 -74
"2003-11-22 16:46:00" 326 39 39 0 -74
"2003-11-22 16:47:00" 326 39 38 -1 -75
"2003-11-22 16:48:00" 326 41 37 -2 -76
"2003-11-22 16:49:00" 326 42 36 -4 -76
"2003-11-22 16:50:00" 326 44 36 -4 -77
"2003-11-22 16:51:00" 326 44 36 -4 -77
"2003-11-22 16:52:00" 326 45 35 -5 -77
"2003-11-22 16:53:00" 326 45 34 -5 -77
"2003-11-22 16:54:00" 326 45 34 -5 -77
"2003-11-22 16:55:00" 326 45 34 -5 -77
"2003-11-22 16:56:00" 326 45 36 -5 -78
"2003-11-22 16:57:00" 326 42 35 -5 -77
"2003-11-22 16:58:00" 326 41 32 -5 -76
"2003-11-22 16:59:00" 326 37 31 -5 -75
"2003-11-22 17:00:00" 326 34 31 -5 -75
"2003-11-22 17:01:00" 326 32 30 -5 -75
"2003-11-22 17:02:00" 326 32 29 -4 -75
"2003-11-22 17:03:00" 326 32 30 -4 -75
"2003-11-22 17:04:00" 326 31 29 -4 -75
"2003-11-22 17:05:00" 326 29 29 -5 -75
"2003-11-22 17:06:00" 326 26 31 -6 -75
"2003-11-22 17:07:00" 326 24 30 -6 -76
"2003-11-22 17:08:00" 326 24 30 -6 -75
"2003-11-22 17:09:00" 326 24 31 -6 -76
"2003-11-22 17:10:00" 326 25 30 -6 -76
"2003-11-22 17:11:00" 326 26 31 -6 -76
"2003-11-22 17:12:00" 326 27 33 -7 -75
"2003-11-22 17:13:00" 326 29 34 -8 -75
"2003-11-22 17:14:00" 326 31 38 -8 -76
"2003-11-22 17:15:00" 326 33 39 -9 -75
"2003-11-22 17:16:00" 326 34 38 -9 -74
"2003-11-22 17:17:00" 326 34 38 -10 -74
"2003-11-22 17:18:00" 326 35 40 -11 -74
"2003-11-22 17:19:00" 326 36 42 -11 -73
"2003-11-22 17:20:00" 326 36 43 -12 -73
"2003-11-22 17:21:00" 326 37 45 -12 -73
"2003-11-22 17:22:00" 326 36 47 -13 -73
"2003-11-22 17:23:00" 326 35 46 -13 -73
"2003-11-22 17:24:00" 326 33 45 -13 -72
"2003-11-22 17:25:00" 326 31 47 -14 -72
"2003-11-22 17:26:00" 326 29 45 -14 -73
"2003-11-22 17:27:00" 326 28 44 -14 -72
"2003-11-22 17:28:00" 326 29 42 -14 -72
"2003-11-22 17:29:00" 326 30 43 -14 -72
"2003-11-22 17:30:00" 326 31 45 -14 -73
"2003-11-22 17:31:00" 326 31 46 -13 -72
"2003-11-22 17:32:00" 326 32 46 -13 -72
"2003-11-22 17:33:00" 326 32 48 -13 -72
"2003-11-22 17:34:00" 326 32 48 -12 -72
"2003-11-22 17:35:00" 326 32 49 -12 -71
"2003-11-22 17:36:00" 326 33 49 -11 -71
"2003-11-22 17:37:00" 326 33 51 -11 -71
"2003-11-22 17:38:00" 326 34 52 -10 -71
"2003-11-22 17:39:00" 326 34 54 -9 -70
"2003-11-22 17:40:00" 326 34 57 -8 -70
"2003-11-22 17:41:00" 326 36 58 -7 -69
"2003-11-22 17:42:00" 326 35 60 -6 -69
"2003-11-22 17:43:00" 326 36 62 -5 -69
"2003-11-22 17:44:00" 326 37 65 -5 -70
"2003-11-22 17:45:00" 326 38 68 -5 -70
"2003-11-22 17:46:00" 326 39 71 -4 -70
"2003-11-22 17:47:00" 326 40 73 -3 -70
"2003-11-22 17:48:00" 326 41 76 -3 -70
"2003-11-22 17:49:00" 326 42 77 -3 -69
"2003-11-22 17:50:00" 326 44 79 -2 -69
"2003-11-22 17:51:00" 326 45 80 -2 -69
"2003-11-22 17:52:00" 326 46 83 -2 -69
"2003-11-22 17:53:00" 326 48 85 -2 -70
"2003-11-22 17:54:00" 326 50 87 -2 -70
"2003-11-22 17:55:00" 326 52 89 -2 -70
"2003-11-22 17:56:00" 326 53 91 -2 -71
"2003-11-22 17:57:00" 326 55 91 -2 -71
"2003-11-22 17:58:00" 326 56 91 -1 -71
"2003-11-22 17:59:00" 326 58 93 -1 -71
"2003-11-22 18:00:00" 326 59 93 -1 -71
"2003-11-22 18:01:00" 326 60 94 -1 -72
"2003-11-22 18:02:00" 326 60 96 -1 -72
"2003-11-22 18:03:00" 326 61 97 -1 -73
"2003-11-22 18:04:00" 326 61 99 -1 -74
"2003-11-22 18:05:00" 326 61 99 -1 -74
"2003-11-22 18:06:00" 326 60 98 -1 -75
"2003-11-22 18:07:00" 326 60 97 -1 -76
"2003-11-22 18:08:00" 326 61 98 -1 -76
"2003-11-22 18:09:00" 326 62 98 -1 -77
"2003-11-22 18:10:00" 326 64 98 -1 -78
"2003-11-22 18:11:00" 326 66 97 -1 -78
"2003-11-22 18:12:00" 326 65 96 -1 -79
"2003-11-22 18:13:00" 326 66 95 -1 -79
"2003-11-22 18:14:00" 326 65 94 0 -80
"2003-11-22 18:15:00" 326 64 93 0 -79
"2003-11-22 18:16:00" 326 64 93 0 -79
"2003-11-22 18:17:00" 326 64 90 0 -79
"2003-11-22 18:18:00" 326 62 88 0 -79
"2003-11-22 18:19:00" 326 63 85 0 -78
"2003-11-22 18:20:00" 326 63 85 0 -79
"2003-11-22 18:21:00" 326 62 84 0 -79
"2003-11-22 18:22:00" 326 62 83 -1 -79
"2003-11-22 18:23:00" 326 61 83 0 -80
"2003-11-22 18:24:00" 326 61 83 -1 -80
"2003-11-22 18:25:00" 326 62 83 -1 -80
"2003-11-22 18:26:00" 326 59 83 0 -81
"2003-11-22 18:27:00" 326 59 83 -1 -80
"2003-11-22 18:28:00" 326 59 82 -1 -81
"2003-11-22 18:29:00" 326 59 82 -1 -82
"2003-11-22 18:30:00" 326 59 82 -1 -82
"2003-11-22 18:31:00" 326 59 82 0 -82
"2003-11-22 18:32:00" 326 61 83 0 -83
"2003-11-22 18:33:00" 326 60 84 0 -83
"2003-11-22 18:34:00" 326 60 84 0 -83
"2003-11-22 18:35:00" 326 61 84 0 -84
"2003-11-22 18:36:00" 326 60 83 0 -84
"2003-11-22 18:37:00" 326 60 85 1 -85
"2003-11-22 18:38:00" 326 60 84 1 -85
"2003-11-22 18:39:00" 326 61 85 2 -86
"2003-11-22 18:40:00" 326 63 86 2 -86
"2003-11-22 18:41:00" 326 64 87 2 -87
"2003-11-22 18:42:00" 326 66 88 2 -87
"2003-11-22 18:43:00" 326 67 89 3 -87
"2003-11-22 18:44:00" 326 67 89 3 -87
"2003-11-22 18:45:00" 326 68 90 3 -87
"2003-11-22 18:46:00" 326 69 90 3 -87
"2003-11-22 18:47:00" 326 69 91 3 -87
"2003-11-22 18:48:00" 326 70 90 3 -87
"2003-11-22 18:49:00" 326 70 90 3 -87
"2003-11-22 18:50:00" 326 71 90 3 -88
"2003-11-22 18:51:00" 326 72 91 3 -89
"2003-11-22 18:52:00" 326 74 93 3 -90
"2003-11-22 18:53:00" 326 75 94 3 -90
"2003-11-22 18:54:00" 326 76 94 3 -89
"2003-11-22 18:55:00" 326 76 94 2 -90
"2003-11-22 18:56:00" 326 75 95 2 -90
"2003-11-22 18:57:00" 326 75 96 1 -90
"2003-11-22 18:58:00" 326 74 96 1 -89
"2003-11-22 18:59:00" 326 74 95 1 -90
"2003-11-22 19:00:00" 326 72 94 0 -89
"2003-11-22 19:01:00" 326 72 92 -1 -89
"2003-11-22 19:02:00" 326 71 92 -1 -88
"2003-11-22 19:03:00" 326 71 92 -1 -88
"2003-11-22 19:04:00" 326 71 92 -2 -88
"2003-11-22 19:05:00" 326 70 89 -2 -87
"2003-11-22 19:06:00" 326 71 88 -2 -87
"2003-11-22 19:07:00" 326 71 85 -2 -86
"2003-11-22 19:08:00" 326 70 83 -3 -85
"2003-11-22 19:09:00" 326 71 81 -2 -84
"2003-11-22 19:10:00" 326 71 81 -2 -84
"2003-11-22 19:11:00" 326 68 81 -2 -84
"2003-11-22 19:12:00" 326 68 82 -2 -84
"2003-11-22 19:13:00" 326 68 80 -2 -83
"2003-11-22 19:14:00" 326 69 82 -2 -83
"2003-11-22 19:15:00" 326 70 83 -2 -83
"2003-11-22 19:16:00" 326 71 82 -2 -82
"2003-11-22 19:17:00" 326 74 80 -2 -81
"2003-11-22 19:18:00" 326 72 84 -2 -84
"2003-11-22 19:19:00" 326 67 85 -1 -84
"2003-11-22 19:20:00" 326 63 82 0 -84
"2003-11-22 19:21:00" 326 60 82 0 -84
"2003-11-22 19:22:00" 326 55 82 0 -85
"2003-11-22 19:23:00" 326 53 83 -1 -87
"2003-11-22 19:24:00" 326 48 82 -1 -87
"2003-11-22 19:25:00" 326 46 79 0 -86
"2003-11-22 19:26:00" 326 43 78 0 -87
"2003-11-22 19:27:00" 326 40 76 0 -88
"2003-11-22 19:28:00" 326 39 73 1 -88
"2003-11-22 19:29:00" 326 38 71 2 -89
"2003-11-22 19:30:00" 326 37 69 2 -89
"2003-11-22 19:31:00" 326 37 67 3 -89
"2003-11-22 19:32:00" 326 37 66 4 -90
"2003-11-22 19:33:00" 326 36 65 4 -91
"2003-11-22 19:34:00" 326 35 65 5 -91
"2003-11-22 19:35:00" 326 34 62 5 -92
"2003-11-22 19:36:00" 326 34 63 5 -94
"2003-11-22 19:37:00" 326 33 63 5 -94
"2003-11-22 19:38:00" 326 34 65 5 -95
"2003-11-22 19:39:00" 326 36 65 4 -96
"2003-11-22 19:40:00" 326 37 65 4 -95
"2003-11-22 19:41:00" 326 38 62 4 -95
"2003-11-22 19:42:00" 326 40 59 4 -95
"2003-11-22 19:43:00" 326 42 59 4 -94
"2003-11-22 19:44:00" 326 42 56 4 -94
"2003-11-22 19:45:00" 326 41 56 4 -95
"2003-11-22 19:46:00" 326 39 52 4 -95
"2003-11-22 19:47:00" 326 38 50 4 -95
"2003-11-22 19:48:00" 326 38 48 4 -95
"2003-11-22 19:49:00" 326 39 47 4 -95
"2003-11-22 19:50:00" 326 40 44 4 -95
"2003-11-22 19:51:00" 326 41 42 4 -95
"2003-11-22 19:52:00" 326 41 42 4 -95
"2003-11-22 19:53:00" 326 41 41 4 -96
"2003-11-22 19:54:00" 326 40 41 4 -96
"2003-11-22 19:55:00" 326 38 40 4 -97
"2003-11-22 19:56:00" 326 38 39 4 -97
"2003-11-22 19:57:00" 326 37 40 5 -97
"2003-11-22 19:58:00" 326 38 41 4 -97
"2003-11-22 19:59:00" 326 38 41 4 -96
"2003-11-22 20:00:00" 326 38 42 4 -96
"2003-11-22 20:01:00" 326 38 42 4 -96
"2003-11-22 20:02:00" 326 38 42 4 -96
"2003-11-22 20:03:00" 326 39 40 4 -96
"2003-11-22 20:04:00" 326 39 41 4 -95
"2003-11-22 20:05:00" 326 38 41 4 -95
"2003-11-22 20:06:00" 326 38 39 4 -94
"2003-11-22 20:07:00" 326 37 41 4 -94
"2003-11-22 20:08:00" 326 38 40 4 -93
"2003-11-22 20:09:00" 326 38 40 4 -93
"2003-11-22 20:10:00" 326 39 40 4 -92
"2003-11-22 20:11:00" 326 38 39 4 -92
"2003-11-22 20:12:00" 326 38 39 4 -92
"2003-11-22 20:13:00" 326 38 40 3 -91
"2003-11-22 20:14:00" 326 38 39 3 -92
"2003-11-22 20:15:00" 326 37 40 3 -92
"2003-11-22 20:16:00" 326 37 39 3 -93
"2003-11-22 20:17:00" 326 36 39 2 -93
"2003-11-22 20:18:00" 326 35 36 2 -93
"2003-11-22 20:19:00" 326 31 35 1 -93
"2003-11-22 20:20:00" 326 29 33 1 -93
"2003-11-22 20:21:00" 326 27 30 0 -93
"2003-11-22 20:22:00" 326 26 27 -1 -93
"2003-11-22 20:23:00" 326 25 27 -2 -92
"2003-11-22 20:24:00" 326 25 27 -4 -91
"2003-11-22 20:25:00" 326 26 27 -5 -90
"2003-11-22 20:26:00" 326 27 25 -6 -89
"2003-11-22 20:27:00" 326 29 27 -7 -89
"2003-11-22 20:28:00" 326 30 26 -8 -88
"2003-11-22 20:29:00" 326 33 26 -8 -87
"2003-11-22 20:30:00" 326 36 28 -9 -86
"2003-11-22 20:31:00" 326 38 29 -10 -85
"2003-11-22 20:32:00" 326 40 30 -10 -84
"2003-11-22 20:33:00" 326 40 32 -11 -83
"2003-11-22 20:34:00" 326 41 33 -11 -82
"2003-11-22 20:35:00" 326 40 34 -11 -81
"2003-11-22 20:36:00" 326 40 32 -11 -80
"2003-11-22 20:37:00" 326 40 32 -11 -79
"2003-11-22 20:38:00" 326 36 35 -11 -78
"2003-11-22 20:39:00" 326 36 35 -10 -77
"2003-11-22 20:40:00" 326 35 37 -10 -76
"2003-11-22 20:41:00" 326 33 38 -9 -76
"2003-11-22 20:42:00" 326 31 40 -8 -75
"2003-11-22 20:43:00" 326 32 40 -7 -74
"2003-11-22 20:44:00" 326 33 38 -7 -73
"2003-11-22 20:45:00" 326 31 38 -6 -73
"2003-11-22 20:46:00" 326 29 37 -6 -73
"2003-11-22 20:47:00" 326 28 37 -5 -72
"2003-11-22 20:48:00" 326 28 35 -5 -73
"2003-11-22 20:49:00" 326 23 38 -4 -73
"2003-11-22 20:50:00" 326 21 34 -3 -73
"2003-11-22 20:51:00" 326 19 30 -2 -73
"2003-11-22 20:52:00" 326 19 28 -1 -74
"2003-11-22 20:53:00" 326 18 27 -1 -74
"2003-11-22 20:54:00" 326 19 25 0 -74
"2003-11-22 20:55:00" 326 18 27 0 -75
"2003-11-22 20:56:00" 326 17 30 0 -75
"2003-11-22 20:57:00" 326 16 31 0 -74
"2003-11-22 20:58:00" 326 17 31 0 -74
"2003-11-22 20:59:00" 326 16 33 1 -75
"2003-11-22 21:00:00" 326 16 33 1 -74
"2003-11-22 21:01:00" 326 16 33 1 -74
"2003-11-22 21:02:00" 326 18 31 1 -73
"2003-11-22 21:03:00" 326 17 29 1 -73
"2003-11-22 21:04:00" 326 18 28 1 -73
"2003-11-22 21:05:00" 326 17 27 1 -74
"2003-11-22 21:06:00" 326 17 28 1 -74
"2003-11-22 21:07:00" 326 18 28 1 -74
"2003-11-22 21:08:00" 326 18 28 1 -74
"2003-11-22 21:09:00" 326 17 29 1 -74
"2003-11-22 21:10:00" 326 18 30 1 -74
"2003-11-22 21:11:00" 326 19 31 1 -74
"2003-11-22 21:12:00" 326 21 31 0 -74
"2003-11-22 21:13:00" 326 23 29 0 -74
"2003-11-22 21:14:00" 326 25 27 -1 -75
"2003-11-22 21:15:00" 326 27 25 -1 -76
"2003-11-22 21:16:00" 326 28 23 -1 -77
"2003-11-22 21:17:00" 326 27 21 -2 -78
"2003-11-22 21:18:00" 326 27 22 -2 -78
"2003-11-22 21:19:00" 326 25 21 -1 -79
"2003-11-22 21:20:00" 326 21 21 -1 -80
"2003-11-22 21:21:00" 326 17 20 -1 -80
"2003-11-22 21:22:00" 326 13 19 -1 -81
"2003-11-22 21:23:00" 326 10 17 0 -81
"2003-11-22 21:24:00" 326 8 16 0 -81
"2003-11-22 21:25:00" 326 7 19 0 -80
"2003-11-22 21:26:00" 326 7 23 0 -79
"2003-11-22 21:27:00" 326 7 28 0 -79
"2003-11-22 21:28:00" 326 7 29 0 -79
"2003-11-22 21:29:00" 326 8 30 0 -79
"2003-11-22 21:30:00" 326 8 30 -1 -79
"2003-11-22 21:31:00" 326 9 29 -1 -79
"2003-11-22 21:32:00" 326 9 26 -1 -80
"2003-11-22 21:33:00" 326 11 26 -1 -79
"2003-11-22 21:34:00" 326 11 25 -2 -79
"2003-11-22 21:35:00" 326 13 25 -2 -79
"2003-11-22 21:36:00" 326 13 24 -2 -80
"2003-11-22 21:37:00" 326 14 24 -3 -80
"2003-11-22 21:38:00" 326 15 24 -3 -81
"2003-11-22 21:39:00" 326 15 24 -3 -81
"2003-11-22 21:40:00" 326 15 23 -3 -81
"2003-11-22 21:41:00" 326 15 23 -3 -82
"2003-11-22 21:42:00" 326 16 23 -2 -82
"2003-11-22 21:43:00" 326 16 22 -2 -83
"2003-11-22 21:44:00" 326 17 21 -2 -83
"2003-11-22 21:45:00" 326 17 23 -3 -83
"2003-11-22 21:46:00" 326 18 23 -2 -83
"2003-11-22 21:47:00" 326 17 23 -3 -83
"2003-11-22 21:48:00" 326 18 23 -3 -82
"2003-11-22 21:49:00" 326 17 23 -3 -83
"2003-11-22 21:50:00" 326 17 24 -3 -82
"2003-11-22 21:51:00" 326 19 24 -3 -82
"2003-11-22 21:52:00" 326 19 26 -3 -83
"2003-11-22 21:53:00" 326 20 27 -3 -83
"2003-11-22 21:54:00" 326 21 26 -3 -83
"2003-11-22 21:55:00" 326 22 26 -3 -83
"2003-11-22 21:56:00" 326 23 25 -3 -83
"2003-11-22 21:57:00" 326 23 26 -4 -82
"2003-11-22 21:58:00" 326 22 27 -4 -82
"2003-11-22 21:59:00" 326 23 26 -4 -82
"2003-11-22 22:00:00" 326 23 26 -5 -82
"2003-11-22 22:01:00" 326 24 26 -5 -82
"2003-11-22 22:02:00" 326 23 26 -5 -82
"2003-11-22 22:03:00" 326 23 26 -5 -82
"2003-11-22 22:04:00" 326 23 25 -5 -82
"2003-11-22 22:05:00" 326 24 25 -5 -82
"2003-11-22 22:06:00" 326 25 25 -5 -82
"2003-11-22 22:07:00" 326 26 25 -6 -82
"2003-11-22 22:08:00" 326 28 25 -6 -82
"2003-11-22 22:09:00" 326 28 23 -6 -82
"2003-11-22 22:10:00" 326 28 24 -6 -82
"2003-11-22 22:11:00" 326 27 24 -7 -82
"2003-11-22 22:12:00" 326 25 26 -7 -82
"2003-11-22 22:13:00" 326 25 26 -7 -82
"2003-11-22 22:14:00" 326 23 25 -7 -81
"2003-11-22 22:15:00" 326 22 26 -7 -81
"2003-11-22 22:16:00" 326 21 26 -7 -81
"2003-11-22 22:17:00" 326 21 26 -6 -81
"2003-11-22 22:18:00" 326 21 24 -7 -81
"2003-11-22 22:19:00" 326 21 23 -7 -80
"2003-11-22 22:20:00" 326 21 22 -6 -81
"2003-11-22 22:21:00" 326 21 22 -7 -81
"2003-11-22 22:22:00" 326 21 22 -6 -81
"2003-11-22 22:23:00" 326 21 21 -7 -81
"2003-11-22 22:24:00" 326 21 21 -7 -81
"2003-11-22 22:25:00" 326 22 20 -7 -82
"2003-11-22 22:26:00" 326 22 20 -7 -82
"2003-11-22 22:27:00" 326 22 20 -7 -82
"2003-11-22 22:28:00" 326 22 20 -7 -82
"2003-11-22 22:29:00" 326 22 19 -7 -82
"2003-11-22 22:30:00" 326 23 20 -7 -81
"2003-11-22 22:31:00" 326 22 19 -7 -81
"2003-11-22 22:32:00" 326 22 20 -7 -82
"2003-11-22 22:33:00" 326 21 21 -7 -82
"2003-11-22 22:34:00" 326 21 21 -8 -82
"2003-11-22 22:35:00" 326 21 22 -7 -82
"2003-11-22 22:36:00" 326 21 22 -7 -82
"2003-11-22 22:37:00" 326 20 22 -7 -82
"2003-11-22 22:38:00" 326 19 24 -7 -81
"2003-11-22 22:39:00" 326 18 23 -6 -81
"2003-11-22 22:40:00" 326 17 23 -6 -80
"2003-11-22 22:41:00" 326 18 22 -5 -80
"2003-11-22 22:42:00" 326 18 22 -5 -80
"2003-11-22 22:43:00" 326 21 25 -5 -80
"2003-11-22 22:44:00" 326 24 27 -5 -81
"2003-11-22 22:45:00" 326 28 26 -5 -81
"2003-11-22 22:46:00" 326 30 26 -6 -82
"2003-11-22 22:47:00" 326 32 24 -6 -82
"2003-11-22 22:48:00" 326 33 21 -7 -83
"2003-11-22 22:49:00" 326 33 22 -7 -84
"2003-11-22 22:50:00" 326 31 23 -8 -85
"2003-11-22 22:51:00" 326 29 25 -8 -85
"2003-11-22 22:52:00" 326 27 25 -8 -86
"2003-11-22 22:53:00" 326 27 26 -8 -87
"2003-11-22 22:54:00" 326 27 27 -8 -87
"2003-11-22 22:55:00" 326 28 29 -8 -88
"2003-11-22 22:56:00" 326 29 30 -8 -89
"2003-11-22 22:57:00" 326 28 29 -9 -89
"2003-11-22 22:58:00" 326 28 30 -9 -89
"2003-11-22 22:59:00" 326 29 32 -9 -89
"2003-11-22 23:00:00" 326 30 32 -8 -89
"2003-11-22 23:01:00" 326 30 32 -8 -88
"2003-11-22 23:02:00" 326 29 31 -8 -87
"2003-11-22 23:03:00" 326 30 33 -8 -87
"2003-11-22 23:04:00" 326 29 32 -7 -87
"2003-11-22 23:05:00" 326 30 34 -8 -88
"2003-11-22 23:06:00" 326 31 36 -8 -88
"2003-11-22 23:07:00" 326 30 37 -7 -89
"2003-11-22 23:08:00" 326 28 37 -7 -89
"2003-11-22 23:09:00" 326 28 38 -8 -88
"2003-11-22 23:10:00" 326 27 38 -8 -88
"2003-11-22 23:11:00" 326 24 38 -8 -88
"2003-11-22 23:12:00" 326 24 39 -8 -88
"2003-11-22 23:13:00" 326 24 39 -8 -87
"2003-11-22 23:14:00" 326 23 38 -7 -88
"2003-11-22 23:15:00" 326 21 39 -7 -89
"2003-11-22 23:16:00" 326 17 39 -6 -88
"2003-11-22 23:17:00" 326 18 39 -6 -88
"2003-11-22 23:18:00" 326 18 40 -5 -87
"2003-11-22 23:19:00" 326 18 40 -5 -87
"2003-11-22 23:20:00" 326 20 41 -5 -87
"2003-11-22 23:21:00" 326 18 41 -5 -86
"2003-11-22 23:22:00" 326 19 41 -5 -85
"2003-11-22 23:23:00" 326 20 41 -5 -85
"2003-11-22 23:24:00" 326 21 42 -5 -85
"2003-11-22 23:25:00" 326 19 43 -5 -84
"2003-11-22 23:26:00" 326 19 43 -5 -84
"2003-11-22 23:27:00" 326 18 44 -5 -83
"2003-11-22 23:28:00" 326 16 43 -5 -83
"2003-11-22 23:29:00" 326 16 42 -5 -82
"2003-11-22 23:30:00" 326 18 42 -5 -81
"2003-11-22 23:31:00" 326 20 41 -5 -81
"2003-11-22 23:32:00" 326 21 41 -6 -80
"2003-11-22 23:33:00" 326 22 39 -6 -80
"2003-11-22 23:34:00" 326 22 39 -6 -80
"2003-11-22 23:35:00" 326 23 40 -6 -79
"2003-11-22 23:36:00" 326 24 40 -7 -79
"2003-11-22 23:37:00" 326 26 41 -7 -79
"2003-11-22 23:38:00" 326 27 42 -8 -79
"2003-11-22 23:39:00" 326 28 43 -8 -80
"2003-11-22 23:40:00" 326 27 41 -8 -80
"2003-11-22 23:41:00" 326 29 42 -8 -80
"2003-11-22 23:42:00" 326 30 43 -7 -80
"2003-11-22 23:43:00" 326 31 43 -7 -80
"2003-11-22 23:44:00" 326 31 44 -7 -80
"2003-11-22 23:45:00" 326 30 44 -7 -80
"2003-11-22 23:46:00" 326 31 44 -6 -79
"2003-11-22 23:47:00" 326 30 43 -6 -79
"2003-11-22 23:48:00" 326 29 42 -6 -78
"2003-11-22 23:49:00" 326 28 41 -6 -79
"2003-11-22 23:50:00" 326 29 41 -6 -78
"2003-11-22 23:51:00" 326 30 42 -6 -78
"2003-11-22 23:52:00" 326 30 42 -6 -78
"2003-11-22 23:53:00" 326 30 42 -6 -78
"2003-11-22 23:54:00" 326 31 41 -6 -78
"2003-11-22 23:55:00" 326 31 42 -6 -78
"2003-11-22 23:56:00" 326 32 41 -6 -78
"2003-11-22 23:57:00" 326 30 40 -6 -78
"2003-11-22 23:58:00" 326 28 39 -6 -78
"2003-11-22 23:59:00" 326 28 38 -6 -78
