index DOY ASY-D ASY-H SYM-D SYM-H
"2003-11-19 00:00:00" 323 22 23 1 -13
"2003-11-19 00:01:00" 323 22 21 1 -13
"2003-11-19 00:02:00" 323 21 21 1 -13
"2003-11-19 00:03:00" 323 21 21 1 -13
"2003-11-19 00:04:00" 323 20 21 1 -13
"2003-11-19 00:05:00" 323 20 21 1 -13
"2003-11-19 00:06:00" 323 19 21 1 -13
"2003-11-19 00:07:00" 323 19 20 0 -13
"2003-11-19 00:08:00" 323 19 20 0 -13
"2003-11-19 00:09:00" 323 18 20 0 -13
"2003-11-19 00:10:00" 323 18 20 0 -13
"2003-11-19 00:11:00" 323 17 20 0 -13
"2003-11-19 00:12:00" 323 18 20 0 -13
"2003-11-19 00:13:00" 323 17 20 0 -13
"2003-11-19 00:14:00" 323 16 19 0 -13
"2003-11-19 00:15:00" 323 16 18 0 -13
"2003-11-19 00:16:00" 323 16 19 0 -13
"2003-11-19 00:17:00" 323 17 20 0 -14
"2003-11-19 00:18:00" 323 17 19 -1 -14
"2003-11-19 00:19:00" 323 17 20 -1 -14
"2003-11-19 00:20:00" 323 16 18 0 -15
"2003-11-19 00:21:00" 323 17 19 -1 -15
"2003-11-19 00:22:00" 323 16 18 -1 -15
"2003-11-19 00:23:00" 323 17 19 -1 -15
"2003-11-19 00:24:00" 323 17 18 -1 -14
"2003-11-19 00:25:00" 323 16 18 -1 -14
"2003-11-19 00:26:00" 323 16 17 -1 -14
"2003-11-19 00:27:00" 323 15 18 -1 -14
"2003-11-19 00:28:00" 323 16 17 -1 -14
"2003-11-19 00:29:00" 323 16 18 -1 -14
"2003-11-19 00:30:00" 323 16 17 -1 -15
"2003-11-19 00:31:00" 323 16 17 -1 -15
"2003-11-19 00:32:00" 323 17 15 -1 -15
"2003-11-19 00:33:00" 323 17 16 -1 -15
"2003-11-19 00:34:00" 323 17 15 -1 -15
"2003-11-19 00:35:00" 323 16 15 -1 -15
"2003-11-19 00:36:00" 323 16 15 -1 -15
"2003-11-19 00:37:00" 323 16 15 -1 -15
"2003-11-19 00:38:00" 323 16 14 -1 -15
"2003-11-19 00:39:00" 323 17 14 -1 -15
"2003-11-19 00:40:00" 323 17 14 -1 -15
"2003-11-19 00:41:00" 323 17 13 -1 -15
"2003-11-19 00:42:00" 323 16 14 -1 -14
"2003-11-19 00:43:00" 323 16 14 -1 -14
"2003-11-19 00:44:00" 323 15 13 -1 -14
"2003-11-19 00:45:00" 323 16 13 -1 -15
"2003-11-19 00:46:00" 323 16 13 -1 -15
"2003-11-19 00:47:00" 323 16 13 -1 -15
"2003-11-19 00:48:00" 323 15 13 -1 -15
"2003-11-19 00:49:00" 323 15 13 -1 -15
"2003-11-19 00:50:00" 323 15 13 -1 -15
"2003-11-19 00:51:00" 323 15 13 -1 -15
"2003-11-19 00:52:00" 323 15 13 -1 -14
"2003-11-19 00:53:00" 323 14 13 -1 -14
"2003-11-19 00:54:00" 323 14 13 -1 -14
"2003-11-19 00:55:00" 323 13 13 -1 -13
"2003-11-19 00:56:00" 323 13 12 -1 -13
"2003-11-19 00:57:00" 323 14 13 -1 -12
"2003-11-19 00:58:00" 323 13 13 0 -11
"2003-11-19 00:59:00" 323 12 13 0 -12
"2003-11-19 01:00:00" 323 12 13 -1 -13
"2003-11-19 01:01:00" 323 12 14 -1 -12
"2003-11-19 01:02:00" 323 13 14 -1 -12
"2003-11-19 01:03:00" 323 12 14 -1 -13
"2003-11-19 01:04:00" 323 12 15 -1 -14
"2003-11-19 01:05:00" 323 13 15 -1 -15
"2003-11-19 01:06:00" 323 14 16 -1 -15
"2003-11-19 01:07:00" 323 15 18 -2 -15
"2003-11-19 01:08:00" 323 16 16 -2 -15
"2003-11-19 01:09:00" 323 15 15 -2 -14
"2003-11-19 01:10:00" 323 17 13 -2 -13
"2003-11-19 01:11:00" 323 16 13 -1 -13
"2003-11-19 01:12:00" 323 13 15 -1 -13
"2003-11-19 01:13:00" 323 12 16 -1 -13
"2003-11-19 01:14:00" 323 14 17 -1 -12
"2003-11-19 01:15:00" 323 15 16 -2 -13
"2003-11-19 01:16:00" 323 13 16 -1 -13
"2003-11-19 01:17:00" 323 13 15 -1 -13
"2003-11-19 01:18:00" 323 12 16 -1 -14
"2003-11-19 01:19:00" 323 12 17 -1 -14
"2003-11-19 01:20:00" 323 13 16 -1 -13
"2003-11-19 01:21:00" 323 13 16 -1 -12
"2003-11-19 01:22:00" 323 13 16 -1 -12
"2003-11-19 01:23:00" 323 14 17 -1 -12
"2003-11-19 01:24:00" 323 14 17 -1 -12
"2003-11-19 01:25:00" 323 14 18 -1 -12
"2003-11-19 01:26:00" 323 14 18 -1 -12
"2003-11-19 01:27:00" 323 14 17 -1 -12
"2003-11-19 01:28:00" 323 14 16 -1 -12
"2003-11-19 01:29:00" 323 14 18 -1 -12
"2003-11-19 01:30:00" 323 14 18 -1 -13
"2003-11-19 01:31:00" 323 14 17 -1 -13
"2003-11-19 01:32:00" 323 13 18 0 -13
"2003-11-19 01:33:00" 323 13 18 0 -14
"2003-11-19 01:34:00" 323 12 18 0 -13
"2003-11-19 01:35:00" 323 12 18 0 -14
"2003-11-19 01:36:00" 323 13 19 0 -13
"2003-11-19 01:37:00" 323 13 19 0 -13
"2003-11-19 01:38:00" 323 14 18 0 -13
"2003-11-19 01:39:00" 323 14 17 0 -13
"2003-11-19 01:40:00" 323 15 17 0 -13
"2003-11-19 01:41:00" 323 13 17 0 -13
"2003-11-19 01:42:00" 323 12 18 1 -13
"2003-11-19 01:43:00" 323 12 17 1 -13
"2003-11-19 01:44:00" 323 12 18 1 -13
"2003-11-19 01:45:00" 323 12 18 1 -13
"2003-11-19 01:46:00" 323 12 18 1 -14
"2003-11-19 01:47:00" 323 12 18 1 -14
"2003-11-19 01:48:00" 323 12 20 0 -14
"2003-11-19 01:49:00" 323 12 20 0 -14
"2003-11-19 01:50:00" 323 14 18 0 -14
"2003-11-19 01:51:00" 323 14 18 0 -14
"2003-11-19 01:52:00" 323 14 18 1 -14
"2003-11-19 01:53:00" 323 14 18 1 -14
"2003-11-19 01:54:00" 323 14 18 1 -14
"2003-11-19 01:55:00" 323 13 18 1 -14
"2003-11-19 01:56:00" 323 12 18 1 -14
"2003-11-19 01:57:00" 323 12 19 1 -14
"2003-11-19 01:58:00" 323 13 19 1 -14
"2003-11-19 01:59:00" 323 13 19 1 -13
"2003-11-19 02:00:00" 323 14 19 1 -13
"2003-11-19 02:01:00" 323 13 19 1 -13
"2003-11-19 02:02:00" 323 13 19 1 -13
"2003-11-19 02:03:00" 323 12 18 1 -13
"2003-11-19 02:04:00" 323 13 18 1 -13
"2003-11-19 02:05:00" 323 12 19 1 -13
"2003-11-19 02:06:00" 323 11 18 1 -13
"2003-11-19 02:07:00" 323 11 18 1 -13
"2003-11-19 02:08:00" 323 11 19 0 -13
"2003-11-19 02:09:00" 323 10 19 0 -12
"2003-11-19 02:10:00" 323 10 19 0 -12
"2003-11-19 02:11:00" 323 9 18 0 -13
"2003-11-19 02:12:00" 323 9 18 0 -13
"2003-11-19 02:13:00" 323 8 19 0 -13
"2003-11-19 02:14:00" 323 8 19 0 -12
"2003-11-19 02:15:00" 323 8 19 0 -13
"2003-11-19 02:16:00" 323 7 19 0 -12
"2003-11-19 02:17:00" 323 7 18 0 -12
"2003-11-19 02:18:00" 323 8 19 -1 -13
"2003-11-19 02:19:00" 323 7 19 -1 -13
"2003-11-19 02:20:00" 323 7 19 -1 -12
"2003-11-19 02:21:00" 323 7 19 -1 -13
"2003-11-19 02:22:00" 323 7 18 -1 -13
"2003-11-19 02:23:00" 323 7 19 -1 -12
"2003-11-19 02:24:00" 323 7 19 -1 -13
"2003-11-19 02:25:00" 323 7 19 -1 -13
"2003-11-19 02:26:00" 323 7 19 -1 -12
"2003-11-19 02:27:00" 323 6 19 -1 -13
"2003-11-19 02:28:00" 323 6 17 -1 -13
"2003-11-19 02:29:00" 323 6 18 -1 -13
"2003-11-19 02:30:00" 323 5 18 -1 -13
"2003-11-19 02:31:00" 323 6 18 0 -13
"2003-11-19 02:32:00" 323 5 19 0 -12
"2003-11-19 02:33:00" 323 5 19 -1 -12
"2003-11-19 02:34:00" 323 6 19 -1 -12
"2003-11-19 02:35:00" 323 6 19 -1 -12
"2003-11-19 02:36:00" 323 6 18 -1 -13
"2003-11-19 02:37:00" 323 6 18 -1 -13
"2003-11-19 02:38:00" 323 5 18 -1 -13
"2003-11-19 02:39:00" 323 5 18 -1 -13
"2003-11-19 02:40:00" 323 6 17 -1 -13
"2003-11-19 02:41:00" 323 6 18 -1 -13
"2003-11-19 02:42:00" 323 6 18 -1 -13
"2003-11-19 02:43:00" 323 6 18 -1 -13
"2003-11-19 02:44:00" 323 6 18 0 -12
"2003-11-19 02:45:00" 323 6 18 0 -13
"2003-11-19 02:46:00" 323 7 19 0 -13
"2003-11-19 02:47:00" 323 8 19 0 -13
"2003-11-19 02:48:00" 323 8 19 0 -13
"2003-11-19 02:49:00" 323 8 17 0 -13
"2003-11-19 02:50:00" 323 8 17 0 -13
"2003-11-19 02:51:00" 323 7 16 0 -13
"2003-11-19 02:52:00" 323 6 17 0 -12
"2003-11-19 02:53:00" 323 7 17 0 -12
"2003-11-19 02:54:00" 323 7 17 0 -11
"2003-11-19 02:55:00" 323 7 17 0 -11
"2003-11-19 02:56:00" 323 7 18 0 -11
"2003-11-19 02:57:00" 323 7 18 0 -11
"2003-11-19 02:58:00" 323 6 19 1 -11
"2003-11-19 02:59:00" 323 7 18 0 -11
"2003-11-19 03:00:00" 323 8 19 0 -12
"2003-11-19 03:01:00" 323 9 17 0 -12
"2003-11-19 03:02:00" 323 8 17 0 -12
"2003-11-19 03:03:00" 323 8 17 0 -12
"2003-11-19 03:04:00" 323 8 17 0 -10
"2003-11-19 03:05:00" 323 8 17 1 -11
"2003-11-19 03:06:00" 323 7 17 1 -10
"2003-11-19 03:07:00" 323 7 17 0 -10
"2003-11-19 03:08:00" 323 7 18 0 -11
"2003-11-19 03:09:00" 323 8 18 0 -11
"2003-11-19 03:10:00" 323 7 18 0 -11
"2003-11-19 03:11:00" 323 7 18 0 -11
"2003-11-19 03:12:00" 323 8 17 0 -11
"2003-11-19 03:13:00" 323 8 17 0 -11
"2003-11-19 03:14:00" 323 8 17 0 -11
"2003-11-19 03:15:00" 323 8 17 0 -11
"2003-11-19 03:16:00" 323 8 17 0 -12
"2003-11-19 03:17:00" 323 7 17 0 -12
"2003-11-19 03:18:00" 323 7 17 0 -11
"2003-11-19 03:19:00" 323 7 17 0 -11
"2003-11-19 03:20:00" 323 6 17 0 -12
"2003-11-19 03:21:00" 323 6 17 0 -12
"2003-11-19 03:22:00" 323 7 18 -1 -11
"2003-11-19 03:23:00" 323 7 18 -1 -11
"2003-11-19 03:24:00" 323 7 19 -1 -11
"2003-11-19 03:25:00" 323 9 19 -1 -11
"2003-11-19 03:26:00" 323 10 18 0 -11
"2003-11-19 03:27:00" 323 9 17 0 -11
"2003-11-19 03:28:00" 323 9 17 0 -11
"2003-11-19 03:29:00" 323 8 17 0 -11
"2003-11-19 03:30:00" 323 7 17 0 -11
"2003-11-19 03:31:00" 323 7 17 0 -11
"2003-11-19 03:32:00" 323 6 18 0 -10
"2003-11-19 03:33:00" 323 6 18 0 -11
"2003-11-19 03:34:00" 323 7 19 0 -10
"2003-11-19 03:35:00" 323 8 19 0 -10
"2003-11-19 03:36:00" 323 9 20 0 -10
"2003-11-19 03:37:00" 323 10 20 0 -11
"2003-11-19 03:38:00" 323 10 21 0 -11
"2003-11-19 03:39:00" 323 10 21 0 -12
"2003-11-19 03:40:00" 323 10 20 0 -12
"2003-11-19 03:41:00" 323 10 21 0 -12
"2003-11-19 03:42:00" 323 10 21 0 -11
"2003-11-19 03:43:00" 323 10 20 0 -11
"2003-11-19 03:44:00" 323 10 20 1 -11
"2003-11-19 03:45:00" 323 10 21 1 -11
"2003-11-19 03:46:00" 323 11 21 1 -11
"2003-11-19 03:47:00" 323 11 21 1 -11
"2003-11-19 03:48:00" 323 11 22 1 -11
"2003-11-19 03:49:00" 323 12 22 1 -11
"2003-11-19 03:50:00" 323 10 22 1 -11
"2003-11-19 03:51:00" 323 11 22 0 -11
"2003-11-19 03:52:00" 323 11 22 0 -11
"2003-11-19 03:53:00" 323 11 22 0 -11
"2003-11-19 03:54:00" 323 10 24 0 -12
"2003-11-19 03:55:00" 323 10 23 0 -12
"2003-11-19 03:56:00" 323 11 23 0 -12
"2003-11-19 03:57:00" 323 10 23 0 -13
"2003-11-19 03:58:00" 323 10 23 0 -13
"2003-11-19 03:59:00" 323 9 22 0 -13
"2003-11-19 04:00:00" 323 8 22 0 -13
"2003-11-19 04:01:00" 323 7 22 0 -13
"2003-11-19 04:02:00" 323 7 23 0 -12
"2003-11-19 04:03:00" 323 7 23 0 -12
"2003-11-19 04:04:00" 323 7 24 0 -12
"2003-11-19 04:05:00" 323 6 24 0 -12
"2003-11-19 04:06:00" 323 5 24 0 -12
"2003-11-19 04:07:00" 323 4 25 0 -12
"2003-11-19 04:08:00" 323 5 26 0 -12
"2003-11-19 04:09:00" 323 6 26 0 -13
"2003-11-19 04:10:00" 323 6 26 0 -13
"2003-11-19 04:11:00" 323 7 26 0 -12
"2003-11-19 04:12:00" 323 7 26 0 -13
"2003-11-19 04:13:00" 323 8 26 0 -13
"2003-11-19 04:14:00" 323 8 27 0 -13
"2003-11-19 04:15:00" 323 8 26 0 -13
"2003-11-19 04:16:00" 323 9 27 0 -13
"2003-11-19 04:17:00" 323 8 26 0 -14
"2003-11-19 04:18:00" 323 9 27 0 -14
"2003-11-19 04:19:00" 323 9 27 0 -14
"2003-11-19 04:20:00" 323 8 27 0 -14
"2003-11-19 04:21:00" 323 8 27 0 -14
"2003-11-19 04:22:00" 323 8 27 0 -15
"2003-11-19 04:23:00" 323 8 27 0 -14
"2003-11-19 04:24:00" 323 7 28 0 -15
"2003-11-19 04:25:00" 323 7 28 0 -14
"2003-11-19 04:26:00" 323 7 27 0 -14
"2003-11-19 04:27:00" 323 7 27 0 -14
"2003-11-19 04:28:00" 323 8 27 0 -14
"2003-11-19 04:29:00" 323 8 27 0 -15
"2003-11-19 04:30:00" 323 8 28 0 -15
"2003-11-19 04:31:00" 323 7 28 0 -15
"2003-11-19 04:32:00" 323 7 28 0 -15
"2003-11-19 04:33:00" 323 7 28 0 -15
"2003-11-19 04:34:00" 323 8 28 0 -16
"2003-11-19 04:35:00" 323 8 28 0 -16
"2003-11-19 04:36:00" 323 7 28 0 -16
"2003-11-19 04:37:00" 323 8 28 0 -16
"2003-11-19 04:38:00" 323 8 28 0 -16
"2003-11-19 04:39:00" 323 9 27 0 -17
"2003-11-19 04:40:00" 323 9 28 0 -17
"2003-11-19 04:41:00" 323 9 28 0 -17
"2003-11-19 04:42:00" 323 9 28 0 -18
"2003-11-19 04:43:00" 323 9 28 0 -18
"2003-11-19 04:44:00" 323 9 28 1 -18
"2003-11-19 04:45:00" 323 9 28 1 -18
"2003-11-19 04:46:00" 323 9 28 1 -18
"2003-11-19 04:47:00" 323 9 28 1 -18
"2003-11-19 04:48:00" 323 9 28 1 -18
"2003-11-19 04:49:00" 323 9 28 1 -18
"2003-11-19 04:50:00" 323 9 28 1 -19
"2003-11-19 04:51:00" 323 10 29 1 -19
"2003-11-19 04:52:00" 323 11 28 1 -18
"2003-11-19 04:53:00" 323 10 29 1 -18
"2003-11-19 04:54:00" 323 10 29 1 -18
"2003-11-19 04:55:00" 323 10 28 1 -18
"2003-11-19 04:56:00" 323 10 29 1 -18
"2003-11-19 04:57:00" 323 10 29 1 -18
"2003-11-19 04:58:00" 323 10 28 1 -18
"2003-11-19 04:59:00" 323 9 28 1 -19
"2003-11-19 05:00:00" 323 9 28 2 -19
"2003-11-19 05:01:00" 323 8 27 2 -20
"2003-11-19 05:02:00" 323 10 28 2 -20
"2003-11-19 05:03:00" 323 8 29 2 -20
"2003-11-19 05:04:00" 323 8 29 2 -20
"2003-11-19 05:05:00" 323 9 28 2 -20
"2003-11-19 05:06:00" 323 10 28 2 -21
"2003-11-19 05:07:00" 323 10 28 2 -21
"2003-11-19 05:08:00" 323 10 28 2 -20
"2003-11-19 05:09:00" 323 9 28 2 -20
"2003-11-19 05:10:00" 323 10 28 2 -20
"2003-11-19 05:11:00" 323 10 28 2 -20
"2003-11-19 05:12:00" 323 10 28 2 -21
"2003-11-19 05:13:00" 323 10 29 2 -21
"2003-11-19 05:14:00" 323 10 29 2 -21
"2003-11-19 05:15:00" 323 10 28 2 -22
"2003-11-19 05:16:00" 323 9 28 2 -21
"2003-11-19 05:17:00" 323 9 28 2 -22
"2003-11-19 05:18:00" 323 9 27 2 -22
"2003-11-19 05:19:00" 323 9 27 2 -22
"2003-11-19 05:20:00" 323 9 27 3 -21
"2003-11-19 05:21:00" 323 9 27 3 -21
"2003-11-19 05:22:00" 323 9 27 3 -21
"2003-11-19 05:23:00" 323 9 27 3 -21
"2003-11-19 05:24:00" 323 9 27 3 -21
"2003-11-19 05:25:00" 323 9 28 3 -21
"2003-11-19 05:26:00" 323 8 28 3 -21
"2003-11-19 05:27:00" 323 8 28 3 -22
"2003-11-19 05:28:00" 323 9 27 3 -21
"2003-11-19 05:29:00" 323 9 27 3 -21
"2003-11-19 05:30:00" 323 9 27 3 -21
"2003-11-19 05:31:00" 323 10 27 3 -21
"2003-11-19 05:32:00" 323 10 27 3 -21
"2003-11-19 05:33:00" 323 11 27 3 -21
"2003-11-19 05:34:00" 323 11 27 3 -21
"2003-11-19 05:35:00" 323 11 27 3 -21
"2003-11-19 05:36:00" 323 12 27 3 -21
"2003-11-19 05:37:00" 323 12 27 3 -21
"2003-11-19 05:38:00" 323 13 26 3 -21
"2003-11-19 05:39:00" 323 14 26 3 -21
"2003-11-19 05:40:00" 323 13 27 2 -21
"2003-11-19 05:41:00" 323 14 26 2 -21
"2003-11-19 05:42:00" 323 15 26 2 -20
"2003-11-19 05:43:00" 323 16 25 2 -20
"2003-11-19 05:44:00" 323 16 25 2 -20
"2003-11-19 05:45:00" 323 18 24 2 -20
"2003-11-19 05:46:00" 323 18 24 2 -20
"2003-11-19 05:47:00" 323 19 24 1 -20
"2003-11-19 05:48:00" 323 19 24 1 -20
"2003-11-19 05:49:00" 323 18 24 1 -20
"2003-11-19 05:50:00" 323 19 24 1 -20
"2003-11-19 05:51:00" 323 19 24 1 -20
"2003-11-19 05:52:00" 323 19 24 1 -20
"2003-11-19 05:53:00" 323 18 24 1 -20
"2003-11-19 05:54:00" 323 18 23 1 -20
"2003-11-19 05:55:00" 323 19 22 1 -20
"2003-11-19 05:56:00" 323 21 22 1 -21
"2003-11-19 05:57:00" 323 21 21 1 -20
"2003-11-19 05:58:00" 323 20 22 1 -20
"2003-11-19 05:59:00" 323 20 22 1 -20
"2003-11-19 06:00:00" 323 20 22 1 -20
"2003-11-19 06:01:00" 323 20 21 0 -21
"2003-11-19 06:02:00" 323 19 21 0 -21
"2003-11-19 06:03:00" 323 19 21 0 -21
"2003-11-19 06:04:00" 323 19 21 1 -21
"2003-11-19 06:05:00" 323 19 21 0 -22
"2003-11-19 06:06:00" 323 20 21 0 -21
"2003-11-19 06:07:00" 323 19 21 0 -22
"2003-11-19 06:08:00" 323 18 20 0 -22
"2003-11-19 06:09:00" 323 18 20 0 -22
"2003-11-19 06:10:00" 323 18 20 0 -22
"2003-11-19 06:11:00" 323 18 20 0 -22
"2003-11-19 06:12:00" 323 18 20 1 -22
"2003-11-19 06:13:00" 323 16 19 0 -22
"2003-11-19 06:14:00" 323 17 19 1 -22
"2003-11-19 06:15:00" 323 17 18 1 -23
"2003-11-19 06:16:00" 323 20 18 1 -23
"2003-11-19 06:17:00" 323 19 18 1 -23
"2003-11-19 06:18:00" 323 21 18 1 -23
"2003-11-19 06:19:00" 323 22 17 1 -23
"2003-11-19 06:20:00" 323 23 17 1 -23
"2003-11-19 06:21:00" 323 24 17 1 -23
"2003-11-19 06:22:00" 323 24 17 1 -24
"2003-11-19 06:23:00" 323 24 17 1 -23
"2003-11-19 06:24:00" 323 25 16 1 -24
"2003-11-19 06:25:00" 323 26 16 1 -24
"2003-11-19 06:26:00" 323 26 16 1 -24
"2003-11-19 06:27:00" 323 26 16 1 -24
"2003-11-19 06:28:00" 323 25 17 0 -24
"2003-11-19 06:29:00" 323 26 17 0 -24
"2003-11-19 06:30:00" 323 25 17 1 -24
"2003-11-19 06:31:00" 323 26 15 0 -23
"2003-11-19 06:32:00" 323 25 15 1 -24
"2003-11-19 06:33:00" 323 25 15 1 -23
"2003-11-19 06:34:00" 323 23 14 1 -23
"2003-11-19 06:35:00" 323 24 13 1 -23
"2003-11-19 06:36:00" 323 24 13 1 -22
"2003-11-19 06:37:00" 323 22 13 1 -22
"2003-11-19 06:38:00" 323 22 12 1 -22
"2003-11-19 06:39:00" 323 22 13 1 -21
"2003-11-19 06:40:00" 323 22 15 1 -21
"2003-11-19 06:41:00" 323 25 14 1 -21
"2003-11-19 06:42:00" 323 26 17 1 -21
"2003-11-19 06:43:00" 323 29 19 1 -21
"2003-11-19 06:44:00" 323 30 20 1 -21
"2003-11-19 06:45:00" 323 32 23 1 -21
"2003-11-19 06:46:00" 323 35 26 1 -21
"2003-11-19 06:47:00" 323 37 28 1 -20
"2003-11-19 06:48:00" 323 38 29 1 -20
"2003-11-19 06:49:00" 323 39 32 1 -20
"2003-11-19 06:50:00" 323 39 33 1 -20
"2003-11-19 06:51:00" 323 38 32 0 -20
"2003-11-19 06:52:00" 323 37 33 0 -19
"2003-11-19 06:53:00" 323 37 33 0 -19
"2003-11-19 06:54:00" 323 36 34 -1 -19
"2003-11-19 06:55:00" 323 36 34 -1 -19
"2003-11-19 06:56:00" 323 35 33 -1 -19
"2003-11-19 06:57:00" 323 34 34 -1 -19
"2003-11-19 06:58:00" 323 34 33 -1 -20
"2003-11-19 06:59:00" 323 33 34 0 -20
"2003-11-19 07:00:00" 323 33 33 -1 -20
"2003-11-19 07:01:00" 323 33 32 0 -20
"2003-11-19 07:02:00" 323 34 32 0 -21
"2003-11-19 07:03:00" 323 34 31 0 -21
"2003-11-19 07:04:00" 323 35 31 1 -21
"2003-11-19 07:05:00" 323 36 30 1 -21
"2003-11-19 07:06:00" 323 36 28 1 -21
"2003-11-19 07:07:00" 323 34 25 1 -21
"2003-11-19 07:08:00" 323 33 25 1 -21
"2003-11-19 07:09:00" 323 31 25 1 -21
"2003-11-19 07:10:00" 323 30 25 1 -20
"2003-11-19 07:11:00" 323 29 24 1 -20
"2003-11-19 07:12:00" 323 28 25 2 -20
"2003-11-19 07:13:00" 323 28 25 2 -20
"2003-11-19 07:14:00" 323 28 25 2 -20
"2003-11-19 07:15:00" 323 28 25 2 -20
"2003-11-19 07:16:00" 323 28 24 2 -21
"2003-11-19 07:17:00" 323 27 23 2 -21
"2003-11-19 07:18:00" 323 27 23 2 -20
"2003-11-19 07:19:00" 323 26 23 2 -21
"2003-11-19 07:20:00" 323 26 23 2 -21
"2003-11-19 07:21:00" 323 27 24 2 -21
"2003-11-19 07:22:00" 323 27 24 2 -21
"2003-11-19 07:23:00" 323 28 23 2 -21
"2003-11-19 07:24:00" 323 28 22 2 -21
"2003-11-19 07:25:00" 323 29 22 2 -21
"2003-11-19 07:26:00" 323 29 21 2 -21
"2003-11-19 07:27:00" 323 27 21 3 -21
"2003-11-19 07:28:00" 323 26 21 3 -21
"2003-11-19 07:29:00" 323 26 21 2 -21
"2003-11-19 07:30:00" 323 25 21 3 -21
"2003-11-19 07:31:00" 323 24 21 3 -21
"2003-11-19 07:32:00" 323 24 22 3 -21
"2003-11-19 07:33:00" 323 24 22 3 -21
"2003-11-19 07:34:00" 323 24 22 3 -21
"2003-11-19 07:35:00" 323 24 21 2 -22
"2003-11-19 07:36:00" 323 22 21 3 -22
"2003-11-19 07:37:00" 323 20 22 3 -22
"2003-11-19 07:38:00" 323 19 23 3 -22
"2003-11-19 07:39:00" 323 18 23 3 -22
"2003-11-19 07:40:00" 323 17 23 3 -22
"2003-11-19 07:41:00" 323 17 22 3 -22
"2003-11-19 07:42:00" 323 15 22 3 -22
"2003-11-19 07:43:00" 323 13 22 3 -22
"2003-11-19 07:44:00" 323 12 22 3 -22
"2003-11-19 07:45:00" 323 12 22 3 -22
"2003-11-19 07:46:00" 323 11 22 3 -22
"2003-11-19 07:47:00" 323 10 22 3 -22
"2003-11-19 07:48:00" 323 10 22 3 -22
"2003-11-19 07:49:00" 323 10 21 3 -23
"2003-11-19 07:50:00" 323 10 21 3 -23
"2003-11-19 07:51:00" 323 10 21 3 -23
"2003-11-19 07:52:00" 323 10 21 3 -23
"2003-11-19 07:53:00" 323 10 20 3 -23
"2003-11-19 07:54:00" 323 10 19 3 -23
"2003-11-19 07:55:00" 323 11 19 2 -24
"2003-11-19 07:56:00" 323 10 17 2 -23
"2003-11-19 07:57:00" 323 9 16 2 -23
"2003-11-19 07:58:00" 323 8 15 2 -24
"2003-11-19 07:59:00" 323 8 16 2 -24
"2003-11-19 08:00:00" 323 9 16 2 -24
"2003-11-19 08:01:00" 323 8 17 2 -24
"2003-11-19 08:02:00" 323 8 18 2 -23
"2003-11-19 08:03:00" 323 8 17 2 -23
"2003-11-19 08:04:00" 323 8 17 2 -24
"2003-11-19 08:05:00" 323 11 16 2 -23
"2003-11-19 08:06:00" 323 10 16 2 -23
"2003-11-19 08:07:00" 323 9 16 2 -23
"2003-11-19 08:08:00" 323 8 15 2 -23
"2003-11-19 08:09:00" 323 8 16 2 -23
"2003-11-19 08:10:00" 323 8 16 2 -23
"2003-11-19 08:11:00" 323 8 14 2 -23
"2003-11-19 08:12:00" 323 8 15 2 -23
"2003-11-19 08:13:00" 323 8 15 2 -24
"2003-11-19 08:14:00" 323 7 13 2 -24
"2003-11-19 08:15:00" 323 8 13 2 -24
"2003-11-19 08:16:00" 323 8 13 2 -24
"2003-11-19 08:17:00" 323 8 13 2 -24
"2003-11-19 08:18:00" 323 7 13 2 -24
"2003-11-19 08:19:00" 323 7 13 2 -24
"2003-11-19 08:20:00" 323 7 13 2 -24
"2003-11-19 08:21:00" 323 7 13 1 -23
"2003-11-19 08:22:00" 323 8 14 1 -23
"2003-11-19 08:23:00" 323 7 14 1 -23
"2003-11-19 08:24:00" 323 7 14 1 -23
"2003-11-19 08:25:00" 323 7 13 1 -23
"2003-11-19 08:26:00" 323 7 13 1 -23
"2003-11-19 08:27:00" 323 7 13 1 -23
"2003-11-19 08:28:00" 323 6 13 1 -22
"2003-11-19 08:29:00" 323 6 13 1 -23
"2003-11-19 08:30:00" 323 6 13 1 -23
"2003-11-19 08:31:00" 323 7 12 1 -22
"2003-11-19 08:32:00" 323 6 12 1 -22
"2003-11-19 08:33:00" 323 5 13 1 -22
"2003-11-19 08:34:00" 323 5 11 1 -22
"2003-11-19 08:35:00" 323 5 12 1 -22
"2003-11-19 08:36:00" 323 5 12 1 -22
"2003-11-19 08:37:00" 323 5 12 1 -22
"2003-11-19 08:38:00" 323 5 12 1 -22
"2003-11-19 08:39:00" 323 5 13 1 -21
"2003-11-19 08:40:00" 323 4 13 1 -21
"2003-11-19 08:41:00" 323 4 12 1 -21
"2003-11-19 08:42:00" 323 4 12 1 -21
"2003-11-19 08:43:00" 323 4 12 1 -21
"2003-11-19 08:44:00" 323 4 12 1 -21
"2003-11-19 08:45:00" 323 4 12 1 -21
"2003-11-19 08:46:00" 323 4 12 1 -21
"2003-11-19 08:47:00" 323 4 11 1 -21
"2003-11-19 08:48:00" 323 4 13 1 -21
"2003-11-19 08:49:00" 323 5 13 1 -21
"2003-11-19 08:50:00" 323 6 13 1 -21
"2003-11-19 08:51:00" 323 5 13 1 -20
"2003-11-19 08:52:00" 323 5 12 0 -20
"2003-11-19 08:53:00" 323 5 12 0 -20
"2003-11-19 08:54:00" 323 5 11 0 -20
"2003-11-19 08:55:00" 323 4 10 0 -20
"2003-11-19 08:56:00" 323 4 10 0 -20
"2003-11-19 08:57:00" 323 4 9 0 -20
"2003-11-19 08:58:00" 323 4 9 0 -20
"2003-11-19 08:59:00" 323 4 9 0 -20
"2003-11-19 09:00:00" 323 5 7 0 -20
"2003-11-19 09:01:00" 323 6 6 1 -19
"2003-11-19 09:02:00" 323 6 7 0 -19
"2003-11-19 09:03:00" 323 7 6 0 -19
"2003-11-19 09:04:00" 323 7 6 0 -19
"2003-11-19 09:05:00" 323 7 6 0 -19
"2003-11-19 09:06:00" 323 7 7 0 -19
"2003-11-19 09:07:00" 323 6 6 0 -19
"2003-11-19 09:08:00" 323 6 6 0 -20
"2003-11-19 09:09:00" 323 6 6 0 -20
"2003-11-19 09:10:00" 323 5 6 1 -20
"2003-11-19 09:11:00" 323 5 6 1 -20
"2003-11-19 09:12:00" 323 5 6 1 -20
"2003-11-19 09:13:00" 323 5 6 1 -20
"2003-11-19 09:14:00" 323 4 6 1 -20
"2003-11-19 09:15:00" 323 5 7 1 -20
"2003-11-19 09:16:00" 323 5 8 1 -20
"2003-11-19 09:17:00" 323 5 9 1 -20
"2003-11-19 09:18:00" 323 5 10 1 -20
"2003-11-19 09:19:00" 323 5 10 1 -19
"2003-11-19 09:20:00" 323 5 10 1 -19
"2003-11-19 09:21:00" 323 6 9 1 -19
"2003-11-19 09:22:00" 323 6 9 1 -19
"2003-11-19 09:23:00" 323 7 8 1 -19
"2003-11-19 09:24:00" 323 8 8 1 -19
"2003-11-19 09:25:00" 323 8 7 1 -20
"2003-11-19 09:26:00" 323 7 8 1 -19
"2003-11-19 09:27:00" 323 8 8 1 -19
"2003-11-19 09:28:00" 323 8 8 1 -19
"2003-11-19 09:29:00" 323 8 8 1 -19
"2003-11-19 09:30:00" 323 8 8 1 -19
"2003-11-19 09:31:00" 323 8 8 1 -19
"2003-11-19 09:32:00" 323 8 9 1 -18
"2003-11-19 09:33:00" 323 9 9 1 -18
"2003-11-19 09:34:00" 323 9 9 1 -17
"2003-11-19 09:35:00" 323 9 9 1 -17
"2003-11-19 09:36:00" 323 9 9 1 -18
"2003-11-19 09:37:00" 323 8 8 1 -18
"2003-11-19 09:38:00" 323 7 8 1 -18
"2003-11-19 09:39:00" 323 8 9 1 -18
"2003-11-19 09:40:00" 323 7 10 2 -18
"2003-11-19 09:41:00" 323 5 10 1 -18
"2003-11-19 09:42:00" 323 6 8 1 -18
"2003-11-19 09:43:00" 323 7 9 2 -19
"2003-11-19 09:44:00" 323 8 10 1 -19
"2003-11-19 09:45:00" 323 8 10 2 -19
"2003-11-19 09:46:00" 323 8 10 2 -18
"2003-11-19 09:47:00" 323 9 9 2 -17
"2003-11-19 09:48:00" 323 10 11 2 -17
"2003-11-19 09:49:00" 323 9 9 2 -17
"2003-11-19 09:50:00" 323 9 9 2 -16
"2003-11-19 09:51:00" 323 8 8 2 -17
"2003-11-19 09:52:00" 323 8 7 2 -17
"2003-11-19 09:53:00" 323 9 8 2 -17
"2003-11-19 09:54:00" 323 9 8 2 -17
"2003-11-19 09:55:00" 323 10 8 2 -17
"2003-11-19 09:56:00" 323 10 8 2 -18
"2003-11-19 09:57:00" 323 10 8 2 -18
"2003-11-19 09:58:00" 323 10 9 2 -18
"2003-11-19 09:59:00" 323 10 8 3 -18
"2003-11-19 10:00:00" 323 10 8 3 -18
"2003-11-19 10:01:00" 323 12 9 3 -18
"2003-11-19 10:02:00" 323 12 9 3 -18
"2003-11-19 10:03:00" 323 13 9 3 -18
"2003-11-19 10:04:00" 323 13 9 3 -17
"2003-11-19 10:05:00" 323 14 10 4 -17
"2003-11-19 10:06:00" 323 14 10 3 -17
"2003-11-19 10:07:00" 323 14 10 3 -17
"2003-11-19 10:08:00" 323 15 10 3 -17
"2003-11-19 10:09:00" 323 15 10 4 -17
"2003-11-19 10:10:00" 323 16 12 4 -17
"2003-11-19 10:11:00" 323 17 13 4 -17
"2003-11-19 10:12:00" 323 18 14 4 -16
"2003-11-19 10:13:00" 323 18 14 4 -17
"2003-11-19 10:14:00" 323 17 14 3 -17
"2003-11-19 10:15:00" 323 16 14 4 -17
"2003-11-19 10:16:00" 323 16 14 4 -17
"2003-11-19 10:17:00" 323 16 14 4 -16
"2003-11-19 10:18:00" 323 17 15 4 -16
"2003-11-19 10:19:00" 323 19 17 4 -17
"2003-11-19 10:20:00" 323 19 18 4 -16
"2003-11-19 10:21:00" 323 20 18 4 -16
"2003-11-19 10:22:00" 323 20 18 3 -16
"2003-11-19 10:23:00" 323 20 19 4 -16
"2003-11-19 10:24:00" 323 20 21 3 -16
"2003-11-19 10:25:00" 323 22 21 3 -16
"2003-11-19 10:26:00" 323 22 21 4 -15
"2003-11-19 10:27:00" 323 23 21 3 -15
"2003-11-19 10:28:00" 323 24 23 4 -15
"2003-11-19 10:29:00" 323 26 24 4 -15
"2003-11-19 10:30:00" 323 25 24 3 -15
"2003-11-19 10:31:00" 323 25 23 3 -15
"2003-11-19 10:32:00" 323 23 23 3 -14
"2003-11-19 10:33:00" 323 23 22 3 -14
"2003-11-19 10:34:00" 323 22 22 2 -14
"2003-11-19 10:35:00" 323 21 21 3 -14
"2003-11-19 10:36:00" 323 20 21 2 -14
"2003-11-19 10:37:00" 323 21 20 2 -14
"2003-11-19 10:38:00" 323 22 20 2 -14
"2003-11-19 10:39:00" 323 22 19 2 -13
"2003-11-19 10:40:00" 323 21 19 2 -14
"2003-11-19 10:41:00" 323 20 19 2 -13
"2003-11-19 10:42:00" 323 22 18 2 -13
"2003-11-19 10:43:00" 323 21 18 2 -13
"2003-11-19 10:44:00" 323 21 18 2 -13
"2003-11-19 10:45:00" 323 21 17 2 -14
"2003-11-19 10:46:00" 323 22 17 2 -14
"2003-11-19 10:47:00" 323 21 17 2 -13
"2003-11-19 10:48:00" 323 21 17 2 -13
"2003-11-19 10:49:00" 323 21 16 2 -13
"2003-11-19 10:50:00" 323 20 15 2 -13
"2003-11-19 10:51:00" 323 20 15 2 -13
"2003-11-19 10:52:00" 323 20 15 2 -13
"2003-11-19 10:53:00" 323 19 13 2 -13
"2003-11-19 10:54:00" 323 18 12 2 -14
"2003-11-19 10:55:00" 323 17 12 2 -13
"2003-11-19 10:56:00" 323 16 11 1 -13
"2003-11-19 10:57:00" 323 16 11 1 -13
"2003-11-19 10:58:00" 323 16 10 2 -13
"2003-11-19 10:59:00" 323 18 10 2 -13
"2003-11-19 11:00:00" 323 18 11 1 -13
"2003-11-19 11:01:00" 323 18 11 1 -13
"2003-11-19 11:02:00" 323 18 12 1 -13
"2003-11-19 11:03:00" 323 18 12 1 -13
"2003-11-19 11:04:00" 323 19 13 1 -13
"2003-11-19 11:05:00" 323 19 13 1 -13
"2003-11-19 11:06:00" 323 20 15 1 -13
"2003-11-19 11:07:00" 323 20 14 1 -13
"2003-11-19 11:08:00" 323 20 14 1 -13
"2003-11-19 11:09:00" 323 21 14 1 -13
"2003-11-19 11:10:00" 323 21 14 1 -13
"2003-11-19 11:11:00" 323 22 15 1 -13
"2003-11-19 11:12:00" 323 22 16 1 -13
"2003-11-19 11:13:00" 323 22 15 1 -12
"2003-11-19 11:14:00" 323 21 15 1 -13
"2003-11-19 11:15:00" 323 21 15 1 -13
"2003-11-19 11:16:00" 323 21 15 1 -13
"2003-11-19 11:17:00" 323 21 14 1 -13
"2003-11-19 11:18:00" 323 21 13 1 -13
"2003-11-19 11:19:00" 323 20 13 1 -13
"2003-11-19 11:20:00" 323 20 13 1 -13
"2003-11-19 11:21:00" 323 20 13 1 -13
"2003-11-19 11:22:00" 323 20 13 1 -13
"2003-11-19 11:23:00" 323 20 13 1 -13
"2003-11-19 11:24:00" 323 20 13 1 -13
"2003-11-19 11:25:00" 323 21 13 1 -13
"2003-11-19 11:26:00" 323 21 13 1 -14
"2003-11-19 11:27:00" 323 22 13 1 -14
"2003-11-19 11:28:00" 323 22 15 1 -14
"2003-11-19 11:29:00" 323 22 15 1 -13
"2003-11-19 11:30:00" 323 23 15 1 -13
"2003-11-19 11:31:00" 323 23 16 0 -14
"2003-11-19 11:32:00" 323 25 16 1 -14
"2003-11-19 11:33:00" 323 26 17 0 -14
"2003-11-19 11:34:00" 323 25 18 0 -14
"2003-11-19 11:35:00" 323 26 18 0 -14
"2003-11-19 11:36:00" 323 26 18 0 -14
"2003-11-19 11:37:00" 323 27 20 0 -14
"2003-11-19 11:38:00" 323 28 20 0 -14
"2003-11-19 11:39:00" 323 28 20 0 -15
"2003-11-19 11:40:00" 323 29 21 0 -14
"2003-11-19 11:41:00" 323 29 20 0 -14
"2003-11-19 11:42:00" 323 30 20 0 -13
"2003-11-19 11:43:00" 323 30 19 0 -14
"2003-11-19 11:44:00" 323 30 19 0 -14
"2003-11-19 11:45:00" 323 30 19 0 -14
"2003-11-19 11:46:00" 323 29 19 -1 -14
"2003-11-19 11:47:00" 323 29 17 -1 -14
"2003-11-19 11:48:00" 323 27 17 -1 -14
"2003-11-19 11:49:00" 323 27 16 -1 -14
"2003-11-19 11:50:00" 323 26 15 -1 -14
"2003-11-19 11:51:00" 323 26 16 -1 -14
"2003-11-19 11:52:00" 323 25 14 -1 -14
"2003-11-19 11:53:00" 323 24 14 -1 -13
"2003-11-19 11:54:00" 323 23 13 -1 -13
"2003-11-19 11:55:00" 323 23 12 -1 -13
"2003-11-19 11:56:00" 323 23 11 -1 -13
"2003-11-19 11:57:00" 323 23 12 -1 -13
"2003-11-19 11:58:00" 323 23 12 -1 -13
"2003-11-19 11:59:00" 323 22 12 -1 -13
"2003-11-19 12:00:00" 323 22 11 -1 -13
"2003-11-19 12:01:00" 323 21 12 -1 -13
"2003-11-19 12:02:00" 323 21 12 -1 -14
"2003-11-19 12:03:00" 323 20 12 -1 -14
"2003-11-19 12:04:00" 323 20 12 -1 -13
"2003-11-19 12:05:00" 323 20 12 -1 -13
"2003-11-19 12:06:00" 323 19 11 -1 -13
"2003-11-19 12:07:00" 323 19 10 -1 -12
"2003-11-19 12:08:00" 323 20 10 -1 -12
"2003-11-19 12:09:00" 323 20 10 -1 -12
"2003-11-19 12:10:00" 323 19 10 -1 -12
"2003-11-19 12:11:00" 323 18 10 -1 -12
"2003-11-19 12:12:00" 323 17 10 -1 -12
"2003-11-19 12:13:00" 323 17 10 -1 -13
"2003-11-19 12:14:00" 323 16 9 -1 -13
"2003-11-19 12:15:00" 323 16 9 -1 -13
"2003-11-19 12:16:00" 323 15 9 -1 -13
"2003-11-19 12:17:00" 323 15 9 -1 -12
"2003-11-19 12:18:00" 323 15 9 -1 -12
"2003-11-19 12:19:00" 323 15 8 -1 -13
"2003-11-19 12:20:00" 323 16 9 -1 -12
"2003-11-19 12:21:00" 323 17 9 -1 -12
"2003-11-19 12:22:00" 323 17 8 -1 -13
"2003-11-19 12:23:00" 323 16 8 -1 -13
"2003-11-19 12:24:00" 323 15 7 -1 -14
"2003-11-19 12:25:00" 323 15 8 -1 -14
"2003-11-19 12:26:00" 323 15 8 -1 -13
"2003-11-19 12:27:00" 323 15 7 -1 -13
"2003-11-19 12:28:00" 323 13 7 -1 -13
"2003-11-19 12:29:00" 323 13 7 -1 -13
"2003-11-19 12:30:00" 323 13 7 -1 -13
"2003-11-19 12:31:00" 323 12 6 -1 -12
"2003-11-19 12:32:00" 323 12 6 -1 -12
"2003-11-19 12:33:00" 323 13 5 0 -13
"2003-11-19 12:34:00" 323 14 5 0 -13
"2003-11-19 12:35:00" 323 13 5 0 -13
"2003-11-19 12:36:00" 323 12 6 0 -12
"2003-11-19 12:37:00" 323 12 6 0 -12
"2003-11-19 12:38:00" 323 11 6 0 -12
"2003-11-19 12:39:00" 323 10 5 0 -12
"2003-11-19 12:40:00" 323 10 7 0 -12
"2003-11-19 12:41:00" 323 10 7 0 -12
"2003-11-19 12:42:00" 323 9 7 0 -12
"2003-11-19 12:43:00" 323 9 7 0 -12
"2003-11-19 12:44:00" 323 8 8 0 -12
"2003-11-19 12:45:00" 323 8 6 0 -12
"2003-11-19 12:46:00" 323 8 6 0 -12
"2003-11-19 12:47:00" 323 8 8 0 -12
"2003-11-19 12:48:00" 323 8 7 0 -12
"2003-11-19 12:49:00" 323 7 8 0 -12
"2003-11-19 12:50:00" 323 7 8 0 -12
"2003-11-19 12:51:00" 323 7 9 0 -12
"2003-11-19 12:52:00" 323 7 9 0 -12
"2003-11-19 12:53:00" 323 7 9 0 -13
"2003-11-19 12:54:00" 323 7 9 1 -13
"2003-11-19 12:55:00" 323 6 11 0 -13
"2003-11-19 12:56:00" 323 7 13 0 -13
"2003-11-19 12:57:00" 323 8 15 0 -13
"2003-11-19 12:58:00" 323 9 15 0 -13
"2003-11-19 12:59:00" 323 10 14 0 -13
"2003-11-19 13:00:00" 323 10 14 0 -14
"2003-11-19 13:01:00" 323 10 15 0 -13
"2003-11-19 13:02:00" 323 9 15 0 -13
"2003-11-19 13:03:00" 323 9 16 0 -14
"2003-11-19 13:04:00" 323 9 17 0 -14
"2003-11-19 13:05:00" 323 9 17 0 -14
"2003-11-19 13:06:00" 323 9 19 0 -14
"2003-11-19 13:07:00" 323 9 19 0 -14
"2003-11-19 13:08:00" 323 9 19 0 -14
"2003-11-19 13:09:00" 323 8 20 0 -14
"2003-11-19 13:10:00" 323 9 20 1 -14
"2003-11-19 13:11:00" 323 8 21 0 -15
"2003-11-19 13:12:00" 323 9 21 0 -15
"2003-11-19 13:13:00" 323 9 23 0 -15
"2003-11-19 13:14:00" 323 11 22 0 -15
"2003-11-19 13:15:00" 323 10 22 0 -15
"2003-11-19 13:16:00" 323 10 23 0 -16
"2003-11-19 13:17:00" 323 10 21 0 -16
"2003-11-19 13:18:00" 323 11 21 0 -16
"2003-11-19 13:19:00" 323 11 22 0 -16
"2003-11-19 13:20:00" 323 11 22 -1 -16
"2003-11-19 13:21:00" 323 10 20 -1 -17
"2003-11-19 13:22:00" 323 10 20 -1 -17
"2003-11-19 13:23:00" 323 10 18 -1 -17
"2003-11-19 13:24:00" 323 8 16 0 -17
"2003-11-19 13:25:00" 323 8 14 0 -17
"2003-11-19 13:26:00" 323 8 14 0 -17
"2003-11-19 13:27:00" 323 8 14 0 -18
"2003-11-19 13:28:00" 323 7 12 0 -18
"2003-11-19 13:29:00" 323 6 12 0 -18
"2003-11-19 13:30:00" 323 6 11 0 -18
"2003-11-19 13:31:00" 323 6 11 0 -18
"2003-11-19 13:32:00" 323 6 10 0 -18
"2003-11-19 13:33:00" 323 5 9 0 -18
"2003-11-19 13:34:00" 323 4 8 0 -18
"2003-11-19 13:35:00" 323 4 9 0 -18
"2003-11-19 13:36:00" 323 5 9 1 -18
"2003-11-19 13:37:00" 323 4 9 1 -18
"2003-11-19 13:38:00" 323 4 8 1 -19
"2003-11-19 13:39:00" 323 5 9 1 -19
"2003-11-19 13:40:00" 323 6 10 1 -19
"2003-11-19 13:41:00" 323 7 12 1 -19
"2003-11-19 13:42:00" 323 5 11 1 -19
"2003-11-19 13:43:00" 323 5 9 1 -19
"2003-11-19 13:44:00" 323 6 10 1 -19
"2003-11-19 13:45:00" 323 7 11 1 -19
"2003-11-19 13:46:00" 323 8 12 1 -19
"2003-11-19 13:47:00" 323 8 10 1 -19
"2003-11-19 13:48:00" 323 8 9 0 -19
"2003-11-19 13:49:00" 323 8 9 0 -19
"2003-11-19 13:50:00" 323 7 10 0 -19
"2003-11-19 13:51:00" 323 8 10 0 -19
"2003-11-19 13:52:00" 323 7 9 0 -19
"2003-11-19 13:53:00" 323 7 8 0 -20
"2003-11-19 13:54:00" 323 7 9 0 -20
"2003-11-19 13:55:00" 323 7 9 0 -20
"2003-11-19 13:56:00" 323 7 10 0 -20
"2003-11-19 13:57:00" 323 7 10 -1 -20
"2003-11-19 13:58:00" 323 7 11 -1 -20
"2003-11-19 13:59:00" 323 7 12 -1 -20
"2003-11-19 14:00:00" 323 7 12 -1 -20
"2003-11-19 14:01:00" 323 7 11 -1 -20
"2003-11-19 14:02:00" 323 7 11 -1 -20
"2003-11-19 14:03:00" 323 7 11 -1 -20
"2003-11-19 14:04:00" 323 7 12 -1 -20
"2003-11-19 14:05:00" 323 7 12 -1 -20
"2003-11-19 14:06:00" 323 8 13 -1 -20
"2003-11-19 14:07:00" 323 8 13 -1 -20
"2003-11-19 14:08:00" 323 9 13 -1 -19
"2003-11-19 14:09:00" 323 8 16 -1 -19
"2003-11-19 14:10:00" 323 8 17 -2 -18
"2003-11-19 14:11:00" 323 9 18 -1 -17
"2003-11-19 14:12:00" 323 9 20 -1 -17
"2003-11-19 14:13:00" 323 9 21 -1 -17
"2003-11-19 14:14:00" 323 9 21 -1 -16
"2003-11-19 14:15:00" 323 9 22 -1 -16
"2003-11-19 14:16:00" 323 9 22 -1 -16
"2003-11-19 14:17:00" 323 10 23 -1 -16
"2003-11-19 14:18:00" 323 10 22 -1 -15
"2003-11-19 14:19:00" 323 8 24 -1 -15
"2003-11-19 14:20:00" 323 9 24 -1 -14
"2003-11-19 14:21:00" 323 9 25 -2 -14
"2003-11-19 14:22:00" 323 9 26 -1 -14
"2003-11-19 14:23:00" 323 10 26 -1 -13
"2003-11-19 14:24:00" 323 10 25 -1 -13
"2003-11-19 14:25:00" 323 9 23 -1 -13
"2003-11-19 14:26:00" 323 7 22 0 -13
"2003-11-19 14:27:00" 323 7 22 0 -13
"2003-11-19 14:28:00" 323 8 21 0 -13
"2003-11-19 14:29:00" 323 10 21 0 -13
"2003-11-19 14:30:00" 323 10 19 1 -13
"2003-11-19 14:31:00" 323 9 18 1 -14
"2003-11-19 14:32:00" 323 9 17 1 -14
"2003-11-19 14:33:00" 323 9 17 1 -13
"2003-11-19 14:34:00" 323 10 18 1 -13
"2003-11-19 14:35:00" 323 10 15 1 -14
"2003-11-19 14:36:00" 323 11 15 2 -13
"2003-11-19 14:37:00" 323 12 14 2 -14
"2003-11-19 14:38:00" 323 13 14 2 -14
"2003-11-19 14:39:00" 323 12 15 3 -14
"2003-11-19 14:40:00" 323 10 13 2 -15
"2003-11-19 14:41:00" 323 6 12 2 -15
"2003-11-19 14:42:00" 323 6 10 1 -16
"2003-11-19 14:43:00" 323 7 9 1 -17
"2003-11-19 14:44:00" 323 7 9 2 -16
"2003-11-19 14:45:00" 323 7 9 2 -16
"2003-11-19 14:46:00" 323 6 9 2 -16
"2003-11-19 14:47:00" 323 6 9 2 -16
"2003-11-19 14:48:00" 323 6 9 2 -15
"2003-11-19 14:49:00" 323 7 10 2 -16
"2003-11-19 14:50:00" 323 6 10 2 -14
"2003-11-19 14:51:00" 323 5 10 2 -14
"2003-11-19 14:52:00" 323 6 11 1 -14
"2003-11-19 14:53:00" 323 7 12 2 -14
"2003-11-19 14:54:00" 323 9 11 2 -14
"2003-11-19 14:55:00" 323 9 11 2 -14
"2003-11-19 14:56:00" 323 9 11 2 -14
"2003-11-19 14:57:00" 323 10 11 2 -14
"2003-11-19 14:58:00" 323 11 12 2 -14
"2003-11-19 14:59:00" 323 13 12 2 -14
"2003-11-19 15:00:00" 323 14 14 2 -14
"2003-11-19 15:01:00" 323 16 16 2 -14
"2003-11-19 15:02:00" 323 16 17 2 -14
"2003-11-19 15:03:00" 323 17 17 2 -14
"2003-11-19 15:04:00" 323 18 17 2 -14
"2003-11-19 15:05:00" 323 18 18 2 -14
"2003-11-19 15:06:00" 323 19 19 2 -15
"2003-11-19 15:07:00" 323 19 19 3 -15
"2003-11-19 15:08:00" 323 19 18 3 -15
"2003-11-19 15:09:00" 323 19 19 3 -16
"2003-11-19 15:10:00" 323 19 18 3 -16
"2003-11-19 15:11:00" 323 19 18 3 -16
"2003-11-19 15:12:00" 323 18 15 2 -17
"2003-11-19 15:13:00" 323 18 15 2 -18
"2003-11-19 15:14:00" 323 18 17 2 -18
"2003-11-19 15:15:00" 323 18 18 2 -19
"2003-11-19 15:16:00" 323 18 19 2 -19
"2003-11-19 15:17:00" 323 17 20 2 -19
"2003-11-19 15:18:00" 323 17 20 1 -19
"2003-11-19 15:19:00" 323 16 23 2 -19
"2003-11-19 15:20:00" 323 14 24 1 -19
"2003-11-19 15:21:00" 323 13 22 2 -19
"2003-11-19 15:22:00" 323 12 22 2 -19
"2003-11-19 15:23:00" 323 10 21 2 -19
"2003-11-19 15:24:00" 323 10 21 2 -19
"2003-11-19 15:25:00" 323 9 20 2 -19
"2003-11-19 15:26:00" 323 11 19 3 -19
"2003-11-19 15:27:00" 323 11 19 3 -19
"2003-11-19 15:28:00" 323 11 18 3 -20
"2003-11-19 15:29:00" 323 9 17 2 -20
"2003-11-19 15:30:00" 323 10 16 2 -20
"2003-11-19 15:31:00" 323 11 17 2 -20
"2003-11-19 15:32:00" 323 12 17 3 -20
"2003-11-19 15:33:00" 323 12 17 3 -20
"2003-11-19 15:34:00" 323 12 17 3 -20
"2003-11-19 15:35:00" 323 12 16 2 -20
"2003-11-19 15:36:00" 323 11 16 2 -20
"2003-11-19 15:37:00" 323 12 17 3 -20
"2003-11-19 15:38:00" 323 12 17 2 -20
"2003-11-19 15:39:00" 323 12 16 2 -19
"2003-11-19 15:40:00" 323 12 17 2 -20
"2003-11-19 15:41:00" 323 12 16 2 -20
"2003-11-19 15:42:00" 323 11 13 2 -20
"2003-11-19 15:43:00" 323 12 12 2 -19
"2003-11-19 15:44:00" 323 12 12 2 -20
"2003-11-19 15:45:00" 323 12 12 2 -19
"2003-11-19 15:46:00" 323 12 12 2 -19
"2003-11-19 15:47:00" 323 12 11 2 -19
"2003-11-19 15:48:00" 323 12 14 2 -19
"2003-11-19 15:49:00" 323 13 16 2 -19
"2003-11-19 15:50:00" 323 14 20 1 -18
"2003-11-19 15:51:00" 323 15 22 1 -17
"2003-11-19 15:52:00" 323 16 26 0 -17
"2003-11-19 15:53:00" 323 16 30 0 -17
"2003-11-19 15:54:00" 323 16 34 0 -17
"2003-11-19 15:55:00" 323 16 37 -1 -17
"2003-11-19 15:56:00" 323 15 38 -1 -17
"2003-11-19 15:57:00" 323 18 40 -2 -16
"2003-11-19 15:58:00" 323 19 43 -2 -15
"2003-11-19 15:59:00" 323 19 46 -3 -15
"2003-11-19 16:00:00" 323 18 48 -3 -16
"2003-11-19 16:01:00" 323 18 48 -3 -16
"2003-11-19 16:02:00" 323 19 46 -3 -15
"2003-11-19 16:03:00" 323 19 44 -3 -15
"2003-11-19 16:04:00" 323 20 43 -3 -15
"2003-11-19 16:05:00" 323 19 43 -4 -15
"2003-11-19 16:06:00" 323 18 46 -4 -15
"2003-11-19 16:07:00" 323 17 48 -4 -15
"2003-11-19 16:08:00" 323 18 50 -4 -15
"2003-11-19 16:09:00" 323 20 49 -4 -14
"2003-11-19 16:10:00" 323 20 47 -4 -14
"2003-11-19 16:11:00" 323 20 48 -4 -15
"2003-11-19 16:12:00" 323 19 47 -4 -15
"2003-11-19 16:13:00" 323 17 46 -4 -16
"2003-11-19 16:14:00" 323 18 44 -3 -16
"2003-11-19 16:15:00" 323 18 39 -3 -15
"2003-11-19 16:16:00" 323 17 38 -3 -16
"2003-11-19 16:17:00" 323 16 36 -3 -15
"2003-11-19 16:18:00" 323 17 33 -2 -15
"2003-11-19 16:19:00" 323 19 30 -2 -14
"2003-11-19 16:20:00" 323 20 32 -1 -14
"2003-11-19 16:21:00" 323 20 31 -1 -14
"2003-11-19 16:22:00" 323 18 30 -2 -15
"2003-11-19 16:23:00" 323 16 30 -2 -16
"2003-11-19 16:24:00" 323 16 30 -2 -15
"2003-11-19 16:25:00" 323 16 28 -2 -15
"2003-11-19 16:26:00" 323 15 26 -2 -15
"2003-11-19 16:27:00" 323 14 26 -1 -15
"2003-11-19 16:28:00" 323 13 26 -1 -15
"2003-11-19 16:29:00" 323 11 24 -1 -16
"2003-11-19 16:30:00" 323 9 22 -1 -16
"2003-11-19 16:31:00" 323 9 20 -1 -17
"2003-11-19 16:32:00" 323 8 19 -1 -17
"2003-11-19 16:33:00" 323 8 19 -2 -17
"2003-11-19 16:34:00" 323 9 17 -1 -17
"2003-11-19 16:35:00" 323 9 16 -1 -17
"2003-11-19 16:36:00" 323 8 15 -1 -17
"2003-11-19 16:37:00" 323 8 17 -1 -17
"2003-11-19 16:38:00" 323 10 16 -1 -16
"2003-11-19 16:39:00" 323 10 16 -1 -16
"2003-11-19 16:40:00" 323 10 15 -1 -15
"2003-11-19 16:41:00" 323 10 15 -1 -15
"2003-11-19 16:42:00" 323 11 15 -1 -14
"2003-11-19 16:43:00" 323 11 15 -1 -14
"2003-11-19 16:44:00" 323 11 15 -1 -14
"2003-11-19 16:45:00" 323 11 15 -1 -13
"2003-11-19 16:46:00" 323 12 15 0 -13
"2003-11-19 16:47:00" 323 12 14 0 -13
"2003-11-19 16:48:00" 323 12 14 0 -13
"2003-11-19 16:49:00" 323 11 14 0 -14
"2003-11-19 16:50:00" 323 10 13 -1 -14
"2003-11-19 16:51:00" 323 9 14 -1 -15
"2003-11-19 16:52:00" 323 9 13 0 -14
"2003-11-19 16:53:00" 323 9 13 0 -14
"2003-11-19 16:54:00" 323 9 13 0 -14
"2003-11-19 16:55:00" 323 9 13 0 -14
"2003-11-19 16:56:00" 323 9 14 0 -14
"2003-11-19 16:57:00" 323 9 14 0 -14
"2003-11-19 16:58:00" 323 9 14 0 -14
"2003-11-19 16:59:00" 323 9 14 0 -14
"2003-11-19 17:00:00" 323 9 14 0 -15
"2003-11-19 17:01:00" 323 9 14 0 -15
"2003-11-19 17:02:00" 323 9 14 0 -15
"2003-11-19 17:03:00" 323 9 15 0 -15
"2003-11-19 17:04:00" 323 8 13 1 -15
"2003-11-19 17:05:00" 323 9 12 1 -15
"2003-11-19 17:06:00" 323 9 13 1 -16
"2003-11-19 17:07:00" 323 8 13 0 -15
"2003-11-19 17:08:00" 323 8 13 0 -15
"2003-11-19 17:09:00" 323 8 13 1 -14
"2003-11-19 17:10:00" 323 8 12 1 -14
"2003-11-19 17:11:00" 323 8 14 0 -16
"2003-11-19 17:12:00" 323 7 14 0 -16
"2003-11-19 17:13:00" 323 8 12 1 -15
"2003-11-19 17:14:00" 323 8 12 1 -15
"2003-11-19 17:15:00" 323 7 12 0 -15
"2003-11-19 17:16:00" 323 7 12 0 -15
"2003-11-19 17:17:00" 323 7 13 0 -15
"2003-11-19 17:18:00" 323 8 13 0 -16
"2003-11-19 17:19:00" 323 8 13 0 -16
"2003-11-19 17:20:00" 323 8 13 0 -17
"2003-11-19 17:21:00" 323 8 13 0 -17
"2003-11-19 17:22:00" 323 7 13 0 -16
"2003-11-19 17:23:00" 323 7 12 0 -17
"2003-11-19 17:24:00" 323 7 12 0 -16
"2003-11-19 17:25:00" 323 8 13 0 -16
"2003-11-19 17:26:00" 323 9 13 0 -15
"2003-11-19 17:27:00" 323 9 12 0 -15
"2003-11-19 17:28:00" 323 9 12 0 -15
"2003-11-19 17:29:00" 323 10 14 0 -15
"2003-11-19 17:30:00" 323 10 15 0 -15
"2003-11-19 17:31:00" 323 11 16 -1 -16
"2003-11-19 17:32:00" 323 10 15 -1 -16
"2003-11-19 17:33:00" 323 10 17 -1 -17
"2003-11-19 17:34:00" 323 10 18 -1 -17
"2003-11-19 17:35:00" 323 12 20 -1 -18
"2003-11-19 17:36:00" 323 13 22 -1 -18
"2003-11-19 17:37:00" 323 14 24 -1 -19
"2003-11-19 17:38:00" 323 14 24 -1 -19
"2003-11-19 17:39:00" 323 15 24 -1 -18
"2003-11-19 17:40:00" 323 15 23 -1 -17
"2003-11-19 17:41:00" 323 15 23 -2 -17
"2003-11-19 17:42:00" 323 16 24 -1 -18
"2003-11-19 17:43:00" 323 16 24 -1 -18
"2003-11-19 17:44:00" 323 16 24 -2 -18
"2003-11-19 17:45:00" 323 16 26 -1 -18
"2003-11-19 17:46:00" 323 17 26 -1 -18
"2003-11-19 17:47:00" 323 16 25 -1 -18
"2003-11-19 17:48:00" 323 15 25 -2 -18
"2003-11-19 17:49:00" 323 15 26 -2 -18
"2003-11-19 17:50:00" 323 14 25 -2 -17
"2003-11-19 17:51:00" 323 13 26 -2 -18
"2003-11-19 17:52:00" 323 13 27 -2 -18
"2003-11-19 17:53:00" 323 14 26 -2 -18
"2003-11-19 17:54:00" 323 14 26 -2 -18
"2003-11-19 17:55:00" 323 14 26 -2 -17
"2003-11-19 17:56:00" 323 13 26 -2 -17
"2003-11-19 17:57:00" 323 13 27 -3 -18
"2003-11-19 17:58:00" 323 14 30 -3 -18
"2003-11-19 17:59:00" 323 15 32 -3 -18
"2003-11-19 18:00:00" 323 15 33 -4 -17
"2003-11-19 18:01:00" 323 16 36 -4 -17
"2003-11-19 18:02:00" 323 17 38 -4 -17
"2003-11-19 18:03:00" 323 19 40 -4 -17
"2003-11-19 18:04:00" 323 19 41 -5 -16
"2003-11-19 18:05:00" 323 20 43 -5 -16
"2003-11-19 18:06:00" 323 21 46 -5 -16
"2003-11-19 18:07:00" 323 21 47 -6 -16
"2003-11-19 18:08:00" 323 21 48 -6 -16
"2003-11-19 18:09:00" 323 21 50 -7 -16
"2003-11-19 18:10:00" 323 21 50 -7 -16
"2003-11-19 18:11:00" 323 21 52 -7 -16
"2003-11-19 18:12:00" 323 21 51 -7 -15
"2003-11-19 18:13:00" 323 21 51 -8 -14
"2003-11-19 18:14:00" 323 21 52 -8 -14
"2003-11-19 18:15:00" 323 21 51 -8 -14
"2003-11-19 18:16:00" 323 21 50 -8 -13
"2003-11-19 18:17:00" 323 21 49 -8 -13
"2003-11-19 18:18:00" 323 21 48 -8 -13
"2003-11-19 18:19:00" 323 21 48 -8 -12
"2003-11-19 18:20:00" 323 21 48 -7 -12
"2003-11-19 18:21:00" 323 21 49 -7 -12
"2003-11-19 18:22:00" 323 22 49 -7 -12
"2003-11-19 18:23:00" 323 21 49 -7 -12
"2003-11-19 18:24:00" 323 21 49 -7 -11
"2003-11-19 18:25:00" 323 21 49 -6 -10
"2003-11-19 18:26:00" 323 21 48 -6 -10
"2003-11-19 18:27:00" 323 21 49 -6 -10
"2003-11-19 18:28:00" 323 19 47 -6 -9
"2003-11-19 18:29:00" 323 19 44 -5 -8
"2003-11-19 18:30:00" 323 19 43 -5 -8
"2003-11-19 18:31:00" 323 19 40 -7 -6
"2003-11-19 18:32:00" 323 19 38 -5 -8
"2003-11-19 18:33:00" 323 18 38 -4 -8
"2003-11-19 18:34:00" 323 17 39 -4 -8
"2003-11-19 18:35:00" 323 16 38 -4 -8
"2003-11-19 18:36:00" 323 15 36 -4 -8
"2003-11-19 18:37:00" 323 15 34 -3 -8
"2003-11-19 18:38:00" 323 13 33 -3 -7
"2003-11-19 18:39:00" 323 13 31 -3 -7
"2003-11-19 18:40:00" 323 12 30 -2 -7
"2003-11-19 18:41:00" 323 12 29 -2 -6
"2003-11-19 18:42:00" 323 11 28 -2 -6
"2003-11-19 18:43:00" 323 10 26 -1 -6
"2003-11-19 18:44:00" 323 10 26 -1 -6
"2003-11-19 18:45:00" 323 9 25 -1 -6
"2003-11-19 18:46:00" 323 8 24 -1 -6
"2003-11-19 18:47:00" 323 8 23 -1 -6
"2003-11-19 18:48:00" 323 8 23 0 -6
"2003-11-19 18:49:00" 323 8 22 0 -6
"2003-11-19 18:50:00" 323 7 22 0 -6
"2003-11-19 18:51:00" 323 7 22 0 -5
"2003-11-19 18:52:00" 323 7 21 0 -6
"2003-11-19 18:53:00" 323 8 21 0 -6
"2003-11-19 18:54:00" 323 7 20 0 -6
"2003-11-19 18:55:00" 323 6 19 0 -6
"2003-11-19 18:56:00" 323 6 18 0 -5
"2003-11-19 18:57:00" 323 6 18 1 -5
"2003-11-19 18:58:00" 323 5 18 1 -5
"2003-11-19 18:59:00" 323 5 17 1 -5
"2003-11-19 19:00:00" 323 5 17 1 -5
"2003-11-19 19:01:00" 323 5 17 1 -5
"2003-11-19 19:02:00" 323 5 17 1 -5
"2003-11-19 19:03:00" 323 5 17 1 -5
"2003-11-19 19:04:00" 323 5 17 1 -5
"2003-11-19 19:05:00" 323 5 17 1 -5
"2003-11-19 19:06:00" 323 5 17 1 -5
"2003-11-19 19:07:00" 323 5 16 1 -5
"2003-11-19 19:08:00" 323 6 16 1 -4
"2003-11-19 19:09:00" 323 6 17 1 -4
"2003-11-19 19:10:00" 323 6 16 1 -5
"2003-11-19 19:11:00" 323 6 16 1 -4
"2003-11-19 19:12:00" 323 5 16 1 -4
"2003-11-19 19:13:00" 323 6 15 1 -4
"2003-11-19 19:14:00" 323 5 15 1 -4
"2003-11-19 19:15:00" 323 7 15 1 -5
"2003-11-19 19:16:00" 323 6 15 1 -5
"2003-11-19 19:17:00" 323 6 15 1 -5
"2003-11-19 19:18:00" 323 6 14 1 -5
"2003-11-19 19:19:00" 323 6 14 1 -5
"2003-11-19 19:20:00" 323 6 14 1 -5
"2003-11-19 19:21:00" 323 6 14 1 -6
"2003-11-19 19:22:00" 323 6 13 2 -5
"2003-11-19 19:23:00" 323 6 14 1 -5
"2003-11-19 19:24:00" 323 6 15 2 -6
"2003-11-19 19:25:00" 323 6 15 1 -6
"2003-11-19 19:26:00" 323 6 15 1 -6
"2003-11-19 19:27:00" 323 6 14 1 -6
"2003-11-19 19:28:00" 323 7 12 2 -6
"2003-11-19 19:29:00" 323 7 12 2 -6
"2003-11-19 19:30:00" 323 7 13 2 -6
"2003-11-19 19:31:00" 323 6 14 2 -6
"2003-11-19 19:32:00" 323 6 14 2 -6
"2003-11-19 19:33:00" 323 6 14 2 -6
"2003-11-19 19:34:00" 323 6 13 2 -6
"2003-11-19 19:35:00" 323 5 13 2 -5
"2003-11-19 19:36:00" 323 5 12 2 -5
"2003-11-19 19:37:00" 323 6 14 2 -5
"2003-11-19 19:38:00" 323 6 14 2 -6
"2003-11-19 19:39:00" 323 6 14 2 -5
"2003-11-19 19:40:00" 323 6 13 2 -5
"2003-11-19 19:41:00" 323 7 13 2 -5
"2003-11-19 19:42:00" 323 7 13 2 -5
"2003-11-19 19:43:00" 323 7 13 2 -5
"2003-11-19 19:44:00" 323 7 13 2 -5
"2003-11-19 19:45:00" 323 7 13 2 -5
"2003-11-19 19:46:00" 323 7 13 2 -5
"2003-11-19 19:47:00" 323 8 13 2 -5
"2003-11-19 19:48:00" 323 8 13 2 -5
"2003-11-19 19:49:00" 323 7 13 2 -5
"2003-11-19 19:50:00" 323 7 13 2 -5
"2003-11-19 19:51:00" 323 8 12 2 -5
"2003-11-19 19:52:00" 323 7 14 2 -5
"2003-11-19 19:53:00" 323 6 13 2 -5
"2003-11-19 19:54:00" 323 7 13 2 -5
"2003-11-19 19:55:00" 323 7 13 2 -5
"2003-11-19 19:56:00" 323 7 13 2 -5
"2003-11-19 19:57:00" 323 7 13 2 -5
"2003-11-19 19:58:00" 323 7 13 2 -5
"2003-11-19 19:59:00" 323 7 13 2 -5
"2003-11-19 20:00:00" 323 7 12 2 -5
"2003-11-19 20:01:00" 323 7 13 2 -5
"2003-11-19 20:02:00" 323 7 13 2 -5
"2003-11-19 20:03:00" 323 7 14 2 -5
"2003-11-19 20:04:00" 323 7 14 2 -5
"2003-11-19 20:05:00" 323 7 14 2 -5
"2003-11-19 20:06:00" 323 7 14 2 -5
"2003-11-19 20:07:00" 323 6 13 2 -5
"2003-11-19 20:08:00" 323 6 14 2 -5
"2003-11-19 20:09:00" 323 7 13 2 -5
"2003-11-19 20:10:00" 323 7 13 2 -5
"2003-11-19 20:11:00" 323 7 14 2 -5
"2003-11-19 20:12:00" 323 7 14 2 -5
"2003-11-19 20:13:00" 323 7 13 2 -5
"2003-11-19 20:14:00" 323 6 14 3 -5
"2003-11-19 20:15:00" 323 6 14 3 -5
"2003-11-19 20:16:00" 323 7 14 3 -5
"2003-11-19 20:17:00" 323 6 14 3 -6
"2003-11-19 20:18:00" 323 6 14 2 -6
"2003-11-19 20:19:00" 323 7 15 3 -6
"2003-11-19 20:20:00" 323 7 14 3 -6
"2003-11-19 20:21:00" 323 7 15 3 -6
"2003-11-19 20:22:00" 323 6 15 3 -6
"2003-11-19 20:23:00" 323 6 16 3 -6
"2003-11-19 20:24:00" 323 8 14 3 -6
"2003-11-19 20:25:00" 323 8 16 3 -5
"2003-11-19 20:26:00" 323 8 14 3 -5
"2003-11-19 20:27:00" 323 7 14 3 -5
"2003-11-19 20:28:00" 323 7 14 3 -5
"2003-11-19 20:29:00" 323 7 15 3 -5
"2003-11-19 20:30:00" 323 6 15 3 -5
"2003-11-19 20:31:00" 323 6 15 3 -5
"2003-11-19 20:32:00" 323 6 15 3 -5
"2003-11-19 20:33:00" 323 6 15 3 -5
"2003-11-19 20:34:00" 323 6 15 3 -5
"2003-11-19 20:35:00" 323 7 16 3 -5
"2003-11-19 20:36:00" 323 6 16 3 -5
"2003-11-19 20:37:00" 323 6 15 3 -5
"2003-11-19 20:38:00" 323 6 15 3 -5
"2003-11-19 20:39:00" 323 7 16 3 -5
"2003-11-19 20:40:00" 323 6 16 3 -4
"2003-11-19 20:41:00" 323 6 16 3 -4
"2003-11-19 20:42:00" 323 5 15 3 -4
"2003-11-19 20:43:00" 323 5 15 3 -5
"2003-11-19 20:44:00" 323 5 15 3 -5
"2003-11-19 20:45:00" 323 6 15 3 -5
"2003-11-19 20:46:00" 323 5 15 3 -5
"2003-11-19 20:47:00" 323 5 15 3 -5
"2003-11-19 20:48:00" 323 5 15 3 -5
"2003-11-19 20:49:00" 323 6 15 3 -4
"2003-11-19 20:50:00" 323 6 15 3 -4
"2003-11-19 20:51:00" 323 6 15 3 -4
"2003-11-19 20:52:00" 323 6 16 3 -4
"2003-11-19 20:53:00" 323 5 15 3 -4
"2003-11-19 20:54:00" 323 6 16 3 -4
"2003-11-19 20:55:00" 323 5 16 3 -4
"2003-11-19 20:56:00" 323 5 16 3 -5
"2003-11-19 20:57:00" 323 5 15 3 -5
"2003-11-19 20:58:00" 323 5 15 3 -5
"2003-11-19 20:59:00" 323 5 15 3 -5
"2003-11-19 21:00:00" 323 5 16 3 -5
"2003-11-19 21:01:00" 323 5 16 3 -5
"2003-11-19 21:02:00" 323 5 15 3 -4
"2003-11-19 21:03:00" 323 4 15 3 -4
"2003-11-19 21:04:00" 323 4 16 3 -4
"2003-11-19 21:05:00" 323 4 15 3 -4
"2003-11-19 21:06:00" 323 5 14 3 -4
"2003-11-19 21:07:00" 323 5 14 3 -3
"2003-11-19 21:08:00" 323 5 14 3 -3
"2003-11-19 21:09:00" 323 5 13 3 -3
"2003-11-19 21:10:00" 323 5 14 3 -2
"2003-11-19 21:11:00" 323 5 14 3 -2
"2003-11-19 21:12:00" 323 5 13 3 -2
"2003-11-19 21:13:00" 323 5 13 3 -1
"2003-11-19 21:14:00" 323 5 13 3 0
"2003-11-19 21:15:00" 323 4 13 3 0
"2003-11-19 21:16:00" 323 4 14 3 0
"2003-11-19 21:17:00" 323 4 14 3 0
"2003-11-19 21:18:00" 323 3 14 3 0
"2003-11-19 21:19:00" 323 4 13 3 -1
"2003-11-19 21:20:00" 323 4 12 3 -1
"2003-11-19 21:21:00" 323 4 12 3 -1
"2003-11-19 21:22:00" 323 3 11 3 -1
"2003-11-19 21:23:00" 323 3 12 3 0
"2003-11-19 21:24:00" 323 3 12 3 0
"2003-11-19 21:25:00" 323 3 12 3 0
"2003-11-19 21:26:00" 323 3 12 3 0
"2003-11-19 21:27:00" 323 3 12 3 0
"2003-11-19 21:28:00" 323 3 11 3 1
"2003-11-19 21:29:00" 323 3 11 3 1
"2003-11-19 21:30:00" 323 3 11 3 1
"2003-11-19 21:31:00" 323 4 11 2 1
"2003-11-19 21:32:00" 323 3 11 3 0
"2003-11-19 21:33:00" 323 3 11 3 0
"2003-11-19 21:34:00" 323 3 11 3 0
"2003-11-19 21:35:00" 323 4 11 2 0
"2003-11-19 21:36:00" 323 4 11 2 1
"2003-11-19 21:37:00" 323 3 11 2 0
"2003-11-19 21:38:00" 323 3 12 3 1
"2003-11-19 21:39:00" 323 3 11 3 0
"2003-11-19 21:40:00" 323 3 11 3 0
"2003-11-19 21:41:00" 323 3 11 3 0
"2003-11-19 21:42:00" 323 3 11 3 0
"2003-11-19 21:43:00" 323 3 10 3 0
"2003-11-19 21:44:00" 323 3 10 3 0
"2003-11-19 21:45:00" 323 4 11 2 1
"2003-11-19 21:46:00" 323 3 10 2 1
"2003-11-19 21:47:00" 323 3 10 2 1
"2003-11-19 21:48:00" 323 3 10 2 1
"2003-11-19 21:49:00" 323 3 10 2 1
"2003-11-19 21:50:00" 323 3 10 2 1
"2003-11-19 21:51:00" 323 3 9 3 2
"2003-11-19 21:52:00" 323 3 9 2 2
"2003-11-19 21:53:00" 323 3 9 2 2
"2003-11-19 21:54:00" 323 3 10 2 2
"2003-11-19 21:55:00" 323 2 9 2 3
"2003-11-19 21:56:00" 323 2 10 2 2
"2003-11-19 21:57:00" 323 2 10 2 2
"2003-11-19 21:58:00" 323 3 10 2 2
"2003-11-19 21:59:00" 323 2 9 2 2
"2003-11-19 22:00:00" 323 2 9 2 1
"2003-11-19 22:01:00" 323 2 8 2 1
"2003-11-19 22:02:00" 323 2 8 2 1
"2003-11-19 22:03:00" 323 2 9 2 0
"2003-11-19 22:04:00" 323 3 9 2 1
"2003-11-19 22:05:00" 323 3 9 2 1
"2003-11-19 22:06:00" 323 3 8 2 1
"2003-11-19 22:07:00" 323 2 9 2 2
"2003-11-19 22:08:00" 323 2 9 2 3
"2003-11-19 22:09:00" 323 2 8 2 3
"2003-11-19 22:10:00" 323 2 8 2 3
"2003-11-19 22:11:00" 323 3 8 2 3
"2003-11-19 22:12:00" 323 3 8 2 2
"2003-11-19 22:13:00" 323 3 7 2 2
"2003-11-19 22:14:00" 323 3 7 2 2
"2003-11-19 22:15:00" 323 3 7 2 2
"2003-11-19 22:16:00" 323 2 7 2 2
"2003-11-19 22:17:00" 323 2 7 2 2
"2003-11-19 22:18:00" 323 2 8 2 2
"2003-11-19 22:19:00" 323 2 8 2 3
"2003-11-19 22:20:00" 323 2 8 2 3
"2003-11-19 22:21:00" 323 3 8 2 2
"2003-11-19 22:22:00" 323 3 8 2 2
"2003-11-19 22:23:00" 323 2 8 2 2
"2003-11-19 22:24:00" 323 3 8 2 1
"2003-11-19 22:25:00" 323 3 8 2 1
"2003-11-19 22:26:00" 323 2 7 2 1
"2003-11-19 22:27:00" 323 2 8 2 1
"2003-11-19 22:28:00" 323 2 9 2 1
"2003-11-19 22:29:00" 323 2 9 2 1
"2003-11-19 22:30:00" 323 2 9 2 1
"2003-11-19 22:31:00" 323 2 9 2 1
"2003-11-19 22:32:00" 323 3 9 2 1
"2003-11-19 22:33:00" 323 3 9 1 0
"2003-11-19 22:34:00" 323 2 9 2 0
"2003-11-19 22:35:00" 323 2 9 1 0
"2003-11-19 22:36:00" 323 3 9 1 0
"2003-11-19 22:37:00" 323 3 9 1 0
"2003-11-19 22:38:00" 323 3 10 1 0
"2003-11-19 22:39:00" 323 2 10 1 0
"2003-11-19 22:40:00" 323 2 10 1 0
"2003-11-19 22:41:00" 323 3 10 1 0
"2003-11-19 22:42:00" 323 2 9 1 0
"2003-11-19 22:43:00" 323 3 9 1 0
"2003-11-19 22:44:00" 323 2 9 1 0
"2003-11-19 22:45:00" 323 2 9 1 0
"2003-11-19 22:46:00" 323 2 10 1 0
"2003-11-19 22:47:00" 323 3 10 1 0
"2003-11-19 22:48:00" 323 3 10 1 0
"2003-11-19 22:49:00" 323 2 10 1 0
"2003-11-19 22:50:00" 323 3 10 1 1
"2003-11-19 22:51:00" 323 3 10 1 1
"2003-11-19 22:52:00" 323 3 10 1 0
"2003-11-19 22:53:00" 323 3 10 1 0
"2003-11-19 22:54:00" 323 3 9 1 1
"2003-11-19 22:55:00" 323 3 10 1 1
"2003-11-19 22:56:00" 323 3 10 1 1
"2003-11-19 22:57:00" 323 4 10 1 1
"2003-11-19 22:58:00" 323 4 10 1 1
"2003-11-19 22:59:00" 323 4 10 1 1
"2003-11-19 23:00:00" 323 4 11 1 1
"2003-11-19 23:01:00" 323 5 11 1 1
"2003-11-19 23:02:00" 323 4 9 0 1
"2003-11-19 23:03:00" 323 4 9 1 1
"2003-11-19 23:04:00" 323 4 10 1 1
"2003-11-19 23:05:00" 323 4 10 1 1
"2003-11-19 23:06:00" 323 3 10 0 1
"2003-11-19 23:07:00" 323 3 10 1 1
"2003-11-19 23:08:00" 323 3 9 0 0
"2003-11-19 23:09:00" 323 4 10 1 1
"2003-11-19 23:10:00" 323 4 10 1 1
"2003-11-19 23:11:00" 323 4 10 1 1
"2003-11-19 23:12:00" 323 4 10 1 1
"2003-11-19 23:13:00" 323 4 10 1 1
"2003-11-19 23:14:00" 323 4 11 1 1
"2003-11-19 23:15:00" 323 3 8 1 1
"2003-11-19 23:16:00" 323 4 10 0 0
"2003-11-19 23:17:00" 323 4 10 0 0
"2003-11-19 23:18:00" 323 4 10 0 0
"2003-11-19 23:19:00" 323 4 9 0 1
"2003-11-19 23:20:00" 323 4 10 0 1
"2003-11-19 23:21:00" 323 4 10 0 0
"2003-11-19 23:22:00" 323 3 9 0 0
"2003-11-19 23:23:00" 323 3 10 0 0
"2003-11-19 23:24:00" 323 3 10 0 0
"2003-11-19 23:25:00" 323 3 10 0 0
"2003-11-19 23:26:00" 323 3 10 0 0
"2003-11-19 23:27:00" 323 4 10 0 -1
"2003-11-19 23:28:00" 323 3 11 0 -1
"2003-11-19 23:29:00" 323 3 11 0 -1
"2003-11-19 23:30:00" 323 4 10 0 -2
"2003-11-19 23:31:00" 323 3 10 0 -2
"2003-11-19 23:32:00" 323 3 10 0 -2
"2003-11-19 23:33:00" 323 2 11 0 -2
"2003-11-19 23:34:00" 323 3 11 0 -2
"2003-11-19 23:35:00" 323 3 11 0 -3
"2003-11-19 23:36:00" 323 4 11 -1 -3
"2003-11-19 23:37:00" 323 4 12 -1 -3
"2003-11-19 23:38:00" 323 4 12 -1 -3
"2003-11-19 23:39:00" 323 5 12 0 -2
"2003-11-19 23:40:00" 323 6 12 0 -2
"2003-11-19 23:41:00" 323 6 12 0 -2
"2003-11-19 23:42:00" 323 6 11 0 -2
"2003-11-19 23:43:00" 323 7 12 0 -2
"2003-11-19 23:44:00" 323 7 11 0 -1
"2003-11-19 23:45:00" 323 7 10 0 -1
"2003-11-19 23:46:00" 323 8 10 0 -1
"2003-11-19 23:47:00" 323 8 11 0 -1
"2003-11-19 23:48:00" 323 8 12 0 0
"2003-11-19 23:49:00" 323 9 11 0 1
"2003-11-19 23:50:00" 323 9 11 0 1
"2003-11-19 23:51:00" 323 9 11 0 2
"2003-11-19 23:52:00" 323 9 10 0 3
"2003-11-19 23:53:00" 323 9 11 0 4
"2003-11-19 23:54:00" 323 12 10 0 4
"2003-11-19 23:55:00" 323 15 11 1 3
"2003-11-19 23:56:00" 323 15 11 1 3
"2003-11-19 23:57:00" 323 11 10 1 2
"2003-11-19 23:58:00" 323 7 10 0 2
"2003-11-19 23:59:00" 323 6 11 0 2
