index DOY ASY-D ASY-H SYM-D SYM-H
"2003-11-23 00:00:00" 327 27 38 -6 -78
"2003-11-23 00:01:00" 327 27 37 -6 -78
"2003-11-23 00:02:00" 327 26 38 -6 -78
"2003-11-23 00:03:00" 327 26 36 -6 -77
"2003-11-23 00:04:00" 327 24 36 -5 -78
"2003-11-23 00:05:00" 327 24 35 -6 -78
"2003-11-23 00:06:00" 327 25 34 -6 -77
"2003-11-23 00:07:00" 327 23 35 -6 -77
"2003-11-23 00:08:00" 327 24 35 -6 -77
"2003-11-23 00:09:00" 327 25 35 -6 -77
"2003-11-23 00:10:00" 327 24 35 -6 -77
"2003-11-23 00:11:00" 327 24 34 -6 -77
"2003-11-23 00:12:00" 327 25 33 -5 -77
"2003-11-23 00:13:00" 327 25 33 -5 -77
"2003-11-23 00:14:00" 327 24 33 -5 -77
"2003-11-23 00:15:00" 327 24 33 -5 -77
"2003-11-23 00:16:00" 327 24 33 -5 -77
"2003-11-23 00:17:00" 327 24 33 -5 -76
"2003-11-23 00:18:00" 327 24 33 -5 -76
"2003-11-23 00:19:00" 327 24 33 -4 -76
"2003-11-23 00:20:00" 327 24 33 -4 -76
"2003-11-23 00:21:00" 327 24 34 -4 -76
"2003-11-23 00:22:00" 327 23 34 -4 -75
"2003-11-23 00:23:00" 327 24 35 -4 -75
"2003-11-23 00:24:00" 327 24 36 -4 -74
"2003-11-23 00:25:00" 327 22 37 -3 -74
"2003-11-23 00:26:00" 327 22 37 -3 -74
"2003-11-23 00:27:00" 327 22 37 -3 -74
"2003-11-23 00:28:00" 327 22 37 -3 -74
"2003-11-23 00:29:00" 327 22 36 -3 -73
"2003-11-23 00:30:00" 327 21 36 -3 -73
"2003-11-23 00:31:00" 327 20 36 -3 -73
"2003-11-23 00:32:00" 327 20 37 -2 -73
"2003-11-23 00:33:00" 327 20 37 -2 -72
"2003-11-23 00:34:00" 327 20 37 -2 -72
"2003-11-23 00:35:00" 327 20 37 -2 -72
"2003-11-23 00:36:00" 327 20 37 -2 -71
"2003-11-23 00:37:00" 327 20 38 -2 -71
"2003-11-23 00:38:00" 327 19 36 -2 -71
"2003-11-23 00:39:00" 327 19 37 -2 -70
"2003-11-23 00:40:00" 327 20 37 -2 -70
"2003-11-23 00:41:00" 327 20 38 -2 -70
"2003-11-23 00:42:00" 327 20 38 -2 -70
"2003-11-23 00:43:00" 327 19 39 -2 -69
"2003-11-23 00:44:00" 327 19 38 -2 -69
"2003-11-23 00:45:00" 327 19 38 -2 -69
"2003-11-23 00:46:00" 327 18 37 -2 -68
"2003-11-23 00:47:00" 327 18 36 -2 -68
"2003-11-23 00:48:00" 327 16 37 -2 -67
"2003-11-23 00:49:00" 327 15 37 -1 -67
"2003-11-23 00:50:00" 327 13 37 -1 -66
"2003-11-23 00:51:00" 327 13 36 -1 -66
"2003-11-23 00:52:00" 327 13 36 -2 -66
"2003-11-23 00:53:00" 327 14 35 -2 -66
"2003-11-23 00:54:00" 327 15 34 -2 -66
"2003-11-23 00:55:00" 327 14 35 -2 -65
"2003-11-23 00:56:00" 327 14 34 -2 -65
"2003-11-23 00:57:00" 327 13 34 -2 -66
"2003-11-23 00:58:00" 327 13 34 -2 -66
"2003-11-23 00:59:00" 327 13 34 -2 -66
"2003-11-23 01:00:00" 327 14 33 -2 -66
"2003-11-23 01:01:00" 327 14 33 -2 -66
"2003-11-23 01:02:00" 327 15 32 -2 -66
"2003-11-23 01:03:00" 327 15 32 -2 -66
"2003-11-23 01:04:00" 327 16 32 -2 -65
"2003-11-23 01:05:00" 327 16 32 -3 -65
"2003-11-23 01:06:00" 327 16 33 -3 -65
"2003-11-23 01:07:00" 327 15 32 -2 -65
"2003-11-23 01:08:00" 327 14 33 -2 -64
"2003-11-23 01:09:00" 327 14 33 -2 -64
"2003-11-23 01:10:00" 327 13 32 -2 -64
"2003-11-23 01:11:00" 327 12 31 -2 -64
"2003-11-23 01:12:00" 327 12 31 -2 -64
"2003-11-23 01:13:00" 327 13 31 -2 -64
"2003-11-23 01:14:00" 327 13 32 -2 -64
"2003-11-23 01:15:00" 327 14 31 -2 -64
"2003-11-23 01:16:00" 327 13 31 -2 -64
"2003-11-23 01:17:00" 327 14 31 -2 -63
"2003-11-23 01:18:00" 327 15 31 -2 -63
"2003-11-23 01:19:00" 327 14 32 -2 -63
"2003-11-23 01:20:00" 327 14 31 -2 -63
"2003-11-23 01:21:00" 327 13 31 -2 -63
"2003-11-23 01:22:00" 327 13 31 -2 -63
"2003-11-23 01:23:00" 327 14 31 -2 -63
"2003-11-23 01:24:00" 327 12 30 -2 -62
"2003-11-23 01:25:00" 327 13 30 -2 -62
"2003-11-23 01:26:00" 327 13 30 -2 -62
"2003-11-23 01:27:00" 327 13 29 -3 -62
"2003-11-23 01:28:00" 327 13 30 -3 -62
"2003-11-23 01:29:00" 327 14 30 -3 -62
"2003-11-23 01:30:00" 327 15 28 -3 -62
"2003-11-23 01:31:00" 327 16 28 -3 -62
"2003-11-23 01:32:00" 327 16 28 -3 -62
"2003-11-23 01:33:00" 327 15 28 -3 -62
"2003-11-23 01:34:00" 327 14 27 -3 -62
"2003-11-23 01:35:00" 327 14 27 -3 -61
"2003-11-23 01:36:00" 327 14 27 -3 -61
"2003-11-23 01:37:00" 327 13 26 -3 -61
"2003-11-23 01:38:00" 327 12 27 -3 -60
"2003-11-23 01:39:00" 327 13 26 -3 -60
"2003-11-23 01:40:00" 327 12 26 -3 -60
"2003-11-23 01:41:00" 327 12 27 -3 -60
"2003-11-23 01:42:00" 327 12 26 -2 -60
"2003-11-23 01:43:00" 327 12 26 -2 -60
"2003-11-23 01:44:00" 327 12 26 -3 -60
"2003-11-23 01:45:00" 327 13 26 -3 -60
"2003-11-23 01:46:00" 327 13 26 -3 -59
"2003-11-23 01:47:00" 327 13 26 -3 -59
"2003-11-23 01:48:00" 327 13 27 -2 -59
"2003-11-23 01:49:00" 327 12 28 -2 -58
"2003-11-23 01:50:00" 327 12 28 -2 -58
"2003-11-23 01:51:00" 327 10 27 -2 -58
"2003-11-23 01:52:00" 327 9 27 -2 -58
"2003-11-23 01:53:00" 327 10 28 -2 -58
"2003-11-23 01:54:00" 327 11 26 -2 -58
"2003-11-23 01:55:00" 327 14 26 -2 -58
"2003-11-23 01:56:00" 327 16 26 -3 -57
"2003-11-23 01:57:00" 327 16 26 -2 -56
"2003-11-23 01:58:00" 327 15 27 -3 -56
"2003-11-23 01:59:00" 327 16 28 -3 -56
"2003-11-23 02:00:00" 327 14 26 -3 -56
"2003-11-23 02:01:00" 327 13 27 -2 -55
"2003-11-23 02:02:00" 327 14 27 -2 -55
"2003-11-23 02:03:00" 327 13 26 -2 -55
"2003-11-23 02:04:00" 327 13 26 -2 -55
"2003-11-23 02:05:00" 327 15 26 -2 -55
"2003-11-23 02:06:00" 327 15 26 -2 -55
"2003-11-23 02:07:00" 327 17 25 -2 -55
"2003-11-23 02:08:00" 327 16 25 -3 -55
"2003-11-23 02:09:00" 327 17 25 -3 -55
"2003-11-23 02:10:00" 327 17 25 -3 -55
"2003-11-23 02:11:00" 327 17 23 -3 -55
"2003-11-23 02:12:00" 327 15 24 -3 -56
"2003-11-23 02:13:00" 327 16 23 -3 -56
"2003-11-23 02:14:00" 327 17 23 -3 -56
"2003-11-23 02:15:00" 327 18 23 -3 -56
"2003-11-23 02:16:00" 327 19 23 -3 -57
"2003-11-23 02:17:00" 327 18 24 -3 -57
"2003-11-23 02:18:00" 327 20 23 -3 -57
"2003-11-23 02:19:00" 327 19 23 -3 -57
"2003-11-23 02:20:00" 327 19 23 -3 -57
"2003-11-23 02:21:00" 327 18 23 -4 -58
"2003-11-23 02:22:00" 327 17 22 -3 -58
"2003-11-23 02:23:00" 327 17 22 -3 -59
"2003-11-23 02:24:00" 327 16 22 -4 -59
"2003-11-23 02:25:00" 327 17 22 -4 -60
"2003-11-23 02:26:00" 327 18 22 -4 -60
"2003-11-23 02:27:00" 327 18 21 -4 -61
"2003-11-23 02:28:00" 327 17 22 -4 -61
"2003-11-23 02:29:00" 327 16 22 -4 -62
"2003-11-23 02:30:00" 327 16 21 -4 -63
"2003-11-23 02:31:00" 327 16 19 -4 -63
"2003-11-23 02:32:00" 327 14 20 -4 -64
"2003-11-23 02:33:00" 327 12 19 -4 -64
"2003-11-23 02:34:00" 327 11 21 -4 -65
"2003-11-23 02:35:00" 327 11 19 -4 -65
"2003-11-23 02:36:00" 327 11 18 -4 -65
"2003-11-23 02:37:00" 327 10 19 -3 -65
"2003-11-23 02:38:00" 327 11 19 -4 -65
"2003-11-23 02:39:00" 327 11 20 -3 -65
"2003-11-23 02:40:00" 327 11 20 -4 -65
"2003-11-23 02:41:00" 327 11 20 -4 -65
"2003-11-23 02:42:00" 327 11 21 -4 -65
"2003-11-23 02:43:00" 327 11 21 -4 -65
"2003-11-23 02:44:00" 327 11 21 -3 -65
"2003-11-23 02:45:00" 327 11 21 -4 -65
"2003-11-23 02:46:00" 327 11 21 -4 -65
"2003-11-23 02:47:00" 327 10 21 -4 -65
"2003-11-23 02:48:00" 327 10 21 -4 -66
"2003-11-23 02:49:00" 327 10 21 -4 -65
"2003-11-23 02:50:00" 327 10 20 -4 -66
"2003-11-23 02:51:00" 327 10 20 -4 -65
"2003-11-23 02:52:00" 327 9 22 -3 -66
"2003-11-23 02:53:00" 327 8 22 -3 -66
"2003-11-23 02:54:00" 327 9 23 -3 -66
"2003-11-23 02:55:00" 327 9 23 -3 -66
"2003-11-23 02:56:00" 327 9 23 -3 -66
"2003-11-23 02:57:00" 327 9 24 -3 -66
"2003-11-23 02:58:00" 327 9 24 -3 -66
"2003-11-23 02:59:00" 327 9 27 -3 -66
"2003-11-23 03:00:00" 327 9 28 -3 -66
"2003-11-23 03:01:00" 327 10 30 -3 -66
"2003-11-23 03:02:00" 327 12 31 -2 -66
"2003-11-23 03:03:00" 327 13 32 -2 -66
"2003-11-23 03:04:00" 327 12 33 -2 -67
"2003-11-23 03:05:00" 327 12 34 -2 -67
"2003-11-23 03:06:00" 327 13 34 -2 -67
"2003-11-23 03:07:00" 327 12 35 -2 -67
"2003-11-23 03:08:00" 327 13 37 -2 -66
"2003-11-23 03:09:00" 327 13 38 -2 -67
"2003-11-23 03:10:00" 327 11 40 -2 -67
"2003-11-23 03:11:00" 327 11 41 -2 -68
"2003-11-23 03:12:00" 327 12 39 -3 -68
"2003-11-23 03:13:00" 327 13 38 -3 -69
"2003-11-23 03:14:00" 327 14 38 -3 -70
"2003-11-23 03:15:00" 327 15 38 -3 -70
"2003-11-23 03:16:00" 327 14 37 -3 -70
"2003-11-23 03:17:00" 327 15 37 -3 -71
"2003-11-23 03:18:00" 327 16 38 -2 -71
"2003-11-23 03:19:00" 327 17 38 -2 -71
"2003-11-23 03:20:00" 327 17 38 -2 -71
"2003-11-23 03:21:00" 327 17 37 -2 -70
"2003-11-23 03:22:00" 327 16 40 -1 -70
"2003-11-23 03:23:00" 327 15 40 -1 -70
"2003-11-23 03:24:00" 327 14 41 -1 -70
"2003-11-23 03:25:00" 327 16 40 -2 -70
"2003-11-23 03:26:00" 327 16 41 -1 -70
"2003-11-23 03:27:00" 327 16 41 -1 -70
"2003-11-23 03:28:00" 327 16 41 -1 -71
"2003-11-23 03:29:00" 327 15 41 -1 -71
"2003-11-23 03:30:00" 327 15 43 -1 -71
"2003-11-23 03:31:00" 327 16 43 -1 -70
"2003-11-23 03:32:00" 327 16 43 -1 -70
"2003-11-23 03:33:00" 327 16 43 -1 -70
"2003-11-23 03:34:00" 327 16 43 0 -70
"2003-11-23 03:35:00" 327 16 43 0 -70
"2003-11-23 03:36:00" 327 16 43 0 -70
"2003-11-23 03:37:00" 327 16 43 0 -69
"2003-11-23 03:38:00" 327 17 42 0 -69
"2003-11-23 03:39:00" 327 16 42 0 -69
"2003-11-23 03:40:00" 327 15 40 0 -69
"2003-11-23 03:41:00" 327 15 41 0 -69
"2003-11-23 03:42:00" 327 15 41 -1 -69
"2003-11-23 03:43:00" 327 13 41 -1 -68
"2003-11-23 03:44:00" 327 13 39 -1 -68
"2003-11-23 03:45:00" 327 13 39 -1 -67
"2003-11-23 03:46:00" 327 12 38 -1 -67
"2003-11-23 03:47:00" 327 11 38 -1 -67
"2003-11-23 03:48:00" 327 10 39 -2 -67
"2003-11-23 03:49:00" 327 9 38 -2 -67
"2003-11-23 03:50:00" 327 8 38 -2 -67
"2003-11-23 03:51:00" 327 8 38 -2 -66
"2003-11-23 03:52:00" 327 8 38 -2 -66
"2003-11-23 03:53:00" 327 8 37 -3 -67
"2003-11-23 03:54:00" 327 9 36 -3 -66
"2003-11-23 03:55:00" 327 10 35 -3 -66
"2003-11-23 03:56:00" 327 10 34 -3 -66
"2003-11-23 03:57:00" 327 10 34 -3 -66
"2003-11-23 03:58:00" 327 11 35 -3 -66
"2003-11-23 03:59:00" 327 11 34 -3 -66
"2003-11-23 04:00:00" 327 11 32 -4 -66
"2003-11-23 04:01:00" 327 10 31 -4 -65
"2003-11-23 04:02:00" 327 9 30 -4 -66
"2003-11-23 04:03:00" 327 8 29 -4 -65
"2003-11-23 04:04:00" 327 8 28 -4 -65
"2003-11-23 04:05:00" 327 6 27 -4 -65
"2003-11-23 04:06:00" 327 6 27 -4 -66
"2003-11-23 04:07:00" 327 5 27 -3 -66
"2003-11-23 04:08:00" 327 5 28 -4 -66
"2003-11-23 04:09:00" 327 5 28 -3 -66
"2003-11-23 04:10:00" 327 5 29 -3 -66
"2003-11-23 04:11:00" 327 7 30 -3 -65
"2003-11-23 04:12:00" 327 8 30 -3 -65
"2003-11-23 04:13:00" 327 8 30 -3 -65
"2003-11-23 04:14:00" 327 10 31 -2 -65
"2003-11-23 04:15:00" 327 12 32 -2 -65
"2003-11-23 04:16:00" 327 13 32 -1 -65
"2003-11-23 04:17:00" 327 13 33 -2 -66
"2003-11-23 04:18:00" 327 13 33 -2 -65
"2003-11-23 04:19:00" 327 13 33 -2 -65
"2003-11-23 04:20:00" 327 14 34 -1 -65
"2003-11-23 04:21:00" 327 14 34 -1 -65
"2003-11-23 04:22:00" 327 15 36 0 -65
"2003-11-23 04:23:00" 327 15 37 0 -65
"2003-11-23 04:24:00" 327 16 37 0 -65
"2003-11-23 04:25:00" 327 16 37 0 -65
"2003-11-23 04:26:00" 327 16 37 0 -65
"2003-11-23 04:27:00" 327 17 38 0 -64
"2003-11-23 04:28:00" 327 17 39 0 -65
"2003-11-23 04:29:00" 327 17 39 0 -65
"2003-11-23 04:30:00" 327 17 38 0 -65
"2003-11-23 04:31:00" 327 17 38 0 -66
"2003-11-23 04:32:00" 327 18 38 1 -66
"2003-11-23 04:33:00" 327 18 39 1 -67
"2003-11-23 04:34:00" 327 19 39 1 -67
"2003-11-23 04:35:00" 327 19 39 1 -67
"2003-11-23 04:36:00" 327 19 40 1 -67
"2003-11-23 04:37:00" 327 19 41 2 -68
"2003-11-23 04:38:00" 327 19 40 2 -68
"2003-11-23 04:39:00" 327 19 39 2 -69
"2003-11-23 04:40:00" 327 19 38 1 -69
"2003-11-23 04:41:00" 327 18 37 1 -69
"2003-11-23 04:42:00" 327 18 38 1 -70
"2003-11-23 04:43:00" 327 17 37 1 -70
"2003-11-23 04:44:00" 327 17 37 1 -70
"2003-11-23 04:45:00" 327 17 37 1 -70
"2003-11-23 04:46:00" 327 16 37 1 -71
"2003-11-23 04:47:00" 327 16 36 1 -71
"2003-11-23 04:48:00" 327 17 37 1 -71
"2003-11-23 04:49:00" 327 16 36 1 -72
"2003-11-23 04:50:00" 327 16 35 1 -72
"2003-11-23 04:51:00" 327 16 35 1 -72
"2003-11-23 04:52:00" 327 16 35 1 -73
"2003-11-23 04:53:00" 327 16 35 1 -73
"2003-11-23 04:54:00" 327 16 34 2 -74
"2003-11-23 04:55:00" 327 16 33 1 -74
"2003-11-23 04:56:00" 327 17 32 1 -74
"2003-11-23 04:57:00" 327 17 31 2 -75
"2003-11-23 04:58:00" 327 18 32 1 -75
"2003-11-23 04:59:00" 327 18 32 2 -75
"2003-11-23 05:00:00" 327 17 31 1 -74
"2003-11-23 05:01:00" 327 17 31 1 -75
"2003-11-23 05:02:00" 327 17 32 1 -75
"2003-11-23 05:03:00" 327 17 31 1 -75
"2003-11-23 05:04:00" 327 17 30 1 -76
"2003-11-23 05:05:00" 327 17 32 1 -76
"2003-11-23 05:06:00" 327 17 32 1 -76
"2003-11-23 05:07:00" 327 16 32 1 -76
"2003-11-23 05:08:00" 327 17 31 1 -76
"2003-11-23 05:09:00" 327 20 34 2 -75
"2003-11-23 05:10:00" 327 23 35 3 -74
"2003-11-23 05:11:00" 327 25 33 4 -74
"2003-11-23 05:12:00" 327 27 35 4 -74
"2003-11-23 05:13:00" 327 30 37 5 -73
"2003-11-23 05:14:00" 327 32 38 6 -73
"2003-11-23 05:15:00" 327 34 42 6 -73
"2003-11-23 05:16:00" 327 37 46 7 -72
"2003-11-23 05:17:00" 327 42 53 9 -72
"2003-11-23 05:18:00" 327 45 57 9 -71
"2003-11-23 05:19:00" 327 47 63 10 -70
"2003-11-23 05:20:00" 327 47 66 10 -70
"2003-11-23 05:21:00" 327 45 69 10 -70
"2003-11-23 05:22:00" 327 43 72 10 -69
"2003-11-23 05:23:00" 327 40 70 10 -68
"2003-11-23 05:24:00" 327 38 69 9 -68
"2003-11-23 05:25:00" 327 39 71 9 -68
"2003-11-23 05:26:00" 327 41 71 9 -67
"2003-11-23 05:27:00" 327 42 68 8 -67
"2003-11-23 05:28:00" 327 43 67 8 -67
"2003-11-23 05:29:00" 327 44 68 8 -67
"2003-11-23 05:30:00" 327 44 67 8 -66
"2003-11-23 05:31:00" 327 43 65 8 -66
"2003-11-23 05:32:00" 327 42 62 7 -66
"2003-11-23 05:33:00" 327 41 58 7 -66
"2003-11-23 05:34:00" 327 39 57 6 -65
"2003-11-23 05:35:00" 327 38 55 6 -65
"2003-11-23 05:36:00" 327 37 52 5 -65
"2003-11-23 05:37:00" 327 38 51 5 -65
"2003-11-23 05:38:00" 327 39 52 5 -64
"2003-11-23 05:39:00" 327 39 53 5 -64
"2003-11-23 05:40:00" 327 39 53 6 -63
"2003-11-23 05:41:00" 327 40 54 6 -63
"2003-11-23 05:42:00" 327 40 55 6 -63
"2003-11-23 05:43:00" 327 41 56 6 -63
"2003-11-23 05:44:00" 327 40 57 6 -62
"2003-11-23 05:45:00" 327 41 56 6 -62
"2003-11-23 05:46:00" 327 41 57 6 -62
"2003-11-23 05:47:00" 327 40 58 6 -61
"2003-11-23 05:48:00" 327 38 58 6 -61
"2003-11-23 05:49:00" 327 37 55 5 -61
"2003-11-23 05:50:00" 327 36 53 5 -61
"2003-11-23 05:51:00" 327 35 53 5 -61
"2003-11-23 05:52:00" 327 33 53 5 -62
"2003-11-23 05:53:00" 327 32 52 5 -62
"2003-11-23 05:54:00" 327 32 53 4 -61
"2003-11-23 05:55:00" 327 32 53 4 -61
"2003-11-23 05:56:00" 327 32 53 4 -60
"2003-11-23 05:57:00" 327 32 53 4 -60
"2003-11-23 05:58:00" 327 32 53 4 -59
"2003-11-23 05:59:00" 327 32 53 3 -58
"2003-11-23 06:00:00" 327 31 51 3 -59
"2003-11-23 06:01:00" 327 31 50 3 -59
"2003-11-23 06:02:00" 327 31 50 3 -59
"2003-11-23 06:03:00" 327 30 49 3 -59
"2003-11-23 06:04:00" 327 31 48 3 -59
"2003-11-23 06:05:00" 327 30 48 4 -59
"2003-11-23 06:06:00" 327 30 48 4 -60
"2003-11-23 06:07:00" 327 30 48 4 -60
"2003-11-23 06:08:00" 327 29 48 5 -60
"2003-11-23 06:09:00" 327 29 46 5 -60
"2003-11-23 06:10:00" 327 29 46 5 -60
"2003-11-23 06:11:00" 327 29 46 5 -60
"2003-11-23 06:12:00" 327 29 47 5 -60
"2003-11-23 06:13:00" 327 30 47 5 -59
"2003-11-23 06:14:00" 327 29 47 5 -59
"2003-11-23 06:15:00" 327 29 46 5 -58
"2003-11-23 06:16:00" 327 28 45 5 -58
"2003-11-23 06:17:00" 327 27 45 5 -58
"2003-11-23 06:18:00" 327 27 44 5 -58
"2003-11-23 06:19:00" 327 27 44 5 -58
"2003-11-23 06:20:00" 327 26 45 5 -57
"2003-11-23 06:21:00" 327 25 45 5 -57
"2003-11-23 06:22:00" 327 24 46 5 -57
"2003-11-23 06:23:00" 327 24 45 5 -56
"2003-11-23 06:24:00" 327 24 46 5 -55
"2003-11-23 06:25:00" 327 24 47 5 -55
"2003-11-23 06:26:00" 327 25 47 5 -55
"2003-11-23 06:27:00" 327 25 49 5 -55
"2003-11-23 06:28:00" 327 25 49 5 -54
"2003-11-23 06:29:00" 327 26 49 5 -54
"2003-11-23 06:30:00" 327 27 48 5 -53
"2003-11-23 06:31:00" 327 27 47 5 -53
"2003-11-23 06:32:00" 327 27 47 4 -53
"2003-11-23 06:33:00" 327 28 45 4 -54
"2003-11-23 06:34:00" 327 28 44 4 -54
"2003-11-23 06:35:00" 327 28 43 4 -55
"2003-11-23 06:36:00" 327 28 42 4 -55
"2003-11-23 06:37:00" 327 26 42 4 -55
"2003-11-23 06:38:00" 327 25 43 4 -55
"2003-11-23 06:39:00" 327 25 43 4 -55
"2003-11-23 06:40:00" 327 22 42 4 -55
"2003-11-23 06:41:00" 327 21 43 3 -55
"2003-11-23 06:42:00" 327 21 44 3 -55
"2003-11-23 06:43:00" 327 20 44 3 -55
"2003-11-23 06:44:00" 327 19 45 4 -56
"2003-11-23 06:45:00" 327 20 46 4 -57
"2003-11-23 06:46:00" 327 21 46 4 -57
"2003-11-23 06:47:00" 327 22 45 4 -57
"2003-11-23 06:48:00" 327 23 46 5 -58
"2003-11-23 06:49:00" 327 23 47 5 -59
"2003-11-23 06:50:00" 327 23 47 5 -59
"2003-11-23 06:51:00" 327 23 48 6 -59
"2003-11-23 06:52:00" 327 23 47 5 -60
"2003-11-23 06:53:00" 327 23 48 6 -61
"2003-11-23 06:54:00" 327 24 49 6 -62
"2003-11-23 06:55:00" 327 24 49 7 -63
"2003-11-23 06:56:00" 327 24 50 7 -64
"2003-11-23 06:57:00" 327 25 50 7 -64
"2003-11-23 06:58:00" 327 25 50 7 -64
"2003-11-23 06:59:00" 327 25 51 8 -64
"2003-11-23 07:00:00" 327 26 51 8 -64
"2003-11-23 07:01:00" 327 26 51 8 -65
"2003-11-23 07:02:00" 327 27 49 8 -65
"2003-11-23 07:03:00" 327 28 47 8 -65
"2003-11-23 07:04:00" 327 27 45 7 -66
"2003-11-23 07:05:00" 327 27 44 7 -66
"2003-11-23 07:06:00" 327 27 43 7 -66
"2003-11-23 07:07:00" 327 27 42 7 -66
"2003-11-23 07:08:00" 327 27 42 7 -66
"2003-11-23 07:09:00" 327 27 42 7 -66
"2003-11-23 07:10:00" 327 27 39 7 -66
"2003-11-23 07:11:00" 327 28 38 7 -66
"2003-11-23 07:12:00" 327 29 37 7 -65
"2003-11-23 07:13:00" 327 30 36 6 -65
"2003-11-23 07:14:00" 327 31 35 6 -65
"2003-11-23 07:15:00" 327 31 34 6 -65
"2003-11-23 07:16:00" 327 31 34 6 -65
"2003-11-23 07:17:00" 327 31 33 6 -64
"2003-11-23 07:18:00" 327 31 33 6 -65
"2003-11-23 07:19:00" 327 31 34 6 -65
"2003-11-23 07:20:00" 327 32 34 6 -65
"2003-11-23 07:21:00" 327 32 34 6 -65
"2003-11-23 07:22:00" 327 32 33 6 -65
"2003-11-23 07:23:00" 327 32 33 6 -66
"2003-11-23 07:24:00" 327 33 33 6 -67
"2003-11-23 07:25:00" 327 33 33 6 -67
"2003-11-23 07:26:00" 327 32 34 6 -67
"2003-11-23 07:27:00" 327 33 34 6 -67
"2003-11-23 07:28:00" 327 32 34 6 -67
"2003-11-23 07:29:00" 327 32 35 6 -66
"2003-11-23 07:30:00" 327 32 35 6 -65
"2003-11-23 07:31:00" 327 33 34 6 -66
"2003-11-23 07:32:00" 327 33 34 6 -65
"2003-11-23 07:33:00" 327 33 34 6 -65
"2003-11-23 07:34:00" 327 34 34 6 -65
"2003-11-23 07:35:00" 327 34 34 6 -65
"2003-11-23 07:36:00" 327 33 35 6 -64
"2003-11-23 07:37:00" 327 34 34 6 -64
"2003-11-23 07:38:00" 327 33 35 6 -63
"2003-11-23 07:39:00" 327 32 35 6 -63
"2003-11-23 07:40:00" 327 32 36 6 -62
"2003-11-23 07:41:00" 327 31 35 6 -61
"2003-11-23 07:42:00" 327 30 35 6 -61
"2003-11-23 07:43:00" 327 29 36 5 -60
"2003-11-23 07:44:00" 327 29 36 5 -60
"2003-11-23 07:45:00" 327 28 36 5 -59
"2003-11-23 07:46:00" 327 27 36 5 -59
"2003-11-23 07:47:00" 327 26 36 5 -59
"2003-11-23 07:48:00" 327 26 37 5 -59
"2003-11-23 07:49:00" 327 27 37 5 -58
"2003-11-23 07:50:00" 327 27 35 5 -58
"2003-11-23 07:51:00" 327 26 34 5 -59
"2003-11-23 07:52:00" 327 27 34 5 -59
"2003-11-23 07:53:00" 327 26 34 4 -59
"2003-11-23 07:54:00" 327 25 35 4 -59
"2003-11-23 07:55:00" 327 24 36 3 -59
"2003-11-23 07:56:00" 327 23 36 3 -59
"2003-11-23 07:57:00" 327 23 36 3 -60
"2003-11-23 07:58:00" 327 23 36 3 -60
"2003-11-23 07:59:00" 327 23 38 4 -61
"2003-11-23 08:00:00" 327 24 38 4 -61
"2003-11-23 08:01:00" 327 25 38 4 -60
"2003-11-23 08:02:00" 327 26 38 4 -61
"2003-11-23 08:03:00" 327 27 38 3 -61
"2003-11-23 08:04:00" 327 28 38 4 -61
"2003-11-23 08:05:00" 327 28 38 3 -61
"2003-11-23 08:06:00" 327 29 38 4 -62
"2003-11-23 08:07:00" 327 29 38 3 -61
"2003-11-23 08:08:00" 327 29 39 3 -61
"2003-11-23 08:09:00" 327 29 39 4 -61
"2003-11-23 08:10:00" 327 29 38 4 -60
"2003-11-23 08:11:00" 327 29 38 3 -60
"2003-11-23 08:12:00" 327 28 38 3 -60
"2003-11-23 08:13:00" 327 29 38 3 -61
"2003-11-23 08:14:00" 327 29 37 3 -61
"2003-11-23 08:15:00" 327 29 37 3 -61
"2003-11-23 08:16:00" 327 29 37 3 -61
"2003-11-23 08:17:00" 327 29 37 3 -61
"2003-11-23 08:18:00" 327 30 36 3 -61
"2003-11-23 08:19:00" 327 30 36 3 -61
"2003-11-23 08:20:00" 327 31 37 3 -62
"2003-11-23 08:21:00" 327 31 37 3 -62
"2003-11-23 08:22:00" 327 31 38 3 -63
"2003-11-23 08:23:00" 327 33 38 4 -63
"2003-11-23 08:24:00" 327 33 39 3 -63
"2003-11-23 08:25:00" 327 32 38 4 -64
"2003-11-23 08:26:00" 327 33 38 4 -64
"2003-11-23 08:27:00" 327 34 37 4 -65
"2003-11-23 08:28:00" 327 34 37 4 -65
"2003-11-23 08:29:00" 327 33 39 4 -65
"2003-11-23 08:30:00" 327 32 38 4 -66
"2003-11-23 08:31:00" 327 31 38 4 -66
"2003-11-23 08:32:00" 327 31 38 4 -66
"2003-11-23 08:33:00" 327 30 37 4 -66
"2003-11-23 08:34:00" 327 30 36 5 -66
"2003-11-23 08:35:00" 327 29 35 5 -66
"2003-11-23 08:36:00" 327 29 35 4 -66
"2003-11-23 08:37:00" 327 28 35 4 -65
"2003-11-23 08:38:00" 327 28 35 4 -65
"2003-11-23 08:39:00" 327 28 35 4 -65
"2003-11-23 08:40:00" 327 28 36 4 -64
"2003-11-23 08:41:00" 327 28 36 3 -64
"2003-11-23 08:42:00" 327 27 37 3 -64
"2003-11-23 08:43:00" 327 27 36 3 -63
"2003-11-23 08:44:00" 327 26 37 4 -62
"2003-11-23 08:45:00" 327 25 37 4 -62
"2003-11-23 08:46:00" 327 23 36 4 -61
"2003-11-23 08:47:00" 327 22 34 4 -60
"2003-11-23 08:48:00" 327 22 32 3 -60
"2003-11-23 08:49:00" 327 21 31 4 -60
"2003-11-23 08:50:00" 327 21 30 3 -61
"2003-11-23 08:51:00" 327 21 31 3 -60
"2003-11-23 08:52:00" 327 20 30 3 -60
"2003-11-23 08:53:00" 327 21 30 3 -60
"2003-11-23 08:54:00" 327 20 30 3 -60
"2003-11-23 08:55:00" 327 21 30 3 -60
"2003-11-23 08:56:00" 327 21 30 3 -61
"2003-11-23 08:57:00" 327 21 31 3 -61
"2003-11-23 08:58:00" 327 21 30 3 -61
"2003-11-23 08:59:00" 327 21 29 3 -61
"2003-11-23 09:00:00" 327 21 29 3 -61
"2003-11-23 09:01:00" 327 20 28 3 -61
"2003-11-23 09:02:00" 327 20 28 3 -61
"2003-11-23 09:03:00" 327 20 28 3 -61
"2003-11-23 09:04:00" 327 21 28 3 -61
"2003-11-23 09:05:00" 327 21 28 3 -61
"2003-11-23 09:06:00" 327 22 28 3 -61
"2003-11-23 09:07:00" 327 23 28 3 -61
"2003-11-23 09:08:00" 327 22 28 3 -62
"2003-11-23 09:09:00" 327 22 27 3 -62
"2003-11-23 09:10:00" 327 22 27 3 -62
"2003-11-23 09:11:00" 327 22 27 3 -63
"2003-11-23 09:12:00" 327 22 26 3 -63
"2003-11-23 09:13:00" 327 21 24 3 -63
"2003-11-23 09:14:00" 327 21 23 3 -63
"2003-11-23 09:15:00" 327 21 22 3 -63
"2003-11-23 09:16:00" 327 21 22 3 -63
"2003-11-23 09:17:00" 327 21 21 3 -63
"2003-11-23 09:18:00" 327 21 22 3 -63
"2003-11-23 09:19:00" 327 21 22 3 -62
"2003-11-23 09:20:00" 327 21 23 3 -62
"2003-11-23 09:21:00" 327 20 23 3 -61
"2003-11-23 09:22:00" 327 20 23 3 -61
"2003-11-23 09:23:00" 327 21 22 3 -61
"2003-11-23 09:24:00" 327 21 21 3 -60
"2003-11-23 09:25:00" 327 21 20 3 -60
"2003-11-23 09:26:00" 327 22 19 3 -60
"2003-11-23 09:27:00" 327 21 18 2 -60
"2003-11-23 09:28:00" 327 21 17 3 -60
"2003-11-23 09:29:00" 327 20 16 2 -60
"2003-11-23 09:30:00" 327 19 17 3 -60
"2003-11-23 09:31:00" 327 19 18 2 -60
"2003-11-23 09:32:00" 327 19 18 2 -60
"2003-11-23 09:33:00" 327 18 18 2 -60
"2003-11-23 09:34:00" 327 17 18 2 -60
"2003-11-23 09:35:00" 327 16 18 2 -60
"2003-11-23 09:36:00" 327 16 18 2 -59
"2003-11-23 09:37:00" 327 16 20 3 -59
"2003-11-23 09:38:00" 327 16 20 2 -59
"2003-11-23 09:39:00" 327 17 20 2 -58
"2003-11-23 09:40:00" 327 17 19 2 -59
"2003-11-23 09:41:00" 327 17 20 3 -58
"2003-11-23 09:42:00" 327 18 21 2 -58
"2003-11-23 09:43:00" 327 17 22 2 -58
"2003-11-23 09:44:00" 327 18 21 2 -57
"2003-11-23 09:45:00" 327 18 21 2 -57
"2003-11-23 09:46:00" 327 18 22 2 -56
"2003-11-23 09:47:00" 327 17 21 1 -55
"2003-11-23 09:48:00" 327 17 20 2 -55
"2003-11-23 09:49:00" 327 17 19 2 -55
"2003-11-23 09:50:00" 327 18 20 2 -55
"2003-11-23 09:51:00" 327 18 20 2 -55
"2003-11-23 09:52:00" 327 18 21 2 -55
"2003-11-23 09:53:00" 327 18 22 2 -55
"2003-11-23 09:54:00" 327 17 23 2 -54
"2003-11-23 09:55:00" 327 15 23 2 -54
"2003-11-23 09:56:00" 327 14 24 1 -54
"2003-11-23 09:57:00" 327 14 23 1 -54
"2003-11-23 09:58:00" 327 14 24 1 -54
"2003-11-23 09:59:00" 327 14 24 1 -54
"2003-11-23 10:00:00" 327 14 24 1 -54
"2003-11-23 10:01:00" 327 14 24 1 -54
"2003-11-23 10:02:00" 327 13 24 1 -54
"2003-11-23 10:03:00" 327 14 25 1 -55
"2003-11-23 10:04:00" 327 14 27 1 -55
"2003-11-23 10:05:00" 327 14 27 1 -56
"2003-11-23 10:06:00" 327 14 27 1 -56
"2003-11-23 10:07:00" 327 14 27 1 -56
"2003-11-23 10:08:00" 327 13 27 1 -56
"2003-11-23 10:09:00" 327 13 27 1 -56
"2003-11-23 10:10:00" 327 13 27 1 -57
"2003-11-23 10:11:00" 327 13 27 1 -57
"2003-11-23 10:12:00" 327 14 28 0 -56
"2003-11-23 10:13:00" 327 13 27 1 -56
"2003-11-23 10:14:00" 327 13 27 0 -56
"2003-11-23 10:15:00" 327 13 26 1 -56
"2003-11-23 10:16:00" 327 13 26 0 -56
"2003-11-23 10:17:00" 327 13 24 0 -55
"2003-11-23 10:18:00" 327 12 21 0 -55
"2003-11-23 10:19:00" 327 13 20 0 -55
"2003-11-23 10:20:00" 327 14 19 0 -56
"2003-11-23 10:21:00" 327 14 20 1 -56
"2003-11-23 10:22:00" 327 15 21 1 -56
"2003-11-23 10:23:00" 327 15 21 0 -56
"2003-11-23 10:24:00" 327 14 22 0 -55
"2003-11-23 10:25:00" 327 14 20 0 -55
"2003-11-23 10:26:00" 327 14 20 0 -55
"2003-11-23 10:27:00" 327 13 20 0 -56
"2003-11-23 10:28:00" 327 13 21 0 -55
"2003-11-23 10:29:00" 327 12 21 0 -55
"2003-11-23 10:30:00" 327 12 21 0 -55
"2003-11-23 10:31:00" 327 12 21 0 -55
"2003-11-23 10:32:00" 327 11 22 0 -55
"2003-11-23 10:33:00" 327 11 22 0 -54
"2003-11-23 10:34:00" 327 11 22 0 -54
"2003-11-23 10:35:00" 327 9 22 0 -54
"2003-11-23 10:36:00" 327 9 22 0 -54
"2003-11-23 10:37:00" 327 9 22 0 -53
"2003-11-23 10:38:00" 327 9 21 -1 -53
"2003-11-23 10:39:00" 327 8 20 -1 -53
"2003-11-23 10:40:00" 327 8 19 -1 -53
"2003-11-23 10:41:00" 327 7 19 -1 -53
"2003-11-23 10:42:00" 327 7 20 -1 -53
"2003-11-23 10:43:00" 327 7 19 0 -52
"2003-11-23 10:44:00" 327 8 19 0 -52
"2003-11-23 10:45:00" 327 9 19 0 -53
"2003-11-23 10:46:00" 327 9 19 0 -52
"2003-11-23 10:47:00" 327 10 21 0 -51
"2003-11-23 10:48:00" 327 10 21 0 -51
"2003-11-23 10:49:00" 327 11 21 0 -50
"2003-11-23 10:50:00" 327 11 21 -1 -50
"2003-11-23 10:51:00" 327 13 20 -1 -50
"2003-11-23 10:52:00" 327 11 19 -1 -50
"2003-11-23 10:53:00" 327 11 19 -1 -50
"2003-11-23 10:54:00" 327 9 19 -1 -50
"2003-11-23 10:55:00" 327 10 20 -1 -49
"2003-11-23 10:56:00" 327 10 20 -1 -49
"2003-11-23 10:57:00" 327 11 19 -1 -49
"2003-11-23 10:58:00" 327 11 18 -1 -49
"2003-11-23 10:59:00" 327 11 19 -1 -49
"2003-11-23 11:00:00" 327 11 18 -1 -49
"2003-11-23 11:01:00" 327 11 19 -1 -49
"2003-11-23 11:02:00" 327 11 20 -1 -49
"2003-11-23 11:03:00" 327 11 19 -1 -49
"2003-11-23 11:04:00" 327 12 19 -1 -49
"2003-11-23 11:05:00" 327 11 18 -1 -50
"2003-11-23 11:06:00" 327 11 19 -1 -50
"2003-11-23 11:07:00" 327 12 20 -1 -49
"2003-11-23 11:08:00" 327 12 22 -1 -49
"2003-11-23 11:09:00" 327 13 23 -1 -48
"2003-11-23 11:10:00" 327 14 24 -2 -48
"2003-11-23 11:11:00" 327 14 22 -2 -47
"2003-11-23 11:12:00" 327 15 21 -2 -47
"2003-11-23 11:13:00" 327 15 19 -2 -47
"2003-11-23 11:14:00" 327 13 17 -2 -47
"2003-11-23 11:15:00" 327 12 17 -2 -47
"2003-11-23 11:16:00" 327 10 17 -2 -47
"2003-11-23 11:17:00" 327 10 20 -2 -46
"2003-11-23 11:18:00" 327 11 21 -2 -46
"2003-11-23 11:19:00" 327 12 19 -2 -46
"2003-11-23 11:20:00" 327 11 18 -2 -46
"2003-11-23 11:21:00" 327 11 19 -1 -46
"2003-11-23 11:22:00" 327 10 19 -1 -46
"2003-11-23 11:23:00" 327 10 20 -1 -46
"2003-11-23 11:24:00" 327 10 20 -1 -46
"2003-11-23 11:25:00" 327 10 20 -1 -46
"2003-11-23 11:26:00" 327 10 20 -1 -46
"2003-11-23 11:27:00" 327 11 20 -2 -46
"2003-11-23 11:28:00" 327 11 20 -2 -46
"2003-11-23 11:29:00" 327 11 22 -2 -46
"2003-11-23 11:30:00" 327 11 22 -2 -46
"2003-11-23 11:31:00" 327 11 22 -2 -46
"2003-11-23 11:32:00" 327 12 21 -2 -46
"2003-11-23 11:33:00" 327 11 20 -2 -47
"2003-11-23 11:34:00" 327 11 20 -2 -46
"2003-11-23 11:35:00" 327 11 21 -2 -46
"2003-11-23 11:36:00" 327 12 20 -2 -47
"2003-11-23 11:37:00" 327 11 19 -2 -47
"2003-11-23 11:38:00" 327 11 19 -2 -47
"2003-11-23 11:39:00" 327 12 19 -2 -47
"2003-11-23 11:40:00" 327 12 20 -2 -46
"2003-11-23 11:41:00" 327 13 18 -2 -46
"2003-11-23 11:42:00" 327 13 17 -2 -46
"2003-11-23 11:43:00" 327 12 18 -2 -46
"2003-11-23 11:44:00" 327 11 18 -2 -46
"2003-11-23 11:45:00" 327 11 19 -2 -45
"2003-11-23 11:46:00" 327 11 19 -2 -45
"2003-11-23 11:47:00" 327 11 19 -2 -45
"2003-11-23 11:48:00" 327 12 19 -2 -45
"2003-11-23 11:49:00" 327 11 19 -2 -45
"2003-11-23 11:50:00" 327 11 19 -2 -45
"2003-11-23 11:51:00" 327 11 18 -2 -45
"2003-11-23 11:52:00" 327 10 18 -2 -45
"2003-11-23 11:53:00" 327 10 18 -2 -46
"2003-11-23 11:54:00" 327 10 19 -2 -45
"2003-11-23 11:55:00" 327 10 18 -2 -46
"2003-11-23 11:56:00" 327 9 17 -2 -46
"2003-11-23 11:57:00" 327 8 17 -2 -46
"2003-11-23 11:58:00" 327 9 18 -2 -46
"2003-11-23 11:59:00" 327 10 17 -2 -46
"2003-11-23 12:00:00" 327 10 19 -2 -46
"2003-11-23 12:01:00" 327 10 17 -2 -45
"2003-11-23 12:02:00" 327 10 17 -2 -46
"2003-11-23 12:03:00" 327 10 17 -2 -45
"2003-11-23 12:04:00" 327 10 17 -2 -46
"2003-11-23 12:05:00" 327 10 17 -2 -47
"2003-11-23 12:06:00" 327 10 17 -2 -46
"2003-11-23 12:07:00" 327 10 18 -2 -47
"2003-11-23 12:08:00" 327 11 18 -2 -46
"2003-11-23 12:09:00" 327 10 18 -2 -46
"2003-11-23 12:10:00" 327 10 18 -2 -46
"2003-11-23 12:11:00" 327 11 20 -2 -46
"2003-11-23 12:12:00" 327 11 20 -2 -46
"2003-11-23 12:13:00" 327 12 20 -2 -46
"2003-11-23 12:14:00" 327 12 19 -3 -46
"2003-11-23 12:15:00" 327 12 18 -3 -46
"2003-11-23 12:16:00" 327 13 16 -3 -45
"2003-11-23 12:17:00" 327 13 17 -3 -44
"2003-11-23 12:18:00" 327 14 17 -3 -44
"2003-11-23 12:19:00" 327 13 18 -3 -43
"2003-11-23 12:20:00" 327 11 17 -2 -43
"2003-11-23 12:21:00" 327 10 17 -2 -43
"2003-11-23 12:22:00" 327 10 18 -2 -43
"2003-11-23 12:23:00" 327 10 18 -2 -43
"2003-11-23 12:24:00" 327 10 19 -2 -42
"2003-11-23 12:25:00" 327 10 18 -2 -42
"2003-11-23 12:26:00" 327 11 18 -2 -43
"2003-11-23 12:27:00" 327 10 18 -2 -44
"2003-11-23 12:28:00" 327 9 18 -2 -44
"2003-11-23 12:29:00" 327 9 18 -2 -44
"2003-11-23 12:30:00" 327 9 19 -2 -44
"2003-11-23 12:31:00" 327 10 19 -2 -43
"2003-11-23 12:32:00" 327 10 18 -2 -43
"2003-11-23 12:33:00" 327 11 18 -2 -42
"2003-11-23 12:34:00" 327 10 18 -2 -42
"2003-11-23 12:35:00" 327 9 18 -2 -41
"2003-11-23 12:36:00" 327 8 19 -2 -41
"2003-11-23 12:37:00" 327 7 19 -2 -41
"2003-11-23 12:38:00" 327 6 19 -1 -41
"2003-11-23 12:39:00" 327 5 18 0 -41
"2003-11-23 12:40:00" 327 5 19 0 -40
"2003-11-23 12:41:00" 327 4 18 1 -40
"2003-11-23 12:42:00" 327 4 17 1 -40
"2003-11-23 12:43:00" 327 5 17 1 -40
"2003-11-23 12:44:00" 327 6 16 1 -40
"2003-11-23 12:45:00" 327 7 17 1 -40
"2003-11-23 12:46:00" 327 7 17 1 -40
"2003-11-23 12:47:00" 327 8 17 1 -41
"2003-11-23 12:48:00" 327 9 15 1 -42
"2003-11-23 12:49:00" 327 10 14 1 -42
"2003-11-23 12:50:00" 327 11 14 1 -43
"2003-11-23 12:51:00" 327 12 14 1 -43
"2003-11-23 12:52:00" 327 12 14 1 -43
"2003-11-23 12:53:00" 327 12 13 1 -44
"2003-11-23 12:54:00" 327 13 14 1 -44
"2003-11-23 12:55:00" 327 13 15 1 -44
"2003-11-23 12:56:00" 327 13 14 1 -45
"2003-11-23 12:57:00" 327 14 14 0 -46
"2003-11-23 12:58:00" 327 13 15 0 -46
"2003-11-23 12:59:00" 327 12 15 0 -46
"2003-11-23 13:00:00" 327 12 12 0 -46
"2003-11-23 13:01:00" 327 12 12 0 -47
"2003-11-23 13:02:00" 327 12 13 0 -47
"2003-11-23 13:03:00" 327 12 15 0 -47
"2003-11-23 13:04:00" 327 12 16 -1 -48
"2003-11-23 13:05:00" 327 13 14 -1 -48
"2003-11-23 13:06:00" 327 14 14 -1 -48
"2003-11-23 13:07:00" 327 13 14 -1 -49
"2003-11-23 13:08:00" 327 13 14 -1 -49
"2003-11-23 13:09:00" 327 13 14 -1 -49
"2003-11-23 13:10:00" 327 15 15 -2 -49
"2003-11-23 13:11:00" 327 15 13 -2 -50
"2003-11-23 13:12:00" 327 15 15 -1 -50
"2003-11-23 13:13:00" 327 15 16 -2 -50
"2003-11-23 13:14:00" 327 16 15 -1 -50
"2003-11-23 13:15:00" 327 15 13 -2 -50
"2003-11-23 13:16:00" 327 13 14 -1 -50
"2003-11-23 13:17:00" 327 13 14 -1 -50
"2003-11-23 13:18:00" 327 13 15 -1 -50
"2003-11-23 13:19:00" 327 12 15 -1 -50
"2003-11-23 13:20:00" 327 13 16 -1 -51
"2003-11-23 13:21:00" 327 14 15 -1 -51
"2003-11-23 13:22:00" 327 14 14 -2 -51
"2003-11-23 13:23:00" 327 15 16 -2 -51
"2003-11-23 13:24:00" 327 14 15 -2 -51
"2003-11-23 13:25:00" 327 14 15 -2 -51
"2003-11-23 13:26:00" 327 15 16 -3 -51
"2003-11-23 13:27:00" 327 15 16 -3 -51
"2003-11-23 13:28:00" 327 15 16 -3 -51
"2003-11-23 13:29:00" 327 15 16 -3 -51
"2003-11-23 13:30:00" 327 16 16 -3 -51
"2003-11-23 13:31:00" 327 17 15 -2 -51
"2003-11-23 13:32:00" 327 17 14 -2 -50
"2003-11-23 13:33:00" 327 18 13 -2 -49
"2003-11-23 13:34:00" 327 16 14 -1 -49
"2003-11-23 13:35:00" 327 19 16 -1 -49
"2003-11-23 13:36:00" 327 20 19 -1 -49
"2003-11-23 13:37:00" 327 20 23 0 -49
"2003-11-23 13:38:00" 327 22 26 0 -48
"2003-11-23 13:39:00" 327 23 29 1 -48
"2003-11-23 13:40:00" 327 24 32 1 -48
"2003-11-23 13:41:00" 327 26 36 1 -48
"2003-11-23 13:42:00" 327 27 38 1 -48
"2003-11-23 13:43:00" 327 28 39 1 -48
"2003-11-23 13:44:00" 327 29 40 1 -48
"2003-11-23 13:45:00" 327 30 41 1 -48
"2003-11-23 13:46:00" 327 31 42 1 -47
"2003-11-23 13:47:00" 327 32 42 1 -47
"2003-11-23 13:48:00" 327 32 43 1 -47
"2003-11-23 13:49:00" 327 31 41 1 -47
"2003-11-23 13:50:00" 327 30 41 1 -47
"2003-11-23 13:51:00" 327 29 40 1 -47
"2003-11-23 13:52:00" 327 31 40 0 -47
"2003-11-23 13:53:00" 327 32 40 0 -47
"2003-11-23 13:54:00" 327 33 42 0 -47
"2003-11-23 13:55:00" 327 35 43 0 -47
"2003-11-23 13:56:00" 327 35 44 0 -47
"2003-11-23 13:57:00" 327 38 44 1 -47
"2003-11-23 13:58:00" 327 41 47 0 -47
"2003-11-23 13:59:00" 327 43 47 0 -46
"2003-11-23 14:00:00" 327 45 48 -1 -46
"2003-11-23 14:01:00" 327 45 48 0 -46
"2003-11-23 14:02:00" 327 45 49 0 -45
"2003-11-23 14:03:00" 327 45 49 0 -45
"2003-11-23 14:04:00" 327 45 49 -1 -45
"2003-11-23 14:05:00" 327 46 49 -1 -45
"2003-11-23 14:06:00" 327 45 48 0 -44
"2003-11-23 14:07:00" 327 44 47 0 -44
"2003-11-23 14:08:00" 327 42 46 0 -43
"2003-11-23 14:09:00" 327 40 46 0 -43
"2003-11-23 14:10:00" 327 40 46 0 -43
"2003-11-23 14:11:00" 327 40 44 0 -43
"2003-11-23 14:12:00" 327 40 45 0 -42
"2003-11-23 14:13:00" 327 41 45 -1 -42
"2003-11-23 14:14:00" 327 42 45 -1 -42
"2003-11-23 14:15:00" 327 41 43 -1 -42
"2003-11-23 14:16:00" 327 41 43 -1 -41
"2003-11-23 14:17:00" 327 40 43 -1 -41
"2003-11-23 14:18:00" 327 39 41 -1 -41
"2003-11-23 14:19:00" 327 37 40 -1 -41
"2003-11-23 14:20:00" 327 36 40 -1 -41
"2003-11-23 14:21:00" 327 35 39 -1 -40
"2003-11-23 14:22:00" 327 35 38 -1 -40
"2003-11-23 14:23:00" 327 34 37 -1 -40
"2003-11-23 14:24:00" 327 32 35 -2 -40
"2003-11-23 14:25:00" 327 30 35 -1 -40
"2003-11-23 14:26:00" 327 29 34 -2 -40
"2003-11-23 14:27:00" 327 27 32 -2 -39
"2003-11-23 14:28:00" 327 25 30 -2 -39
"2003-11-23 14:29:00" 327 23 30 -2 -39
"2003-11-23 14:30:00" 327 22 30 -2 -38
"2003-11-23 14:31:00" 327 21 29 -2 -38
"2003-11-23 14:32:00" 327 21 28 -1 -38
"2003-11-23 14:33:00" 327 20 27 -1 -38
"2003-11-23 14:34:00" 327 23 26 -1 -38
"2003-11-23 14:35:00" 327 23 25 -2 -38
"2003-11-23 14:36:00" 327 23 25 -1 -38
"2003-11-23 14:37:00" 327 23 25 -1 -37
"2003-11-23 14:38:00" 327 22 25 -1 -36
"2003-11-23 14:39:00" 327 20 25 -1 -36
"2003-11-23 14:40:00" 327 19 26 -1 -36
"2003-11-23 14:41:00" 327 18 24 -2 -36
"2003-11-23 14:42:00" 327 17 23 -2 -36
"2003-11-23 14:43:00" 327 17 24 -2 -36
"2003-11-23 14:44:00" 327 15 23 -2 -36
"2003-11-23 14:45:00" 327 14 24 -2 -36
"2003-11-23 14:46:00" 327 13 24 -2 -35
"2003-11-23 14:47:00" 327 14 24 -2 -35
"2003-11-23 14:48:00" 327 15 24 -2 -36
"2003-11-23 14:49:00" 327 14 24 -2 -36
"2003-11-23 14:50:00" 327 16 23 -2 -36
"2003-11-23 14:51:00" 327 16 22 -2 -36
"2003-11-23 14:52:00" 327 16 20 -2 -36
"2003-11-23 14:53:00" 327 14 20 -2 -36
"2003-11-23 14:54:00" 327 14 19 -1 -35
"2003-11-23 14:55:00" 327 14 19 -1 -35
"2003-11-23 14:56:00" 327 14 20 -1 -35
"2003-11-23 14:57:00" 327 14 20 -1 -36
"2003-11-23 14:58:00" 327 14 20 -2 -36
"2003-11-23 14:59:00" 327 14 22 -2 -36
"2003-11-23 15:00:00" 327 14 21 -2 -37
"2003-11-23 15:01:00" 327 14 20 -3 -37
"2003-11-23 15:02:00" 327 13 20 -3 -37
"2003-11-23 15:03:00" 327 14 22 -3 -37
"2003-11-23 15:04:00" 327 14 22 -3 -37
"2003-11-23 15:05:00" 327 15 21 -3 -37
"2003-11-23 15:06:00" 327 17 21 -3 -37
"2003-11-23 15:07:00" 327 17 21 -3 -37
"2003-11-23 15:08:00" 327 18 21 -3 -37
"2003-11-23 15:09:00" 327 18 22 -3 -36
"2003-11-23 15:10:00" 327 18 23 -2 -36
"2003-11-23 15:11:00" 327 19 23 -2 -35
"2003-11-23 15:12:00" 327 19 22 -2 -35
"2003-11-23 15:13:00" 327 18 23 -2 -35
"2003-11-23 15:14:00" 327 18 25 -1 -35
"2003-11-23 15:15:00" 327 20 27 -1 -35
"2003-11-23 15:16:00" 327 20 26 -1 -35
"2003-11-23 15:17:00" 327 19 27 -1 -36
"2003-11-23 15:18:00" 327 20 29 0 -35
"2003-11-23 15:19:00" 327 21 30 0 -35
"2003-11-23 15:20:00" 327 22 26 0 -35
"2003-11-23 15:21:00" 327 22 22 -1 -36
"2003-11-23 15:22:00" 327 23 20 -1 -36
"2003-11-23 15:23:00" 327 24 23 -1 -35
"2003-11-23 15:24:00" 327 24 28 0 -35
"2003-11-23 15:25:00" 327 24 30 0 -35
"2003-11-23 15:26:00" 327 24 30 0 -35
"2003-11-23 15:27:00" 327 23 28 0 -36
"2003-11-23 15:28:00" 327 23 27 -1 -37
"2003-11-23 15:29:00" 327 23 26 -1 -37
"2003-11-23 15:30:00" 327 23 27 -1 -37
"2003-11-23 15:31:00" 327 23 27 -1 -37
"2003-11-23 15:32:00" 327 23 28 -1 -37
"2003-11-23 15:33:00" 327 22 30 -1 -37
"2003-11-23 15:34:00" 327 23 32 -1 -37
"2003-11-23 15:35:00" 327 23 32 -1 -37
"2003-11-23 15:36:00" 327 21 33 -1 -37
"2003-11-23 15:37:00" 327 21 33 -1 -37
"2003-11-23 15:38:00" 327 20 33 -1 -37
"2003-11-23 15:39:00" 327 19 32 -1 -36
"2003-11-23 15:40:00" 327 19 34 -1 -36
"2003-11-23 15:41:00" 327 19 33 -1 -36
"2003-11-23 15:42:00" 327 18 30 -2 -36
"2003-11-23 15:43:00" 327 18 30 -1 -35
"2003-11-23 15:44:00" 327 17 29 -2 -36
"2003-11-23 15:45:00" 327 17 30 -2 -35
"2003-11-23 15:46:00" 327 16 31 -2 -35
"2003-11-23 15:47:00" 327 16 33 -2 -35
"2003-11-23 15:48:00" 327 16 33 -2 -35
"2003-11-23 15:49:00" 327 16 34 -2 -35
"2003-11-23 15:50:00" 327 16 34 -2 -35
"2003-11-23 15:51:00" 327 14 33 -2 -35
"2003-11-23 15:52:00" 327 14 33 -2 -34
"2003-11-23 15:53:00" 327 14 34 -2 -34
"2003-11-23 15:54:00" 327 13 34 -2 -34
"2003-11-23 15:55:00" 327 13 36 -2 -34
"2003-11-23 15:56:00" 327 12 35 -2 -34
"2003-11-23 15:57:00" 327 12 34 -2 -34
"2003-11-23 15:58:00" 327 12 34 -2 -34
"2003-11-23 15:59:00" 327 11 35 -2 -33
"2003-11-23 16:00:00" 327 12 36 -2 -33
"2003-11-23 16:01:00" 327 11 38 -2 -33
"2003-11-23 16:02:00" 327 13 39 -2 -33
"2003-11-23 16:03:00" 327 13 38 -2 -34
"2003-11-23 16:04:00" 327 14 37 -2 -35
"2003-11-23 16:05:00" 327 15 36 -3 -35
"2003-11-23 16:06:00" 327 16 34 -3 -35
"2003-11-23 16:07:00" 327 14 35 -2 -35
"2003-11-23 16:08:00" 327 13 38 -2 -34
"2003-11-23 16:09:00" 327 14 36 -2 -33
"2003-11-23 16:10:00" 327 13 36 -2 -33
"2003-11-23 16:11:00" 327 13 36 -2 -33
"2003-11-23 16:12:00" 327 14 36 -2 -33
"2003-11-23 16:13:00" 327 15 32 -2 -33
"2003-11-23 16:14:00" 327 14 33 -2 -33
"2003-11-23 16:15:00" 327 14 33 -2 -32
"2003-11-23 16:16:00" 327 13 34 -2 -32
"2003-11-23 16:17:00" 327 12 36 -2 -31
"2003-11-23 16:18:00" 327 11 37 -2 -31
"2003-11-23 16:19:00" 327 9 38 -2 -31
"2003-11-23 16:20:00" 327 8 38 -2 -31
"2003-11-23 16:21:00" 327 8 38 -2 -31
"2003-11-23 16:22:00" 327 9 37 -2 -30
"2003-11-23 16:23:00" 327 10 37 -2 -31
"2003-11-23 16:24:00" 327 9 37 -2 -30
"2003-11-23 16:25:00" 327 9 38 -2 -31
"2003-11-23 16:26:00" 327 9 38 -2 -31
"2003-11-23 16:27:00" 327 9 38 -2 -31
"2003-11-23 16:28:00" 327 9 39 -2 -31
"2003-11-23 16:29:00" 327 10 39 -2 -31
"2003-11-23 16:30:00" 327 10 40 -2 -31
"2003-11-23 16:31:00" 327 10 40 -2 -31
"2003-11-23 16:32:00" 327 9 39 -3 -30
"2003-11-23 16:33:00" 327 9 39 -2 -31
"2003-11-23 16:34:00" 327 9 39 -2 -30
"2003-11-23 16:35:00" 327 8 40 -2 -30
"2003-11-23 16:36:00" 327 8 40 -3 -30
"2003-11-23 16:37:00" 327 8 39 -3 -31
"2003-11-23 16:38:00" 327 8 39 -2 -31
"2003-11-23 16:39:00" 327 8 39 -3 -31
"2003-11-23 16:40:00" 327 7 39 -3 -31
"2003-11-23 16:41:00" 327 7 39 -3 -31
"2003-11-23 16:42:00" 327 7 39 -3 -31
"2003-11-23 16:43:00" 327 8 39 -2 -31
"2003-11-23 16:44:00" 327 7 40 -2 -31
"2003-11-23 16:45:00" 327 7 40 -2 -31
"2003-11-23 16:46:00" 327 7 39 -2 -31
"2003-11-23 16:47:00" 327 8 39 -3 -31
"2003-11-23 16:48:00" 327 8 38 -3 -31
"2003-11-23 16:49:00" 327 9 37 -3 -31
"2003-11-23 16:50:00" 327 10 36 -2 -31
"2003-11-23 16:51:00" 327 10 36 -3 -31
"2003-11-23 16:52:00" 327 9 37 -2 -30
"2003-11-23 16:53:00" 327 8 37 -2 -30
"2003-11-23 16:54:00" 327 8 37 -2 -30
"2003-11-23 16:55:00" 327 8 37 -2 -30
"2003-11-23 16:56:00" 327 9 36 -2 -30
"2003-11-23 16:57:00" 327 9 37 -2 -29
"2003-11-23 16:58:00" 327 8 36 -2 -29
"2003-11-23 16:59:00" 327 8 37 -2 -28
"2003-11-23 17:00:00" 327 7 38 -2 -28
"2003-11-23 17:01:00" 327 6 38 -2 -28
"2003-11-23 17:02:00" 327 6 38 -2 -28
"2003-11-23 17:03:00" 327 5 39 -2 -28
"2003-11-23 17:04:00" 327 6 38 -2 -29
"2003-11-23 17:05:00" 327 8 37 -2 -29
"2003-11-23 17:06:00" 327 8 37 -2 -29
"2003-11-23 17:07:00" 327 8 37 -2 -29
"2003-11-23 17:08:00" 327 7 37 -2 -29
"2003-11-23 17:09:00" 327 6 36 -2 -29
"2003-11-23 17:10:00" 327 6 36 -2 -29
"2003-11-23 17:11:00" 327 6 35 -2 -29
"2003-11-23 17:12:00" 327 5 34 -2 -29
"2003-11-23 17:13:00" 327 6 34 -2 -29
"2003-11-23 17:14:00" 327 6 34 -2 -29
"2003-11-23 17:15:00" 327 5 34 -2 -29
"2003-11-23 17:16:00" 327 6 35 -2 -28
"2003-11-23 17:17:00" 327 6 34 -1 -28
"2003-11-23 17:18:00" 327 5 33 -1 -28
"2003-11-23 17:19:00" 327 5 32 -1 -28
"2003-11-23 17:20:00" 327 6 32 -1 -28
"2003-11-23 17:21:00" 327 5 31 -1 -27
"2003-11-23 17:22:00" 327 5 32 -1 -27
"2003-11-23 17:23:00" 327 5 34 -1 -26
"2003-11-23 17:24:00" 327 5 34 -1 -26
"2003-11-23 17:25:00" 327 6 34 -1 -26
"2003-11-23 17:26:00" 327 7 35 -1 -27
"2003-11-23 17:27:00" 327 8 34 -1 -26
"2003-11-23 17:28:00" 327 8 34 -1 -27
"2003-11-23 17:29:00" 327 8 34 -1 -26
"2003-11-23 17:30:00" 327 9 33 0 -26
"2003-11-23 17:31:00" 327 10 33 0 -26
"2003-11-23 17:32:00" 327 9 33 1 -26
"2003-11-23 17:33:00" 327 10 33 0 -26
"2003-11-23 17:34:00" 327 10 34 0 -27
"2003-11-23 17:35:00" 327 11 34 0 -28
"2003-11-23 17:36:00" 327 11 33 0 -27
"2003-11-23 17:37:00" 327 10 33 0 -27
"2003-11-23 17:38:00" 327 12 32 0 -27
"2003-11-23 17:39:00" 327 10 31 0 -27
"2003-11-23 17:40:00" 327 10 31 1 -28
"2003-11-23 17:41:00" 327 10 30 1 -28
"2003-11-23 17:42:00" 327 11 28 0 -28
"2003-11-23 17:43:00" 327 11 28 1 -29
"2003-11-23 17:44:00" 327 11 29 1 -29
"2003-11-23 17:45:00" 327 11 29 1 -30
"2003-11-23 17:46:00" 327 10 29 1 -30
"2003-11-23 17:47:00" 327 11 29 1 -30
"2003-11-23 17:48:00" 327 11 29 1 -30
"2003-11-23 17:49:00" 327 10 30 1 -30
"2003-11-23 17:50:00" 327 10 30 1 -30
"2003-11-23 17:51:00" 327 10 30 1 -30
"2003-11-23 17:52:00" 327 10 30 1 -30
"2003-11-23 17:53:00" 327 10 30 1 -30
"2003-11-23 17:54:00" 327 11 30 1 -30
"2003-11-23 17:55:00" 327 9 30 1 -30
"2003-11-23 17:56:00" 327 10 30 1 -31
"2003-11-23 17:57:00" 327 10 30 1 -30
"2003-11-23 17:58:00" 327 10 29 1 -31
"2003-11-23 17:59:00" 327 10 29 1 -31
"2003-11-23 18:00:00" 327 10 30 1 -31
"2003-11-23 18:01:00" 327 10 30 1 -31
"2003-11-23 18:02:00" 327 10 30 1 -31
"2003-11-23 18:03:00" 327 11 31 1 -31
"2003-11-23 18:04:00" 327 13 31 1 -31
"2003-11-23 18:05:00" 327 12 31 1 -31
"2003-11-23 18:06:00" 327 14 31 1 -32
"2003-11-23 18:07:00" 327 13 32 1 -32
"2003-11-23 18:08:00" 327 12 34 2 -31
"2003-11-23 18:09:00" 327 11 37 2 -31
"2003-11-23 18:10:00" 327 11 34 1 -31
"2003-11-23 18:11:00" 327 11 30 1 -32
"2003-11-23 18:12:00" 327 11 26 1 -32
"2003-11-23 18:13:00" 327 11 25 1 -32
"2003-11-23 18:14:00" 327 12 28 1 -31
"2003-11-23 18:15:00" 327 11 27 1 -31
"2003-11-23 18:16:00" 327 11 26 1 -31
"2003-11-23 18:17:00" 327 11 24 1 -31
"2003-11-23 18:18:00" 327 10 22 0 -33
"2003-11-23 18:19:00" 327 10 22 1 -33
"2003-11-23 18:20:00" 327 10 24 1 -32
"2003-11-23 18:21:00" 327 10 26 1 -32
"2003-11-23 18:22:00" 327 11 26 1 -31
"2003-11-23 18:23:00" 327 11 26 1 -30
"2003-11-23 18:24:00" 327 10 24 1 -31
"2003-11-23 18:25:00" 327 11 25 1 -30
"2003-11-23 18:26:00" 327 11 25 1 -29
"2003-11-23 18:27:00" 327 12 27 1 -29
"2003-11-23 18:28:00" 327 12 28 1 -29
"2003-11-23 18:29:00" 327 13 29 2 -28
"2003-11-23 18:30:00" 327 12 28 1 -29
"2003-11-23 18:31:00" 327 12 28 1 -29
"2003-11-23 18:32:00" 327 13 29 1 -28
"2003-11-23 18:33:00" 327 14 30 2 -28
"2003-11-23 18:34:00" 327 15 29 1 -28
"2003-11-23 18:35:00" 327 16 30 2 -28
"2003-11-23 18:36:00" 327 15 30 1 -28
"2003-11-23 18:37:00" 327 15 28 1 -28
"2003-11-23 18:38:00" 327 16 27 1 -29
"2003-11-23 18:39:00" 327 17 28 1 -29
"2003-11-23 18:40:00" 327 16 29 2 -30
"2003-11-23 18:41:00" 327 16 31 1 -30
"2003-11-23 18:42:00" 327 17 31 1 -30
"2003-11-23 18:43:00" 327 17 29 1 -31
"2003-11-23 18:44:00" 327 17 28 1 -31
"2003-11-23 18:45:00" 327 15 23 1 -32
"2003-11-23 18:46:00" 327 14 21 2 -32
"2003-11-23 18:47:00" 327 14 22 2 -32
"2003-11-23 18:48:00" 327 13 23 2 -31
"2003-11-23 18:49:00" 327 15 25 2 -31
"2003-11-23 18:50:00" 327 15 25 1 -31
"2003-11-23 18:51:00" 327 16 27 2 -32
"2003-11-23 18:52:00" 327 16 26 2 -33
"2003-11-23 18:53:00" 327 16 25 2 -33
"2003-11-23 18:54:00" 327 15 24 2 -34
"2003-11-23 18:55:00" 327 15 23 2 -35
"2003-11-23 18:56:00" 327 15 24 2 -35
"2003-11-23 18:57:00" 327 14 23 2 -36
"2003-11-23 18:58:00" 327 14 22 2 -36
"2003-11-23 18:59:00" 327 13 22 2 -36
"2003-11-23 19:00:00" 327 12 21 2 -37
"2003-11-23 19:01:00" 327 11 21 1 -37
"2003-11-23 19:02:00" 327 10 20 1 -37
"2003-11-23 19:03:00" 327 10 21 1 -37
"2003-11-23 19:04:00" 327 11 20 1 -37
"2003-11-23 19:05:00" 327 11 20 1 -37
"2003-11-23 19:06:00" 327 11 20 1 -37
"2003-11-23 19:07:00" 327 11 17 1 -37
"2003-11-23 19:08:00" 327 12 18 1 -37
"2003-11-23 19:09:00" 327 12 19 1 -37
"2003-11-23 19:10:00" 327 12 18 1 -37
"2003-11-23 19:11:00" 327 11 18 0 -36
"2003-11-23 19:12:00" 327 11 18 0 -36
"2003-11-23 19:13:00" 327 11 18 0 -36
"2003-11-23 19:14:00" 327 10 19 0 -35
"2003-11-23 19:15:00" 327 10 19 0 -34
"2003-11-23 19:16:00" 327 10 20 0 -34
"2003-11-23 19:17:00" 327 10 21 0 -35
"2003-11-23 19:18:00" 327 10 19 0 -36
"2003-11-23 19:19:00" 327 9 19 0 -36
"2003-11-23 19:20:00" 327 10 19 0 -36
"2003-11-23 19:21:00" 327 9 18 0 -36
"2003-11-23 19:22:00" 327 10 18 0 -37
"2003-11-23 19:23:00" 327 11 17 0 -37
"2003-11-23 19:24:00" 327 11 17 0 -37
"2003-11-23 19:25:00" 327 10 18 1 -37
"2003-11-23 19:26:00" 327 9 19 1 -37
"2003-11-23 19:27:00" 327 9 19 1 -37
"2003-11-23 19:28:00" 327 9 18 1 -37
"2003-11-23 19:29:00" 327 10 17 1 -36
"2003-11-23 19:30:00" 327 10 19 1 -36
"2003-11-23 19:31:00" 327 9 18 1 -36
"2003-11-23 19:32:00" 327 10 18 1 -35
"2003-11-23 19:33:00" 327 11 19 0 -35
"2003-11-23 19:34:00" 327 11 19 0 -35
"2003-11-23 19:35:00" 327 12 19 1 -35
"2003-11-23 19:36:00" 327 12 20 0 -34
"2003-11-23 19:37:00" 327 14 21 0 -34
"2003-11-23 19:38:00" 327 14 21 0 -34
"2003-11-23 19:39:00" 327 15 21 0 -34
"2003-11-23 19:40:00" 327 15 20 0 -34
"2003-11-23 19:41:00" 327 17 20 0 -34
"2003-11-23 19:42:00" 327 17 20 0 -35
"2003-11-23 19:43:00" 327 17 20 0 -36
"2003-11-23 19:44:00" 327 15 20 1 -37
"2003-11-23 19:45:00" 327 16 22 1 -37
"2003-11-23 19:46:00" 327 17 21 1 -36
"2003-11-23 19:47:00" 327 18 21 1 -36
"2003-11-23 19:48:00" 327 18 21 1 -36
"2003-11-23 19:49:00" 327 18 21 1 -37
"2003-11-23 19:50:00" 327 16 21 1 -37
"2003-11-23 19:51:00" 327 16 21 1 -38
"2003-11-23 19:52:00" 327 16 22 1 -37
"2003-11-23 19:53:00" 327 17 22 1 -37
"2003-11-23 19:54:00" 327 18 22 1 -37
"2003-11-23 19:55:00" 327 19 23 1 -37
"2003-11-23 19:56:00" 327 18 23 1 -37
"2003-11-23 19:57:00" 327 19 24 1 -38
"2003-11-23 19:58:00" 327 19 23 1 -38
"2003-11-23 19:59:00" 327 20 23 1 -38
"2003-11-23 20:00:00" 327 20 23 1 -39
"2003-11-23 20:01:00" 327 20 24 1 -39
"2003-11-23 20:02:00" 327 20 24 1 -40
"2003-11-23 20:03:00" 327 20 23 1 -40
"2003-11-23 20:04:00" 327 20 25 1 -40
"2003-11-23 20:05:00" 327 20 27 1 -41
"2003-11-23 20:06:00" 327 20 27 1 -40
"2003-11-23 20:07:00" 327 21 27 1 -41
"2003-11-23 20:08:00" 327 20 28 2 -40
"2003-11-23 20:09:00" 327 21 29 2 -40
"2003-11-23 20:10:00" 327 21 29 1 -40
"2003-11-23 20:11:00" 327 22 29 1 -39
"2003-11-23 20:12:00" 327 21 27 0 -40
"2003-11-23 20:13:00" 327 21 27 0 -40
"2003-11-23 20:14:00" 327 21 30 0 -40
"2003-11-23 20:15:00" 327 22 31 0 -40
"2003-11-23 20:16:00" 327 24 32 0 -40
"2003-11-23 20:17:00" 327 24 33 -1 -41
"2003-11-23 20:18:00" 327 24 35 -1 -41
"2003-11-23 20:19:00" 327 25 37 -1 -42
"2003-11-23 20:20:00" 327 27 39 -1 -43
"2003-11-23 20:21:00" 327 27 40 -2 -43
"2003-11-23 20:22:00" 327 29 43 -2 -43
"2003-11-23 20:23:00" 327 29 45 -2 -44
"2003-11-23 20:24:00" 327 29 47 -2 -44
"2003-11-23 20:25:00" 327 28 49 -3 -44
"2003-11-23 20:26:00" 327 27 52 -4 -45
"2003-11-23 20:27:00" 327 27 54 -4 -46
"2003-11-23 20:28:00" 327 27 54 -4 -47
"2003-11-23 20:29:00" 327 26 54 -4 -48
"2003-11-23 20:30:00" 327 26 54 -5 -49
"2003-11-23 20:31:00" 327 27 55 -4 -50
"2003-11-23 20:32:00" 327 27 56 -5 -50
"2003-11-23 20:33:00" 327 27 57 -5 -50
"2003-11-23 20:34:00" 327 27 58 -6 -50
"2003-11-23 20:35:00" 327 27 59 -6 -50
"2003-11-23 20:36:00" 327 28 59 -6 -50
"2003-11-23 20:37:00" 327 28 58 -6 -51
"2003-11-23 20:38:00" 327 29 58 -6 -51
"2003-11-23 20:39:00" 327 29 57 -6 -52
"2003-11-23 20:40:00" 327 29 56 -6 -52
"2003-11-23 20:41:00" 327 29 54 -6 -52
"2003-11-23 20:42:00" 327 28 52 -6 -52
"2003-11-23 20:43:00" 327 28 51 -6 -52
"2003-11-23 20:44:00" 327 27 50 -6 -52
"2003-11-23 20:45:00" 327 28 49 -6 -52
"2003-11-23 20:46:00" 327 28 48 -6 -52
"2003-11-23 20:47:00" 327 28 48 -6 -51
"2003-11-23 20:48:00" 327 28 50 -6 -51
"2003-11-23 20:49:00" 327 28 51 -6 -51
"2003-11-23 20:50:00" 327 28 51 -6 -50
"2003-11-23 20:51:00" 327 27 53 -6 -49
"2003-11-23 20:52:00" 327 26 52 -6 -49
"2003-11-23 20:53:00" 327 25 53 -6 -50
"2003-11-23 20:54:00" 327 25 53 -6 -50
"2003-11-23 20:55:00" 327 24 54 -6 -50
"2003-11-23 20:56:00" 327 23 52 -6 -51
"2003-11-23 20:57:00" 327 22 52 -6 -50
"2003-11-23 20:58:00" 327 21 51 -6 -51
"2003-11-23 20:59:00" 327 20 50 -6 -51
"2003-11-23 21:00:00" 327 20 47 -5 -51
"2003-11-23 21:01:00" 327 18 46 -5 -50
"2003-11-23 21:02:00" 327 17 45 -5 -50
"2003-11-23 21:03:00" 327 16 43 -5 -50
"2003-11-23 21:04:00" 327 16 41 -5 -50
"2003-11-23 21:05:00" 327 15 39 -5 -50
"2003-11-23 21:06:00" 327 13 38 -5 -51
"2003-11-23 21:07:00" 327 12 37 -5 -51
"2003-11-23 21:08:00" 327 12 36 -5 -51
"2003-11-23 21:09:00" 327 11 35 -5 -52
"2003-11-23 21:10:00" 327 13 37 -4 -52
"2003-11-23 21:11:00" 327 13 37 -4 -52
"2003-11-23 21:12:00" 327 13 34 -4 -51
"2003-11-23 21:13:00" 327 12 31 -4 -50
"2003-11-23 21:14:00" 327 12 30 -4 -49
"2003-11-23 21:15:00" 327 13 29 -4 -50
"2003-11-23 21:16:00" 327 11 27 -3 -50
"2003-11-23 21:17:00" 327 11 26 -3 -50
"2003-11-23 21:18:00" 327 11 24 -3 -50
"2003-11-23 21:19:00" 327 12 23 -3 -50
"2003-11-23 21:20:00" 327 13 23 -3 -50
"2003-11-23 21:21:00" 327 14 22 -3 -49
"2003-11-23 21:22:00" 327 14 23 -2 -48
"2003-11-23 21:23:00" 327 14 21 -2 -47
"2003-11-23 21:24:00" 327 13 19 -2 -46
"2003-11-23 21:25:00" 327 12 18 -2 -46
"2003-11-23 21:26:00" 327 12 18 -2 -46
"2003-11-23 21:27:00" 327 12 18 -1 -46
"2003-11-23 21:28:00" 327 13 18 -1 -45
"2003-11-23 21:29:00" 327 13 17 -1 -45
"2003-11-23 21:30:00" 327 12 17 -1 -45
"2003-11-23 21:31:00" 327 12 17 -1 -45
"2003-11-23 21:32:00" 327 13 16 0 -45
"2003-11-23 21:33:00" 327 12 15 0 -44
"2003-11-23 21:34:00" 327 12 16 0 -45
"2003-11-23 21:35:00" 327 12 16 0 -45
"2003-11-23 21:36:00" 327 12 17 0 -45
"2003-11-23 21:37:00" 327 12 16 0 -45
"2003-11-23 21:38:00" 327 13 17 0 -45
"2003-11-23 21:39:00" 327 13 19 0 -45
"2003-11-23 21:40:00" 327 14 18 0 -45
"2003-11-23 21:41:00" 327 16 17 0 -44
"2003-11-23 21:42:00" 327 15 17 0 -44
"2003-11-23 21:43:00" 327 15 18 1 -45
"2003-11-23 21:44:00" 327 16 19 0 -44
"2003-11-23 21:45:00" 327 16 19 0 -44
"2003-11-23 21:46:00" 327 15 19 0 -44
"2003-11-23 21:47:00" 327 15 20 0 -44
"2003-11-23 21:48:00" 327 16 20 0 -43
"2003-11-23 21:49:00" 327 16 20 0 -43
"2003-11-23 21:50:00" 327 16 20 0 -42
"2003-11-23 21:51:00" 327 16 20 0 -41
"2003-11-23 21:52:00" 327 16 21 0 -41
"2003-11-23 21:53:00" 327 16 21 0 -41
"2003-11-23 21:54:00" 327 15 21 0 -41
"2003-11-23 21:55:00" 327 16 21 0 -40
"2003-11-23 21:56:00" 327 16 20 0 -40
"2003-11-23 21:57:00" 327 17 20 0 -40
"2003-11-23 21:58:00" 327 17 20 0 -40
"2003-11-23 21:59:00" 327 18 20 0 -40
"2003-11-23 22:00:00" 327 20 21 0 -40
"2003-11-23 22:01:00" 327 21 20 0 -40
"2003-11-23 22:02:00" 327 22 20 0 -40
"2003-11-23 22:03:00" 327 22 21 0 -40
"2003-11-23 22:04:00" 327 22 20 0 -40
"2003-11-23 22:05:00" 327 22 22 0 -41
"2003-11-23 22:06:00" 327 23 22 0 -41
"2003-11-23 22:07:00" 327 22 21 0 -40
"2003-11-23 22:08:00" 327 22 20 0 -40
"2003-11-23 22:09:00" 327 21 19 -1 -39
"2003-11-23 22:10:00" 327 20 19 -1 -39
"2003-11-23 22:11:00" 327 18 18 -1 -38
"2003-11-23 22:12:00" 327 18 18 -1 -38
"2003-11-23 22:13:00" 327 18 18 -1 -38
"2003-11-23 22:14:00" 327 18 18 -1 -37
"2003-11-23 22:15:00" 327 17 20 -1 -37
"2003-11-23 22:16:00" 327 18 20 -1 -37
"2003-11-23 22:17:00" 327 17 20 -1 -36
"2003-11-23 22:18:00" 327 19 20 -2 -37
"2003-11-23 22:19:00" 327 19 19 -1 -36
"2003-11-23 22:20:00" 327 21 20 -1 -36
"2003-11-23 22:21:00" 327 22 20 -1 -37
"2003-11-23 22:22:00" 327 24 22 -1 -37
"2003-11-23 22:23:00" 327 25 22 -1 -38
"2003-11-23 22:24:00" 327 25 23 -1 -38
"2003-11-23 22:25:00" 327 26 22 -1 -37
"2003-11-23 22:26:00" 327 27 23 -1 -38
"2003-11-23 22:27:00" 327 27 23 -1 -38
"2003-11-23 22:28:00" 327 28 23 -1 -38
"2003-11-23 22:29:00" 327 28 23 -1 -38
"2003-11-23 22:30:00" 327 27 23 -2 -38
"2003-11-23 22:31:00" 327 27 22 -2 -38
"2003-11-23 22:32:00" 327 26 23 -2 -39
"2003-11-23 22:33:00" 327 26 22 -2 -39
"2003-11-23 22:34:00" 327 26 23 -2 -39
"2003-11-23 22:35:00" 327 26 23 -2 -39
"2003-11-23 22:36:00" 327 26 22 -2 -39
"2003-11-23 22:37:00" 327 26 23 -1 -39
"2003-11-23 22:38:00" 327 24 23 -2 -40
"2003-11-23 22:39:00" 327 23 24 -2 -40
"2003-11-23 22:40:00" 327 22 24 -2 -40
"2003-11-23 22:41:00" 327 21 24 -2 -40
"2003-11-23 22:42:00" 327 19 24 -2 -40
"2003-11-23 22:43:00" 327 18 23 -2 -40
"2003-11-23 22:44:00" 327 17 23 -2 -40
"2003-11-23 22:45:00" 327 17 22 -2 -39
"2003-11-23 22:46:00" 327 17 21 -2 -39
"2003-11-23 22:47:00" 327 17 19 -3 -39
"2003-11-23 22:48:00" 327 17 18 -3 -39
"2003-11-23 22:49:00" 327 17 19 -3 -39
"2003-11-23 22:50:00" 327 18 18 -3 -39
"2003-11-23 22:51:00" 327 18 17 -3 -39
"2003-11-23 22:52:00" 327 19 18 -4 -39
"2003-11-23 22:53:00" 327 18 17 -4 -39
"2003-11-23 22:54:00" 327 18 18 -4 -38
"2003-11-23 22:55:00" 327 19 17 -4 -38
"2003-11-23 22:56:00" 327 19 16 -4 -37
"2003-11-23 22:57:00" 327 17 16 -4 -37
"2003-11-23 22:58:00" 327 17 16 -4 -37
"2003-11-23 22:59:00" 327 17 16 -4 -37
"2003-11-23 23:00:00" 327 16 16 -4 -36
"2003-11-23 23:01:00" 327 16 15 -4 -36
"2003-11-23 23:02:00" 327 16 16 -4 -37
"2003-11-23 23:03:00" 327 16 15 -4 -37
"2003-11-23 23:04:00" 327 16 15 -4 -36
"2003-11-23 23:05:00" 327 15 13 -4 -36
"2003-11-23 23:06:00" 327 15 15 -4 -35
"2003-11-23 23:07:00" 327 14 15 -4 -35
"2003-11-23 23:08:00" 327 14 14 -4 -34
"2003-11-23 23:09:00" 327 14 15 -4 -34
"2003-11-23 23:10:00" 327 13 15 -4 -34
"2003-11-23 23:11:00" 327 13 16 -4 -34
"2003-11-23 23:12:00" 327 13 16 -4 -33
"2003-11-23 23:13:00" 327 13 15 -4 -33
"2003-11-23 23:14:00" 327 12 15 -3 -34
"2003-11-23 23:15:00" 327 12 16 -3 -33
"2003-11-23 23:16:00" 327 12 15 -4 -33
"2003-11-23 23:17:00" 327 13 15 -4 -33
"2003-11-23 23:18:00" 327 13 15 -4 -33
"2003-11-23 23:19:00" 327 12 15 -4 -33
"2003-11-23 23:20:00" 327 12 16 -3 -34
"2003-11-23 23:21:00" 327 13 15 -3 -33
"2003-11-23 23:22:00" 327 12 15 -3 -34
"2003-11-23 23:23:00" 327 12 15 -3 -33
"2003-11-23 23:24:00" 327 13 15 -3 -33
"2003-11-23 23:25:00" 327 12 14 -3 -33
"2003-11-23 23:26:00" 327 11 14 -3 -32
"2003-11-23 23:27:00" 327 10 14 -3 -31
"2003-11-23 23:28:00" 327 9 14 -3 -31
"2003-11-23 23:29:00" 327 7 14 -2 -31
"2003-11-23 23:30:00" 327 8 14 -2 -31
"2003-11-23 23:31:00" 327 7 14 -2 -31
"2003-11-23 23:32:00" 327 7 14 -2 -31
"2003-11-23 23:33:00" 327 8 15 -2 -31
"2003-11-23 23:34:00" 327 8 15 -2 -30
"2003-11-23 23:35:00" 327 7 15 -2 -30
"2003-11-23 23:36:00" 327 6 15 -2 -30
"2003-11-23 23:37:00" 327 6 15 -2 -30
"2003-11-23 23:38:00" 327 5 16 -1 -30
"2003-11-23 23:39:00" 327 5 16 -1 -30
"2003-11-23 23:40:00" 327 5 17 -1 -30
"2003-11-23 23:41:00" 327 5 16 -1 -30
"2003-11-23 23:42:00" 327 6 16 -1 -31
"2003-11-23 23:43:00" 327 5 16 -1 -30
"2003-11-23 23:44:00" 327 6 16 -1 -30
"2003-11-23 23:45:00" 327 6 16 -1 -30
"2003-11-23 23:46:00" 327 6 16 -1 -30
"2003-11-23 23:47:00" 327 6 16 -1 -30
"2003-11-23 23:48:00" 327 6 16 -1 -30
"2003-11-23 23:49:00" 327 6 16 -1 -30
"2003-11-23 23:50:00" 327 6 16 -1 -30
"2003-11-23 23:51:00" 327 6 16 -1 -30
"2003-11-23 23:52:00" 327 5 15 -1 -29
"2003-11-23 23:53:00" 327 6 15 -1 -29
"2003-11-23 23:54:00" 327 5 15 -1 -29
"2003-11-23 23:55:00" 327 6 15 -1 -28
"2003-11-23 23:56:00" 327 6 14 -1 -28
"2003-11-23 23:57:00" 327 7 13 -2 -29
"2003-11-23 23:58:00" 327 8 12 -2 -28
"2003-11-23 23:59:00" 327 9 12 -2 -28
